Temperature (K)	Pressure (psia)	Density (lbm/ft3)	Volume (ft3/lbm)	Internal Energy (kJ/mol)	Enthalpy (kJ/mol)	Entropy (J/mol*K)	Cv (J/mol*K)	Cp (J/mol*K)	Sound Spd. (ft/s)	Joule-Thomson (F/psia)	Viscosity (lbm/ft*s)	Therm. Cond. (W/m*K)	Phase
250.00	2400.0	66.228	0.015099	4.5675	5.2540	21.435	40.261	78.019	2752.1	-0.0015275	9.4859e-05	0.14176	liquid
250.07	2400.0	66.215	0.015102	4.5726	5.2592	21.456	40.260	78.028	2750.9	-0.0015237	9.4791e-05	0.14169	liquid
250.13	2400.0	66.201	0.015105	4.5777	5.2644	21.477	40.259	78.038	2749.7	-0.0015199	9.4724e-05	0.14162	liquid
250.20	2400.0	66.188	0.015109	4.5827	5.2696	21.498	40.258	78.047	2748.5	-0.0015161	9.4657e-05	0.14156	liquid
250.27	2400.0	66.174	0.015112	4.5878	5.2749	21.519	40.257	78.056	2747.3	-0.0015122	9.4590e-05	0.14149	liquid
250.33	2400.0	66.160	0.015115	4.5928	5.2801	21.539	40.255	78.065	2746.1	-0.0015084	9.4523e-05	0.14142	liquid
250.40	2400.0	66.147	0.015118	4.5979	5.2853	21.560	40.254	78.075	2744.9	-0.0015046	9.4456e-05	0.14136	liquid
250.47	2400.0	66.133	0.015121	4.6030	5.2905	21.581	40.253	78.084	2743.8	-0.0015007	9.4389e-05	0.14129	liquid
250.53	2400.0	66.120	0.015124	4.6080	5.2957	21.602	40.252	78.093	2742.6	-0.0014969	9.4322e-05	0.14122	liquid
250.60	2400.0	66.106	0.015127	4.6131	5.3009	21.623	40.251	78.103	2741.4	-0.0014931	9.4256e-05	0.14115	liquid
250.67	2400.0	66.092	0.015130	4.6182	5.3061	21.643	40.250	78.112	2740.2	-0.0014892	9.4189e-05	0.14109	liquid
250.73	2400.0	66.079	0.015133	4.6232	5.3113	21.664	40.249	78.121	2739.0	-0.0014853	9.4122e-05	0.14102	liquid
250.80	2400.0	66.065	0.015137	4.6283	5.3165	21.685	40.248	78.131	2737.8	-0.0014815	9.4056e-05	0.14095	liquid
250.87	2400.0	66.052	0.015140	4.6334	5.3217	21.706	40.247	78.140	2736.6	-0.0014776	9.3989e-05	0.14088	liquid
250.93	2400.0	66.038	0.015143	4.6384	5.3269	21.726	40.246	78.149	2735.4	-0.0014737	9.3923e-05	0.14082	liquid
251.00	2400.0	66.024	0.015146	4.6435	5.3321	21.747	40.244	78.159	2734.2	-0.0014699	9.3856e-05	0.14075	liquid
251.07	2400.0	66.011	0.015149	4.6486	5.3373	21.768	40.243	78.168	2733.0	-0.0014660	9.3790e-05	0.14068	liquid
251.13	2400.0	65.997	0.015152	4.6536	5.3426	21.789	40.242	78.178	2731.8	-0.0014621	9.3724e-05	0.14061	liquid
251.20	2400.0	65.983	0.015155	4.6587	5.3478	21.809	40.241	78.187	2730.7	-0.0014582	9.3657e-05	0.14055	liquid
251.27	2400.0	65.970	0.015158	4.6638	5.3530	21.830	40.240	78.196	2729.5	-0.0014543	9.3591e-05	0.14048	liquid
251.33	2400.0	65.956	0.015162	4.6689	5.3582	21.851	40.239	78.206	2728.3	-0.0014504	9.3525e-05	0.14041	liquid
251.40	2400.0	65.942	0.015165	4.6739	5.3634	21.872	40.238	78.215	2727.1	-0.0014465	9.3459e-05	0.14035	liquid
251.47	2400.0	65.929	0.015168	4.6790	5.3686	21.892	40.237	78.225	2725.9	-0.0014425	9.3393e-05	0.14028	liquid
251.53	2400.0	65.915	0.015171	4.6841	5.3738	21.913	40.236	78.234	2724.7	-0.0014386	9.3327e-05	0.14021	liquid
251.60	2400.0	65.901	0.015174	4.6891	5.3791	21.934	40.235	78.244	2723.5	-0.0014347	9.3261e-05	0.14014	liquid
251.67	2400.0	65.888	0.015177	4.6942	5.3843	21.955	40.234	78.253	2722.3	-0.0014307	9.3196e-05	0.14008	liquid
251.73	2400.0	65.874	0.015180	4.6993	5.3895	21.975	40.233	78.263	2721.1	-0.0014268	9.3130e-05	0.14001	liquid
251.80	2400.0	65.860	0.015184	4.7044	5.3947	21.996	40.231	78.272	2719.9	-0.0014229	9.3064e-05	0.13994	liquid
251.87	2400.0	65.847	0.015187	4.7094	5.3999	22.017	40.230	78.282	2718.7	-0.0014189	9.2999e-05	0.13988	liquid
251.93	2400.0	65.833	0.015190	4.7145	5.4051	22.037	40.229	78.292	2717.6	-0.0014149	9.2933e-05	0.13981	liquid
252.00	2400.0	65.819	0.015193	4.7196	5.4104	22.058	40.228	78.301	2716.4	-0.0014110	9.2868e-05	0.13974	liquid
252.07	2400.0	65.806	0.015196	4.7247	5.4156	22.079	40.227	78.311	2715.2	-0.0014070	9.2802e-05	0.13967	liquid
252.13	2400.0	65.792	0.015199	4.7297	5.4208	22.100	40.226	78.320	2714.0	-0.0014030	9.2737e-05	0.13961	liquid
252.20	2400.0	65.778	0.015203	4.7348	5.4260	22.120	40.225	78.330	2712.8	-0.0013991	9.2672e-05	0.13954	liquid
252.27	2400.0	65.764	0.015206	4.7399	5.4312	22.141	40.224	78.340	2711.6	-0.0013951	9.2606e-05	0.13947	liquid
252.33	2400.0	65.751	0.015209	4.7450	5.4365	22.162	40.223	78.349	2710.4	-0.0013911	9.2541e-05	0.13941	liquid
252.40	2400.0	65.737	0.015212	4.7501	5.4417	22.182	40.222	78.359	2709.2	-0.0013871	9.2476e-05	0.13934	liquid
252.47	2400.0	65.723	0.015215	4.7551	5.4469	22.203	40.221	78.369	2708.0	-0.0013831	9.2411e-05	0.13927	liquid
252.53	2400.0	65.710	0.015218	4.7602	5.4521	22.224	40.220	78.379	2706.8	-0.0013791	9.2346e-05	0.13921	liquid
252.60	2400.0	65.696	0.015222	4.7653	5.4574	22.245	40.219	78.388	2705.7	-0.0013750	9.2281e-05	0.13914	liquid
252.67	2400.0	65.682	0.015225	4.7704	5.4626	22.265	40.218	78.398	2704.5	-0.0013710	9.2216e-05	0.13907	liquid
252.73	2400.0	65.668	0.015228	4.7755	5.4678	22.286	40.217	78.408	2703.3	-0.0013670	9.2152e-05	0.13900	liquid
252.80	2400.0	65.655	0.015231	4.7805	5.4730	22.307	40.216	78.418	2702.1	-0.0013630	9.2087e-05	0.13894	liquid
252.87	2400.0	65.641	0.015234	4.7856	5.4783	22.327	40.215	78.427	2700.9	-0.0013589	9.2022e-05	0.13887	liquid
252.93	2400.0	65.627	0.015238	4.7907	5.4835	22.348	40.213	78.437	2699.7	-0.0013549	9.1958e-05	0.13880	liquid
253.00	2400.0	65.613	0.015241	4.7958	5.4887	22.369	40.212	78.447	2698.5	-0.0013508	9.1893e-05	0.13874	liquid
253.07	2400.0	65.600	0.015244	4.8009	5.4940	22.389	40.211	78.457	2697.3	-0.0013468	9.1828e-05	0.13867	liquid
253.13	2400.0	65.586	0.015247	4.8060	5.4992	22.410	40.210	78.467	2696.1	-0.0013427	9.1764e-05	0.13860	liquid
253.20	2400.0	65.572	0.015250	4.8110	5.5044	22.431	40.209	78.476	2694.9	-0.0013386	9.1700e-05	0.13854	liquid
253.27	2400.0	65.558	0.015254	4.8161	5.5097	22.451	40.208	78.486	2693.8	-0.0013346	9.1635e-05	0.13847	liquid
253.33	2400.0	65.544	0.015257	4.8212	5.5149	22.472	40.207	78.496	2692.6	-0.0013305	9.1571e-05	0.13840	liquid
253.40	2400.0	65.531	0.015260	4.8263	5.5201	22.493	40.206	78.506	2691.4	-0.0013264	9.1507e-05	0.13833	liquid
253.47	2400.0	65.517	0.015263	4.8314	5.5254	22.513	40.205	78.516	2690.2	-0.0013223	9.1443e-05	0.13827	liquid
253.53	2400.0	65.503	0.015266	4.8365	5.5306	22.534	40.204	78.526	2689.0	-0.0013182	9.1379e-05	0.13820	liquid
253.60	2400.0	65.489	0.015270	4.8416	5.5358	22.555	40.203	78.536	2687.8	-0.0013141	9.1315e-05	0.13813	liquid
253.67	2400.0	65.475	0.015273	4.8467	5.5411	22.575	40.202	78.546	2686.6	-0.0013100	9.1251e-05	0.13807	liquid
253.73	2400.0	65.462	0.015276	4.8518	5.5463	22.596	40.201	78.556	2685.4	-0.0013059	9.1187e-05	0.13800	liquid
253.80	2400.0	65.448	0.015279	4.8568	5.5515	22.616	40.200	78.566	2684.2	-0.0013018	9.1123e-05	0.13793	liquid
253.87	2400.0	65.434	0.015283	4.8619	5.5568	22.637	40.199	78.576	2683.0	-0.0012976	9.1059e-05	0.13787	liquid
253.93	2400.0	65.420	0.015286	4.8670	5.5620	22.658	40.198	78.586	2681.9	-0.0012935	9.0995e-05	0.13780	liquid
254.00	2400.0	65.406	0.015289	4.8721	5.5673	22.678	40.197	78.596	2680.7	-0.0012894	9.0932e-05	0.13773	liquid
254.07	2400.0	65.393	0.015292	4.8772	5.5725	22.699	40.196	78.606	2679.5	-0.0012852	9.0868e-05	0.13767	liquid
254.13	2400.0	65.379	0.015295	4.8823	5.5777	22.720	40.195	78.616	2678.3	-0.0012811	9.0804e-05	0.13760	liquid
254.20	2400.0	65.365	0.015299	4.8874	5.5830	22.740	40.194	78.626	2677.1	-0.0012769	9.0741e-05	0.13753	liquid
254.27	2400.0	65.351	0.015302	4.8925	5.5882	22.761	40.193	78.636	2675.9	-0.0012728	9.0677e-05	0.13747	liquid
254.33	2400.0	65.337	0.015305	4.8976	5.5935	22.781	40.192	78.646	2674.7	-0.0012686	9.0614e-05	0.13740	liquid
254.40	2400.0	65.323	0.015308	4.9027	5.5987	22.802	40.191	78.656	2673.5	-0.0012644	9.0551e-05	0.13733	liquid
254.47	2400.0	65.309	0.015312	4.9078	5.6039	22.823	40.190	78.666	2672.3	-0.0012602	9.0487e-05	0.13727	liquid
254.53	2400.0	65.296	0.015315	4.9129	5.6092	22.843	40.189	78.676	2671.1	-0.0012561	9.0424e-05	0.13720	liquid
254.60	2400.0	65.282	0.015318	4.9180	5.6144	22.864	40.188	78.687	2670.0	-0.0012519	9.0361e-05	0.13713	liquid
254.67	2400.0	65.268	0.015321	4.9231	5.6197	22.884	40.187	78.697	2668.8	-0.0012477	9.0298e-05	0.13707	liquid
254.73	2400.0	65.254	0.015325	4.9282	5.6249	22.905	40.186	78.707	2667.6	-0.0012435	9.0235e-05	0.13700	liquid
254.80	2400.0	65.240	0.015328	4.9333	5.6302	22.926	40.185	78.717	2666.4	-0.0012392	9.0172e-05	0.13693	liquid
254.87	2400.0	65.226	0.015331	4.9384	5.6354	22.946	40.184	78.727	2665.2	-0.0012350	9.0109e-05	0.13687	liquid
254.93	2400.0	65.212	0.015335	4.9435	5.6407	22.967	40.183	78.738	2664.0	-0.0012308	9.0046e-05	0.13680	liquid
255.00	2400.0	65.198	0.015338	4.9486	5.6459	22.987	40.182	78.748	2662.8	-0.0012266	8.9983e-05	0.13673	liquid
255.07	2400.0	65.185	0.015341	4.9537	5.6512	23.008	40.181	78.758	2661.6	-0.0012223	8.9920e-05	0.13667	liquid
255.13	2400.0	65.171	0.015344	4.9588	5.6564	23.029	40.180	78.768	2660.4	-0.0012181	8.9857e-05	0.13660	liquid
255.20	2400.0	65.157	0.015348	4.9639	5.6617	23.049	40.179	78.779	2659.3	-0.0012139	8.9795e-05	0.13653	liquid
255.27	2400.0	65.143	0.015351	4.9690	5.6669	23.070	40.178	78.789	2658.1	-0.0012096	8.9732e-05	0.13647	liquid
255.33	2400.0	65.129	0.015354	4.9741	5.6722	23.090	40.177	78.799	2656.9	-0.0012053	8.9670e-05	0.13640	liquid
255.40	2400.0	65.115	0.015357	4.9792	5.6774	23.111	40.176	78.810	2655.7	-0.0012011	8.9607e-05	0.13633	liquid
255.47	2400.0	65.101	0.015361	4.9843	5.6827	23.132	40.175	78.820	2654.5	-0.0011968	8.9545e-05	0.13627	liquid
255.53	2400.0	65.087	0.015364	4.9894	5.6879	23.152	40.174	78.830	2653.3	-0.0011925	8.9482e-05	0.13620	liquid
255.60	2400.0	65.073	0.015367	4.9945	5.6932	23.173	40.173	78.841	2652.1	-0.0011882	8.9420e-05	0.13613	liquid
255.67	2400.0	65.059	0.015371	4.9996	5.6985	23.193	40.172	78.851	2650.9	-0.0011839	8.9358e-05	0.13607	liquid
255.73	2400.0	65.045	0.015374	5.0047	5.7037	23.214	40.171	78.862	2649.7	-0.0011797	8.9295e-05	0.13600	liquid
255.80	2400.0	65.031	0.015377	5.0098	5.7090	23.234	40.170	78.872	2648.6	-0.0011753	8.9233e-05	0.13593	liquid
255.87	2400.0	65.017	0.015381	5.0149	5.7142	23.255	40.169	78.882	2647.4	-0.0011710	8.9171e-05	0.13587	liquid
255.93	2400.0	65.003	0.015384	5.0200	5.7195	23.275	40.168	78.893	2646.2	-0.0011667	8.9109e-05	0.13580	liquid
256.00	2400.0	64.989	0.015387	5.0252	5.7248	23.296	40.167	78.903	2645.0	-0.0011624	8.9047e-05	0.13574	liquid
256.07	2400.0	64.975	0.015390	5.0303	5.7300	23.317	40.166	78.914	2643.8	-0.0011581	8.8985e-05	0.13567	liquid
256.13	2400.0	64.962	0.015394	5.0354	5.7353	23.337	40.166	78.924	2642.6	-0.0011537	8.8923e-05	0.13560	liquid
256.20	2400.0	64.948	0.015397	5.0405	5.7405	23.358	40.165	78.935	2641.4	-0.0011494	8.8861e-05	0.13554	liquid
256.27	2400.0	64.934	0.015400	5.0456	5.7458	23.378	40.164	78.945	2640.2	-0.0011450	8.8800e-05	0.13547	liquid
256.33	2400.0	64.920	0.015404	5.0507	5.7511	23.399	40.163	78.956	2639.0	-0.0011407	8.8738e-05	0.13540	liquid
256.40	2400.0	64.906	0.015407	5.0558	5.7563	23.419	40.162	78.966	2637.9	-0.0011363	8.8676e-05	0.13534	liquid
256.47	2400.0	64.892	0.015410	5.0609	5.7616	23.440	40.161	78.977	2636.7	-0.0011320	8.8614e-05	0.13527	liquid
256.53	2400.0	64.878	0.015414	5.0661	5.7669	23.460	40.160	78.988	2635.5	-0.0011276	8.8553e-05	0.13520	liquid
256.60	2400.0	64.864	0.015417	5.0712	5.7721	23.481	40.159	78.998	2634.3	-0.0011232	8.8491e-05	0.13514	liquid
256.67	2400.0	64.850	0.015420	5.0763	5.7774	23.501	40.158	79.009	2633.1	-0.0011188	8.8430e-05	0.13507	liquid
256.73	2400.0	64.836	0.015424	5.0814	5.7827	23.522	40.157	79.019	2631.9	-0.0011144	8.8368e-05	0.13501	liquid
256.80	2400.0	64.822	0.015427	5.0865	5.7879	23.542	40.156	79.030	2630.7	-0.0011100	8.8307e-05	0.13494	liquid
256.87	2400.0	64.808	0.015430	5.0916	5.7932	23.563	40.155	79.041	2629.5	-0.0011056	8.8246e-05	0.13487	liquid
256.93	2400.0	64.793	0.015434	5.0968	5.7985	23.583	40.154	79.051	2628.3	-0.0011012	8.8185e-05	0.13481	liquid
257.00	2400.0	64.779	0.015437	5.1019	5.8037	23.604	40.153	79.062	2627.2	-0.0010968	8.8123e-05	0.13474	liquid
257.07	2400.0	64.765	0.015440	5.1070	5.8090	23.624	40.152	79.073	2626.0	-0.0010924	8.8062e-05	0.13467	liquid
257.13	2400.0	64.751	0.015444	5.1121	5.8143	23.645	40.151	79.084	2624.8	-0.0010880	8.8001e-05	0.13461	liquid
257.20	2400.0	64.737	0.015447	5.1172	5.8195	23.665	40.150	79.094	2623.6	-0.0010835	8.7940e-05	0.13454	liquid
257.27	2400.0	64.723	0.015450	5.1224	5.8248	23.686	40.150	79.105	2622.4	-0.0010791	8.7879e-05	0.13448	liquid
257.33	2400.0	64.709	0.015454	5.1275	5.8301	23.706	40.149	79.116	2621.2	-0.0010746	8.7818e-05	0.13441	liquid
257.40	2400.0	64.695	0.015457	5.1326	5.8354	23.727	40.148	79.127	2620.0	-0.0010702	8.7757e-05	0.13434	liquid
257.47	2400.0	64.681	0.015460	5.1377	5.8406	23.747	40.147	79.137	2618.8	-0.0010657	8.7696e-05	0.13428	liquid
257.53	2400.0	64.667	0.015464	5.1428	5.8459	23.768	40.146	79.148	2617.7	-0.0010612	8.7636e-05	0.13421	liquid
257.60	2400.0	64.653	0.015467	5.1480	5.8512	23.788	40.145	79.159	2616.5	-0.0010568	8.7575e-05	0.13414	liquid
257.67	2400.0	64.639	0.015471	5.1531	5.8565	23.809	40.144	79.170	2615.3	-0.0010523	8.7514e-05	0.13408	liquid
257.73	2400.0	64.625	0.015474	5.1582	5.8618	23.829	40.143	79.181	2614.1	-0.0010478	8.7454e-05	0.13401	liquid
257.80	2400.0	64.611	0.015477	5.1633	5.8670	23.850	40.142	79.192	2612.9	-0.0010433	8.7393e-05	0.13395	liquid
257.87	2400.0	64.597	0.015481	5.1685	5.8723	23.870	40.141	79.203	2611.7	-0.0010388	8.7332e-05	0.13388	liquid
257.93	2400.0	64.582	0.015484	5.1736	5.8776	23.891	40.140	79.213	2610.5	-0.0010343	8.7272e-05	0.13381	liquid
258.00	2400.0	64.568	0.015487	5.1787	5.8829	23.911	40.139	79.224	2609.3	-0.0010298	8.7212e-05	0.13375	liquid
258.07	2400.0	64.554	0.015491	5.1838	5.8882	23.932	40.139	79.235	2608.1	-0.0010252	8.7151e-05	0.13368	liquid
258.13	2400.0	64.540	0.015494	5.1890	5.8934	23.952	40.138	79.246	2607.0	-0.0010207	8.7091e-05	0.13362	liquid
258.20	2400.0	64.526	0.015498	5.1941	5.8987	23.973	40.137	79.257	2605.8	-0.0010162	8.7031e-05	0.13355	liquid
258.27	2400.0	64.512	0.015501	5.1992	5.9040	23.993	40.136	79.268	2604.6	-0.0010116	8.6970e-05	0.13348	liquid
258.33	2400.0	64.498	0.015504	5.2044	5.9093	24.014	40.135	79.279	2603.4	-0.0010071	8.6910e-05	0.13342	liquid
258.40	2400.0	64.484	0.015508	5.2095	5.9146	24.034	40.134	79.290	2602.2	-0.0010025	8.6850e-05	0.13335	liquid
258.47	2400.0	64.470	0.015511	5.2146	5.9199	24.055	40.133	79.301	2601.0	-0.00099797	8.6790e-05	0.13328	liquid
258.53	2400.0	64.455	0.015515	5.2198	5.9252	24.075	40.132	79.312	2599.8	-0.00099340	8.6730e-05	0.13322	liquid
258.60	2400.0	64.441	0.015518	5.2249	5.9304	24.095	40.131	79.323	2598.6	-0.00098883	8.6670e-05	0.13315	liquid
258.67	2400.0	64.427	0.015521	5.2300	5.9357	24.116	40.130	79.335	2597.5	-0.00098424	8.6610e-05	0.13309	liquid
258.73	2400.0	64.413	0.015525	5.2352	5.9410	24.136	40.130	79.346	2596.3	-0.00097965	8.6550e-05	0.13302	liquid
258.80	2400.0	64.399	0.015528	5.2403	5.9463	24.157	40.129	79.357	2595.1	-0.00097506	8.6491e-05	0.13295	liquid
258.87	2400.0	64.385	0.015532	5.2454	5.9516	24.177	40.128	79.368	2593.9	-0.00097045	8.6431e-05	0.13289	liquid
258.93	2400.0	64.370	0.015535	5.2506	5.9569	24.198	40.127	79.379	2592.7	-0.00096584	8.6371e-05	0.13282	liquid
259.00	2400.0	64.356	0.015539	5.2557	5.9622	24.218	40.126	79.390	2591.5	-0.00096123	8.6311e-05	0.13276	liquid
259.07	2400.0	64.342	0.015542	5.2608	5.9675	24.238	40.125	79.401	2590.3	-0.00095661	8.6252e-05	0.13269	liquid
259.13	2400.0	64.328	0.015545	5.2660	5.9728	24.259	40.124	79.413	2589.1	-0.00095198	8.6192e-05	0.13263	liquid
259.20	2400.0	64.314	0.015549	5.2711	5.9781	24.279	40.123	79.424	2587.9	-0.00094734	8.6133e-05	0.13256	liquid
259.27	2400.0	64.299	0.015552	5.2763	5.9834	24.300	40.122	79.435	2586.8	-0.00094269	8.6073e-05	0.13249	liquid
259.33	2400.0	64.285	0.015556	5.2814	5.9887	24.320	40.122	79.446	2585.6	-0.00093804	8.6014e-05	0.13243	liquid
259.40	2400.0	64.271	0.015559	5.2865	5.9940	24.341	40.121	79.458	2584.4	-0.00093339	8.5955e-05	0.13236	liquid
259.47	2400.0	64.257	0.015563	5.2917	5.9993	24.361	40.120	79.469	2583.2	-0.00092872	8.5895e-05	0.13230	liquid
259.53	2400.0	64.243	0.015566	5.2968	6.0045	24.381	40.119	79.480	2582.0	-0.00092405	8.5836e-05	0.13223	liquid
259.60	2400.0	64.228	0.015569	5.3020	6.0098	24.402	40.118	79.491	2580.8	-0.00091937	8.5777e-05	0.13216	liquid
259.67	2400.0	64.214	0.015573	5.3071	6.0151	24.422	40.117	79.503	2579.6	-0.00091469	8.5718e-05	0.13210	liquid
259.73	2400.0	64.200	0.015576	5.3123	6.0204	24.443	40.116	79.514	2578.4	-0.00091000	8.5659e-05	0.13203	liquid
259.80	2400.0	64.186	0.015580	5.3174	6.0258	24.463	40.116	79.525	2577.3	-0.00090530	8.5599e-05	0.13197	liquid
259.87	2400.0	64.171	0.015583	5.3225	6.0311	24.484	40.115	79.537	2576.1	-0.00090059	8.5540e-05	0.13190	liquid
259.93	2400.0	64.157	0.015587	5.3277	6.0364	24.504	40.114	79.548	2574.9	-0.00089588	8.5482e-05	0.13184	liquid
260.00	2400.0	64.143	0.015590	5.3328	6.0417	24.524	40.113	79.560	2573.7	-0.00089116	8.5423e-05	0.13177	liquid
260.07	2400.0	64.129	0.015594	5.3380	6.0470	24.545	40.112	79.571	2572.5	-0.00088643	8.5364e-05	0.13170	liquid
260.13	2400.0	64.114	0.015597	5.3431	6.0523	24.565	40.111	79.583	2571.3	-0.00088170	8.5305e-05	0.13164	liquid
260.20	2400.0	64.100	0.015601	5.3483	6.0576	24.586	40.110	79.594	2570.1	-0.00087695	8.5246e-05	0.13157	liquid
260.27	2400.0	64.086	0.015604	5.3534	6.0629	24.606	40.110	79.605	2568.9	-0.00087221	8.5187e-05	0.13151	liquid
260.33	2400.0	64.072	0.015608	5.3586	6.0682	24.626	40.109	79.617	2567.8	-0.00086745	8.5129e-05	0.13144	liquid
260.40	2400.0	64.057	0.015611	5.3637	6.0735	24.647	40.108	79.628	2566.6	-0.00086269	8.5070e-05	0.13137	liquid
260.47	2400.0	64.043	0.015614	5.3689	6.0788	24.667	40.107	79.640	2565.4	-0.00085792	8.5012e-05	0.13131	liquid
260.53	2400.0	64.029	0.015618	5.3740	6.0841	24.687	40.106	79.652	2564.2	-0.00085314	8.4953e-05	0.13124	liquid
260.60	2400.0	64.014	0.015621	5.3792	6.0894	24.708	40.105	79.663	2563.0	-0.00084836	8.4895e-05	0.13118	liquid
260.67	2400.0	64.000	0.015625	5.3843	6.0947	24.728	40.104	79.675	2561.8	-0.00084357	8.4836e-05	0.13111	liquid
260.73	2400.0	63.986	0.015628	5.3895	6.1000	24.749	40.104	79.686	2560.6	-0.00083877	8.4778e-05	0.13105	liquid
260.80	2400.0	63.972	0.015632	5.3946	6.1054	24.769	40.103	79.698	2559.4	-0.00083397	8.4719e-05	0.13098	liquid
260.87	2400.0	63.957	0.015635	5.3998	6.1107	24.789	40.102	79.710	2558.3	-0.00082915	8.4661e-05	0.13092	liquid
260.93	2400.0	63.943	0.015639	5.4049	6.1160	24.810	40.101	79.721	2557.1	-0.00082433	8.4603e-05	0.13085	liquid
261.00	2400.0	63.929	0.015642	5.4101	6.1213	24.830	40.100	79.733	2555.9	-0.00081951	8.4545e-05	0.13078	liquid
261.07	2400.0	63.914	0.015646	5.4153	6.1266	24.850	40.099	79.745	2554.7	-0.00081467	8.4487e-05	0.13072	liquid
261.13	2400.0	63.900	0.015649	5.4204	6.1319	24.871	40.099	79.756	2553.5	-0.00080983	8.4428e-05	0.13065	liquid
261.20	2400.0	63.886	0.015653	5.4256	6.1373	24.891	40.098	79.768	2552.3	-0.00080498	8.4370e-05	0.13059	liquid
261.27	2400.0	63.871	0.015656	5.4307	6.1426	24.912	40.097	79.780	2551.1	-0.00080013	8.4312e-05	0.13052	liquid
261.33	2400.0	63.857	0.015660	5.4359	6.1479	24.932	40.096	79.791	2549.9	-0.00079527	8.4255e-05	0.13046	liquid
261.40	2400.0	63.843	0.015664	5.4411	6.1532	24.952	40.095	79.803	2548.8	-0.00079040	8.4197e-05	0.13039	liquid
261.47	2400.0	63.828	0.015667	5.4462	6.1585	24.973	40.094	79.815	2547.6	-0.00078552	8.4139e-05	0.13033	liquid
261.53	2400.0	63.814	0.015671	5.4514	6.1639	24.993	40.094	79.827	2546.4	-0.00078063	8.4081e-05	0.13026	liquid
261.60	2400.0	63.799	0.015674	5.4565	6.1692	25.013	40.093	79.839	2545.2	-0.00077574	8.4023e-05	0.13019	liquid
261.67	2400.0	63.785	0.015678	5.4617	6.1745	25.034	40.092	79.850	2544.0	-0.00077084	8.3965e-05	0.13013	liquid
261.73	2400.0	63.771	0.015681	5.4669	6.1798	25.054	40.091	79.862	2542.8	-0.00076594	8.3908e-05	0.13006	liquid
261.80	2400.0	63.756	0.015685	5.4720	6.1851	25.074	40.090	79.874	2541.6	-0.00076102	8.3850e-05	0.13000	liquid
261.87	2400.0	63.742	0.015688	5.4772	6.1905	25.095	40.090	79.886	2540.4	-0.00075610	8.3793e-05	0.12993	liquid
261.93	2400.0	63.728	0.015692	5.4824	6.1958	25.115	40.089	79.898	2539.2	-0.00075117	8.3735e-05	0.12987	liquid
262.00	2400.0	63.713	0.015695	5.4875	6.2011	25.135	40.088	79.910	2538.1	-0.00074624	8.3678e-05	0.12980	liquid
262.07	2400.0	63.699	0.015699	5.4927	6.2065	25.156	40.087	79.922	2536.9	-0.00074129	8.3620e-05	0.12974	liquid
262.13	2400.0	63.684	0.015702	5.4979	6.2118	25.176	40.086	79.934	2535.7	-0.00073634	8.3563e-05	0.12967	liquid
262.20	2400.0	63.670	0.015706	5.5030	6.2171	25.196	40.086	79.946	2534.5	-0.00073138	8.3505e-05	0.12961	liquid
262.27	2400.0	63.655	0.015710	5.5082	6.2224	25.217	40.085	79.958	2533.3	-0.00072642	8.3448e-05	0.12954	liquid
262.33	2400.0	63.641	0.015713	5.5134	6.2278	25.237	40.084	79.970	2532.1	-0.00072144	8.3391e-05	0.12947	liquid
262.40	2400.0	63.627	0.015717	5.5185	6.2331	25.257	40.083	79.982	2530.9	-0.00071646	8.3334e-05	0.12941	liquid
262.47	2400.0	63.612	0.015720	5.5237	6.2384	25.278	40.082	79.994	2529.7	-0.00071147	8.3276e-05	0.12934	liquid
262.53	2400.0	63.598	0.015724	5.5289	6.2438	25.298	40.082	80.006	2528.6	-0.00070648	8.3219e-05	0.12928	liquid
262.60	2400.0	63.583	0.015727	5.5340	6.2491	25.318	40.081	80.018	2527.4	-0.00070147	8.3162e-05	0.12921	liquid
262.67	2400.0	63.569	0.015731	5.5392	6.2544	25.339	40.080	80.030	2526.2	-0.00069646	8.3105e-05	0.12915	liquid
262.73	2400.0	63.554	0.015735	5.5444	6.2598	25.359	40.079	80.042	2525.0	-0.00069144	8.3048e-05	0.12908	liquid
262.80	2400.0	63.540	0.015738	5.5496	6.2651	25.379	40.078	80.054	2523.8	-0.00068642	8.2991e-05	0.12902	liquid
262.87	2400.0	63.525	0.015742	5.5547	6.2704	25.399	40.078	80.066	2522.6	-0.00068138	8.2934e-05	0.12895	liquid
262.93	2400.0	63.511	0.015745	5.5599	6.2758	25.420	40.077	80.078	2521.4	-0.00067634	8.2878e-05	0.12889	liquid
263.00	2400.0	63.496	0.015749	5.5651	6.2811	25.440	40.076	80.091	2520.2	-0.00067129	8.2821e-05	0.12882	liquid
263.07	2400.0	63.482	0.015753	5.5703	6.2865	25.460	40.075	80.103	2519.1	-0.00066624	8.2764e-05	0.12876	liquid
263.13	2400.0	63.467	0.015756	5.5754	6.2918	25.481	40.075	80.115	2517.9	-0.00066117	8.2707e-05	0.12869	liquid
263.20	2400.0	63.453	0.015760	5.5806	6.2971	25.501	40.074	80.127	2516.7	-0.00065610	8.2651e-05	0.12863	liquid
263.27	2400.0	63.438	0.015763	5.5858	6.3025	25.521	40.073	80.140	2515.5	-0.00065102	8.2594e-05	0.12856	liquid
263.33	2400.0	63.424	0.015767	5.5910	6.3078	25.542	40.072	80.152	2514.3	-0.00064593	8.2537e-05	0.12850	liquid
263.40	2400.0	63.409	0.015771	5.5962	6.3132	25.562	40.071	80.164	2513.1	-0.00064084	8.2481e-05	0.12843	liquid
263.47	2400.0	63.395	0.015774	5.6013	6.3185	25.582	40.071	80.176	2511.9	-0.00063574	8.2424e-05	0.12837	liquid
263.53	2400.0	63.380	0.015778	5.6065	6.3239	25.602	40.070	80.189	2510.7	-0.00063063	8.2368e-05	0.12830	liquid
263.60	2400.0	63.366	0.015781	5.6117	6.3292	25.623	40.069	80.201	2509.6	-0.00062551	8.2312e-05	0.12824	liquid
263.67	2400.0	63.351	0.015785	5.6169	6.3346	25.643	40.068	80.213	2508.4	-0.00062038	8.2255e-05	0.12817	liquid
263.73	2400.0	63.337	0.015789	5.6221	6.3399	25.663	40.068	80.226	2507.2	-0.00061525	8.2199e-05	0.12810	liquid
263.80	2400.0	63.322	0.015792	5.6272	6.3453	25.684	40.067	80.238	2506.0	-0.00061011	8.2143e-05	0.12804	liquid
263.87	2400.0	63.308	0.015796	5.6324	6.3506	25.704	40.066	80.251	2504.8	-0.00060496	8.2086e-05	0.12797	liquid
263.93	2400.0	63.293	0.015800	5.6376	6.3560	25.724	40.065	80.263	2503.6	-0.00059980	8.2030e-05	0.12791	liquid
264.00	2400.0	63.279	0.015803	5.6428	6.3613	25.744	40.065	80.275	2502.4	-0.00059464	8.1974e-05	0.12784	liquid
264.07	2400.0	63.264	0.015807	5.6480	6.3667	25.765	40.064	80.288	2501.2	-0.00058946	8.1918e-05	0.12778	liquid
264.13	2400.0	63.249	0.015810	5.6532	6.3720	25.785	40.063	80.300	2500.1	-0.00058428	8.1862e-05	0.12771	liquid
264.20	2400.0	63.235	0.015814	5.6584	6.3774	25.805	40.062	80.313	2498.9	-0.00057909	8.1806e-05	0.12765	liquid
264.27	2400.0	63.220	0.015818	5.6636	6.3827	25.825	40.062	80.325	2497.7	-0.00057390	8.1750e-05	0.12758	liquid
264.33	2400.0	63.206	0.015821	5.6687	6.3881	25.846	40.061	80.338	2496.5	-0.00056869	8.1694e-05	0.12752	liquid
264.40	2400.0	63.191	0.015825	5.6739	6.3934	25.866	40.060	80.351	2495.3	-0.00056348	8.1638e-05	0.12745	liquid
264.47	2400.0	63.176	0.015829	5.6791	6.3988	25.886	40.059	80.363	2494.1	-0.00055826	8.1582e-05	0.12739	liquid
264.53	2400.0	63.162	0.015832	5.6843	6.4041	25.906	40.059	80.376	2492.9	-0.00055303	8.1527e-05	0.12732	liquid
264.60	2400.0	63.147	0.015836	5.6895	6.4095	25.927	40.058	80.388	2491.7	-0.00054780	8.1471e-05	0.12726	liquid
264.67	2400.0	63.133	0.015840	5.6947	6.4149	25.947	40.057	80.401	2490.6	-0.00054255	8.1415e-05	0.12719	liquid
264.73	2400.0	63.118	0.015843	5.6999	6.4202	25.967	40.056	80.414	2489.4	-0.00053730	8.1360e-05	0.12713	liquid
264.80	2400.0	63.103	0.015847	5.7051	6.4256	25.987	40.056	80.426	2488.2	-0.00053204	8.1304e-05	0.12706	liquid
264.87	2400.0	63.089	0.015851	5.7103	6.4310	26.008	40.055	80.439	2487.0	-0.00052677	8.1248e-05	0.12700	liquid
264.93	2400.0	63.074	0.015854	5.7155	6.4363	26.028	40.054	80.452	2485.8	-0.00052149	8.1193e-05	0.12693	liquid
265.00	2400.0	63.060	0.015858	5.7207	6.4417	26.048	40.053	80.464	2484.6	-0.00051621	8.1137e-05	0.12687	liquid
265.07	2400.0	63.045	0.015862	5.7259	6.4470	26.068	40.053	80.477	2483.4	-0.00051092	8.1082e-05	0.12681	liquid
265.13	2400.0	63.030	0.015865	5.7311	6.4524	26.089	40.052	80.490	2482.2	-0.00050562	8.1027e-05	0.12674	liquid
265.20	2400.0	63.016	0.015869	5.7363	6.4578	26.109	40.051	80.503	2481.1	-0.00050031	8.0971e-05	0.12668	liquid
265.27	2400.0	63.001	0.015873	5.7415	6.4631	26.129	40.050	80.515	2479.9	-0.00049499	8.0916e-05	0.12661	liquid
265.33	2400.0	62.986	0.015876	5.7467	6.4685	26.149	40.050	80.528	2478.7	-0.00048967	8.0861e-05	0.12655	liquid
265.40	2400.0	62.972	0.015880	5.7519	6.4739	26.170	40.049	80.541	2477.5	-0.00048433	8.0805e-05	0.12648	liquid
265.47	2400.0	62.957	0.015884	5.7571	6.4792	26.190	40.048	80.554	2476.3	-0.00047899	8.0750e-05	0.12642	liquid
265.53	2400.0	62.942	0.015888	5.7623	6.4846	26.210	40.048	80.567	2475.1	-0.00047364	8.0695e-05	0.12635	liquid
265.60	2400.0	62.927	0.015891	5.7675	6.4900	26.230	40.047	80.580	2473.9	-0.00046828	8.0640e-05	0.12629	liquid
265.67	2400.0	62.913	0.015895	5.7727	6.4954	26.251	40.046	80.593	2472.7	-0.00046292	8.0585e-05	0.12622	liquid
265.73	2400.0	62.898	0.015899	5.7779	6.5007	26.271	40.045	80.606	2471.6	-0.00045754	8.0530e-05	0.12616	liquid
265.80	2400.0	62.883	0.015902	5.7831	6.5061	26.291	40.045	80.619	2470.4	-0.00045216	8.0475e-05	0.12609	liquid
265.87	2400.0	62.869	0.015906	5.7883	6.5115	26.311	40.044	80.632	2469.2	-0.00044677	8.0420e-05	0.12603	liquid
265.93	2400.0	62.854	0.015910	5.7935	6.5169	26.331	40.043	80.644	2468.0	-0.00044137	8.0365e-05	0.12596	liquid
266.00	2400.0	62.839	0.015914	5.7987	6.5222	26.352	40.043	80.657	2466.8	-0.00043596	8.0310e-05	0.12590	liquid
266.07	2400.0	62.824	0.015917	5.8039	6.5276	26.372	40.042	80.671	2465.6	-0.00043055	8.0255e-05	0.12583	liquid
266.13	2400.0	62.810	0.015921	5.8091	6.5330	26.392	40.041	80.684	2464.4	-0.00042512	8.0201e-05	0.12577	liquid
266.20	2400.0	62.795	0.015925	5.8143	6.5384	26.412	40.041	80.697	2463.2	-0.00041969	8.0146e-05	0.12570	liquid
266.27	2400.0	62.780	0.015929	5.8195	6.5438	26.432	40.040	80.710	2462.1	-0.00041425	8.0091e-05	0.12564	liquid
266.33	2400.0	62.765	0.015932	5.8248	6.5491	26.453	40.039	80.723	2460.9	-0.00040880	8.0037e-05	0.12557	liquid
266.40	2400.0	62.751	0.015936	5.8300	6.5545	26.473	40.038	80.736	2459.7	-0.00040334	7.9982e-05	0.12551	liquid
266.47	2400.0	62.736	0.015940	5.8352	6.5599	26.493	40.038	80.749	2458.5	-0.00039788	7.9927e-05	0.12545	liquid
266.53	2400.0	62.721	0.015944	5.8404	6.5653	26.513	40.037	80.762	2457.3	-0.00039240	7.9873e-05	0.12538	liquid
266.60	2400.0	62.706	0.015947	5.8456	6.5707	26.534	40.036	80.775	2456.1	-0.00038692	7.9818e-05	0.12532	liquid
266.67	2400.0	62.692	0.015951	5.8508	6.5761	26.554	40.036	80.789	2454.9	-0.00038143	7.9764e-05	0.12525	liquid
266.73	2400.0	62.677	0.015955	5.8560	6.5814	26.574	40.035	80.802	2453.7	-0.00037593	7.9710e-05	0.12519	liquid
266.80	2400.0	62.662	0.015959	5.8612	6.5868	26.594	40.034	80.815	2452.6	-0.00037042	7.9655e-05	0.12512	liquid
266.87	2400.0	62.647	0.015962	5.8665	6.5922	26.614	40.034	80.828	2451.4	-0.00036490	7.9601e-05	0.12506	liquid
266.93	2400.0	62.632	0.015966	5.8717	6.5976	26.634	40.033	80.842	2450.2	-0.00035938	7.9547e-05	0.12499	liquid
267.00	2400.0	62.618	0.015970	5.8769	6.6030	26.655	40.032	80.855	2449.0	-0.00035384	7.9492e-05	0.12493	liquid
267.07	2400.0	62.603	0.015974	5.8821	6.6084	26.675	40.032	80.868	2447.8	-0.00034830	7.9438e-05	0.12486	liquid
267.13	2400.0	62.588	0.015978	5.8873	6.6138	26.695	40.031	80.882	2446.6	-0.00034275	7.9384e-05	0.12480	liquid
267.20	2400.0	62.573	0.015981	5.8926	6.6192	26.715	40.030	80.895	2445.4	-0.00033719	7.9330e-05	0.12474	liquid
267.27	2400.0	62.558	0.015985	5.8978	6.6246	26.735	40.030	80.908	2444.2	-0.00033162	7.9276e-05	0.12467	liquid
267.33	2400.0	62.544	0.015989	5.9030	6.6300	26.756	40.029	80.922	2443.1	-0.00032604	7.9222e-05	0.12461	liquid
267.40	2400.0	62.529	0.015993	5.9082	6.6354	26.776	40.028	80.935	2441.9	-0.00032046	7.9168e-05	0.12454	liquid
267.47	2400.0	62.514	0.015996	5.9135	6.6407	26.796	40.028	80.949	2440.7	-0.00031486	7.9114e-05	0.12448	liquid
267.53	2400.0	62.499	0.016000	5.9187	6.6461	26.816	40.027	80.962	2439.5	-0.00030926	7.9060e-05	0.12441	liquid
267.60	2400.0	62.484	0.016004	5.9239	6.6515	26.836	40.026	80.975	2438.3	-0.00030365	7.9006e-05	0.12435	liquid
267.67	2400.0	62.469	0.016008	5.9291	6.6569	26.856	40.026	80.989	2437.1	-0.00029803	7.8952e-05	0.12428	liquid
267.73	2400.0	62.454	0.016012	5.9344	6.6623	26.877	40.025	81.002	2435.9	-0.00029240	7.8898e-05	0.12422	liquid
267.80	2400.0	62.439	0.016016	5.9396	6.6677	26.897	40.024	81.016	2434.7	-0.00028676	7.8845e-05	0.12416	liquid
267.87	2400.0	62.425	0.016019	5.9448	6.6731	26.917	40.024	81.030	2433.6	-0.00028111	7.8791e-05	0.12409	liquid
267.93	2400.0	62.410	0.016023	5.9500	6.6785	26.937	40.023	81.043	2432.4	-0.00027546	7.8737e-05	0.12403	liquid
268.00	2400.0	62.395	0.016027	5.9553	6.6839	26.957	40.022	81.057	2431.2	-0.00026979	7.8684e-05	0.12396	liquid
268.07	2400.0	62.380	0.016031	5.9605	6.6894	26.977	40.022	81.070	2430.0	-0.00026412	7.8630e-05	0.12390	liquid
268.13	2400.0	62.365	0.016035	5.9657	6.6948	26.998	40.021	81.084	2428.8	-0.00025844	7.8576e-05	0.12383	liquid
268.20	2400.0	62.350	0.016038	5.9710	6.7002	27.018	40.020	81.098	2427.6	-0.00025275	7.8523e-05	0.12377	liquid
268.27	2400.0	62.335	0.016042	5.9762	6.7056	27.038	40.020	81.111	2426.4	-0.00024705	7.8469e-05	0.12371	liquid
268.33	2400.0	62.320	0.016046	5.9814	6.7110	27.058	40.019	81.125	2425.2	-0.00024134	7.8416e-05	0.12364	liquid
268.40	2400.0	62.305	0.016050	5.9867	6.7164	27.078	40.018	81.139	2424.0	-0.00023562	7.8363e-05	0.12358	liquid
268.47	2400.0	62.290	0.016054	5.9919	6.7218	27.098	40.018	81.152	2422.9	-0.00022989	7.8309e-05	0.12351	liquid
268.53	2400.0	62.275	0.016058	5.9971	6.7272	27.119	40.017	81.166	2421.7	-0.00022416	7.8256e-05	0.12345	liquid
268.60	2400.0	62.260	0.016062	6.0024	6.7326	27.139	40.016	81.180	2420.5	-0.00021841	7.8203e-05	0.12338	liquid
268.67	2400.0	62.246	0.016065	6.0076	6.7380	27.159	40.016	81.194	2419.3	-0.00021266	7.8149e-05	0.12332	liquid
268.73	2400.0	62.231	0.016069	6.0128	6.7434	27.179	40.015	81.208	2418.1	-0.00020689	7.8096e-05	0.12326	liquid
268.80	2400.0	62.216	0.016073	6.0181	6.7489	27.199	40.015	81.221	2416.9	-0.00020112	7.8043e-05	0.12319	liquid
268.87	2400.0	62.201	0.016077	6.0233	6.7543	27.219	40.014	81.235	2415.7	-0.00019534	7.7990e-05	0.12313	liquid
268.93	2400.0	62.186	0.016081	6.0286	6.7597	27.239	40.013	81.249	2414.5	-0.00018955	7.7937e-05	0.12306	liquid
269.00	2400.0	62.171	0.016085	6.0338	6.7651	27.260	40.013	81.263	2413.4	-0.00018375	7.7884e-05	0.12300	liquid
269.07	2400.0	62.156	0.016089	6.0390	6.7705	27.280	40.012	81.277	2412.2	-0.00017794	7.7831e-05	0.12293	liquid
269.13	2400.0	62.141	0.016093	6.0443	6.7759	27.300	40.011	81.291	2411.0	-0.00017213	7.7778e-05	0.12287	liquid
269.20	2400.0	62.126	0.016096	6.0495	6.7814	27.320	40.011	81.305	2409.8	-0.00016630	7.7725e-05	0.12281	liquid
269.27	2400.0	62.111	0.016100	6.0548	6.7868	27.340	40.010	81.319	2408.6	-0.00016046	7.7672e-05	0.12274	liquid
269.33	2400.0	62.096	0.016104	6.0600	6.7922	27.360	40.009	81.333	2407.4	-0.00015462	7.7619e-05	0.12268	liquid
269.40	2400.0	62.081	0.016108	6.0653	6.7976	27.380	40.009	81.347	2406.2	-0.00014876	7.7566e-05	0.12261	liquid
269.47	2400.0	62.066	0.016112	6.0705	6.8031	27.401	40.008	81.361	2405.0	-0.00014290	7.7513e-05	0.12255	liquid
269.53	2400.0	62.051	0.016116	6.0758	6.8085	27.421	40.008	81.375	2403.9	-0.00013703	7.7460e-05	0.12249	liquid
269.60	2400.0	62.035	0.016120	6.0810	6.8139	27.441	40.007	81.389	2402.7	-0.00013115	7.7408e-05	0.12242	liquid
269.67	2400.0	62.020	0.016124	6.0862	6.8193	27.461	40.006	81.403	2401.5	-0.00012526	7.7355e-05	0.12236	liquid
269.73	2400.0	62.005	0.016128	6.0915	6.8248	27.481	40.006	81.417	2400.3	-0.00011936	7.7302e-05	0.12229	liquid
269.80	2400.0	61.990	0.016132	6.0967	6.8302	27.501	40.005	81.432	2399.1	-0.00011345	7.7250e-05	0.12223	liquid
269.87	2400.0	61.975	0.016135	6.1020	6.8356	27.521	40.005	81.446	2397.9	-0.00010753	7.7197e-05	0.12217	liquid
269.93	2400.0	61.960	0.016139	6.1072	6.8410	27.541	40.004	81.460	2396.7	-0.00010160	7.7145e-05	0.12210	liquid
270.00	2400.0	61.945	0.016143	6.1125	6.8465	27.562	40.003	81.474	2395.5	-9.5660e-05	7.7092e-05	0.12204	liquid
270.07	2400.0	61.930	0.016147	6.1178	6.8519	27.582	40.003	81.488	2394.3	-8.9713e-05	7.7040e-05	0.12197	liquid
270.13	2400.0	61.915	0.016151	6.1230	6.8573	27.602	40.002	81.503	2393.2	-8.3756e-05	7.6987e-05	0.12191	liquid
270.20	2400.0	61.900	0.016155	6.1283	6.8628	27.622	40.002	81.517	2392.0	-7.7790e-05	7.6935e-05	0.12185	liquid
270.27	2400.0	61.885	0.016159	6.1335	6.8682	27.642	40.001	81.531	2390.8	-7.1814e-05	7.6883e-05	0.12178	liquid
270.33	2400.0	61.870	0.016163	6.1388	6.8736	27.662	40.000	81.545	2389.6	-6.5829e-05	7.6830e-05	0.12172	liquid
270.40	2400.0	61.855	0.016167	6.1440	6.8791	27.682	40.000	81.560	2388.4	-5.9835e-05	7.6778e-05	0.12165	liquid
270.47	2400.0	61.839	0.016171	6.1493	6.8845	27.702	39.999	81.574	2387.2	-5.3831e-05	7.6726e-05	0.12159	liquid
270.53	2400.0	61.824	0.016175	6.1546	6.8900	27.722	39.999	81.589	2386.0	-4.7817e-05	7.6674e-05	0.12153	liquid
270.60	2400.0	61.809	0.016179	6.1598	6.8954	27.742	39.998	81.603	2384.8	-4.1794e-05	7.6621e-05	0.12146	liquid
270.67	2400.0	61.794	0.016183	6.1651	6.9008	27.763	39.997	81.617	2383.6	-3.5761e-05	7.6569e-05	0.12140	liquid
270.73	2400.0	61.779	0.016187	6.1703	6.9063	27.783	39.997	81.632	2382.5	-2.9719e-05	7.6517e-05	0.12134	liquid
270.80	2400.0	61.764	0.016191	6.1756	6.9117	27.803	39.996	81.646	2381.3	-2.3667e-05	7.6465e-05	0.12127	liquid
270.87	2400.0	61.749	0.016195	6.1809	6.9172	27.823	39.996	81.661	2380.1	-1.7605e-05	7.6413e-05	0.12121	liquid
270.93	2400.0	61.733	0.016199	6.1861	6.9226	27.843	39.995	81.675	2378.9	-1.1534e-05	7.6361e-05	0.12114	liquid
271.00	2400.0	61.718	0.016203	6.1914	6.9281	27.863	39.995	81.690	2377.7	-5.4530e-06	7.6309e-05	0.12108	liquid
271.07	2400.0	61.703	0.016207	6.1967	6.9335	27.883	39.994	81.704	2376.5	6.3758e-07	7.6257e-05	0.12102	liquid
271.13	2400.0	61.688	0.016211	6.2019	6.9390	27.903	39.993	81.719	2375.3	6.7379e-06	7.6205e-05	0.12095	liquid
271.20	2400.0	61.673	0.016215	6.2072	6.9444	27.923	39.993	81.734	2374.1	1.2848e-05	7.6153e-05	0.12089	liquid
271.27	2400.0	61.658	0.016219	6.2125	6.9499	27.943	39.992	81.748	2373.0	1.8968e-05	7.6102e-05	0.12083	liquid
271.33	2400.0	61.642	0.016223	6.2177	6.9553	27.964	39.992	81.763	2371.8	2.5097e-05	7.6050e-05	0.12076	liquid
271.40	2400.0	61.627	0.016227	6.2230	6.9608	27.984	39.991	81.778	2370.6	3.1237e-05	7.5998e-05	0.12070	liquid
271.47	2400.0	61.612	0.016231	6.2283	6.9662	28.004	39.991	81.792	2369.4	3.7386e-05	7.5946e-05	0.12063	liquid
271.53	2400.0	61.597	0.016235	6.2335	6.9717	28.024	39.990	81.807	2368.2	4.3545e-05	7.5895e-05	0.12057	liquid
271.60	2400.0	61.581	0.016239	6.2388	6.9771	28.044	39.989	81.822	2367.0	4.9714e-05	7.5843e-05	0.12051	liquid
271.67	2400.0	61.566	0.016243	6.2441	6.9826	28.064	39.989	81.836	2365.8	5.5893e-05	7.5792e-05	0.12044	liquid
271.73	2400.0	61.551	0.016247	6.2493	6.9880	28.084	39.988	81.851	2364.6	6.2081e-05	7.5740e-05	0.12038	liquid
271.80	2400.0	61.536	0.016251	6.2546	6.9935	28.104	39.988	81.866	2363.4	6.8280e-05	7.5689e-05	0.12032	liquid
271.87	2400.0	61.521	0.016255	6.2599	6.9989	28.124	39.987	81.881	2362.3	7.4488e-05	7.5637e-05	0.12025	liquid
271.93	2400.0	61.505	0.016259	6.2652	7.0044	28.144	39.987	81.896	2361.1	8.0707e-05	7.5586e-05	0.12019	liquid
272.00	2400.0	61.490	0.016263	6.2705	7.0099	28.164	39.986	81.911	2359.9	8.6935e-05	7.5534e-05	0.12013	liquid
272.07	2400.0	61.475	0.016267	6.2757	7.0153	28.184	39.986	81.926	2358.7	9.3174e-05	7.5483e-05	0.12006	liquid
272.13	2400.0	61.459	0.016271	6.2810	7.0208	28.205	39.985	81.940	2357.5	9.9422e-05	7.5431e-05	0.12000	liquid
272.20	2400.0	61.444	0.016275	6.2863	7.0262	28.225	39.984	81.955	2356.3	0.00010568	7.5380e-05	0.11993	liquid
272.27	2400.0	61.429	0.016279	6.2916	7.0317	28.245	39.984	81.970	2355.1	0.00011195	7.5329e-05	0.11987	liquid
272.33	2400.0	61.414	0.016283	6.2968	7.0372	28.265	39.983	81.985	2353.9	0.00011823	7.5278e-05	0.11981	liquid
272.40	2400.0	61.398	0.016287	6.3021	7.0426	28.285	39.983	82.000	2352.7	0.00012452	7.5226e-05	0.11974	liquid
272.47	2400.0	61.383	0.016291	6.3074	7.0481	28.305	39.982	82.015	2351.6	0.00013082	7.5175e-05	0.11968	liquid
272.53	2400.0	61.368	0.016295	6.3127	7.0536	28.325	39.982	82.030	2350.4	0.00013713	7.5124e-05	0.11962	liquid
272.60	2400.0	61.352	0.016299	6.3180	7.0590	28.345	39.981	82.045	2349.2	0.00014344	7.5073e-05	0.11955	liquid
272.67	2400.0	61.337	0.016303	6.3233	7.0645	28.365	39.981	82.061	2348.0	0.00014977	7.5022e-05	0.11949	liquid
272.73	2400.0	61.322	0.016307	6.3286	7.0700	28.385	39.980	82.076	2346.8	0.00015611	7.4971e-05	0.11943	liquid
272.80	2400.0	61.306	0.016312	6.3338	7.0755	28.405	39.980	82.091	2345.6	0.00016246	7.4920e-05	0.11936	liquid
272.87	2400.0	61.291	0.016316	6.3391	7.0809	28.425	39.979	82.106	2344.4	0.00016882	7.4869e-05	0.11930	liquid
272.93	2400.0	61.276	0.016320	6.3444	7.0864	28.445	39.979	82.121	2343.2	0.00017519	7.4818e-05	0.11924	liquid
273.00	2400.0	61.260	0.016324	6.3497	7.0919	28.465	39.978	82.136	2342.0	0.00018157	7.4767e-05	0.11917	liquid
273.07	2400.0	61.245	0.016328	6.3550	7.0974	28.485	39.977	82.152	2340.8	0.00018797	7.4716e-05	0.11911	liquid
273.13	2400.0	61.230	0.016332	6.3603	7.1028	28.506	39.977	82.167	2339.7	0.00019437	7.4665e-05	0.11905	liquid
273.20	2400.0	61.214	0.016336	6.3656	7.1083	28.526	39.976	82.182	2338.5	0.00020078	7.4615e-05	0.11898	liquid
273.27	2400.0	61.199	0.016340	6.3709	7.1138	28.546	39.976	82.197	2337.3	0.00020720	7.4564e-05	0.11892	liquid
273.33	2400.0	61.183	0.016344	6.3762	7.1193	28.566	39.975	82.213	2336.1	0.00021363	7.4513e-05	0.11886	liquid
273.40	2400.0	61.168	0.016348	6.3815	7.1248	28.586	39.975	82.228	2334.9	0.00022008	7.4462e-05	0.11879	liquid
273.47	2400.0	61.153	0.016353	6.3868	7.1302	28.606	39.974	82.244	2333.7	0.00022653	7.4412e-05	0.11873	liquid
273.53	2400.0	61.137	0.016357	6.3920	7.1357	28.626	39.974	82.259	2332.5	0.00023299	7.4361e-05	0.11867	liquid
273.60	2400.0	61.122	0.016361	6.3973	7.1412	28.646	39.973	82.274	2331.3	0.00023947	7.4311e-05	0.11860	liquid
273.67	2400.0	61.106	0.016365	6.4026	7.1467	28.666	39.973	82.290	2330.1	0.00024595	7.4260e-05	0.11854	liquid
273.73	2400.0	61.091	0.016369	6.4079	7.1522	28.686	39.972	82.305	2329.0	0.00025245	7.4209e-05	0.11848	liquid
273.80	2400.0	61.076	0.016373	6.4132	7.1577	28.706	39.972	82.321	2327.8	0.00025896	7.4159e-05	0.11841	liquid
273.87	2400.0	61.060	0.016377	6.4185	7.1632	28.726	39.971	82.336	2326.6	0.00026547	7.4108e-05	0.11835	liquid
273.93	2400.0	61.045	0.016381	6.4238	7.1686	28.746	39.971	82.352	2325.4	0.00027200	7.4058e-05	0.11829	liquid
274.00	2400.0	61.029	0.016386	6.4291	7.1741	28.766	39.970	82.367	2324.2	0.00027854	7.4008e-05	0.11822	liquid
274.07	2400.0	61.014	0.016390	6.4344	7.1796	28.786	39.970	82.383	2323.0	0.00028509	7.3957e-05	0.11816	liquid
274.13	2400.0	60.998	0.016394	6.4397	7.1851	28.806	39.969	82.399	2321.8	0.00029164	7.3907e-05	0.11810	liquid
274.20	2400.0	60.983	0.016398	6.4451	7.1906	28.826	39.969	82.414	2320.6	0.00029821	7.3857e-05	0.11803	liquid
274.27	2400.0	60.967	0.016402	6.4504	7.1961	28.846	39.968	82.430	2319.4	0.00030480	7.3806e-05	0.11797	liquid
274.33	2400.0	60.952	0.016406	6.4557	7.2016	28.866	39.968	82.446	2318.2	0.00031139	7.3756e-05	0.11791	liquid
274.40	2400.0	60.936	0.016411	6.4610	7.2071	28.886	39.967	82.461	2317.1	0.00031799	7.3706e-05	0.11784	liquid
274.47	2400.0	60.921	0.016415	6.4663	7.2126	28.906	39.967	82.477	2315.9	0.00032460	7.3656e-05	0.11778	liquid
274.53	2400.0	60.905	0.016419	6.4716	7.2181	28.926	39.966	82.493	2314.7	0.00033123	7.3606e-05	0.11772	liquid
274.60	2400.0	60.890	0.016423	6.4769	7.2236	28.946	39.966	82.509	2313.5	0.00033786	7.3556e-05	0.11766	liquid
274.67	2400.0	60.874	0.016427	6.4822	7.2291	28.966	39.965	82.524	2312.3	0.00034451	7.3506e-05	0.11759	liquid
274.73	2400.0	60.859	0.016431	6.4875	7.2346	28.987	39.965	82.540	2311.1	0.00035116	7.3455e-05	0.11753	liquid
274.80	2400.0	60.843	0.016436	6.4928	7.2401	29.007	39.964	82.556	2309.9	0.00035783	7.3405e-05	0.11747	liquid
274.87	2400.0	60.828	0.016440	6.4981	7.2456	29.027	39.964	82.572	2308.7	0.00036451	7.3356e-05	0.11740	liquid
274.93	2400.0	60.812	0.016444	6.5035	7.2511	29.047	39.963	82.588	2307.5	0.00037120	7.3306e-05	0.11734	liquid
275.00	2400.0	60.797	0.016448	6.5088	7.2566	29.067	39.963	82.604	2306.3	0.00037790	7.3256e-05	0.11728	liquid
275.07	2400.0	60.781	0.016453	6.5141	7.2621	29.087	39.963	82.620	2305.1	0.00038461	7.3206e-05	0.11721	liquid
275.13	2400.0	60.765	0.016457	6.5194	7.2676	29.107	39.962	82.636	2304.0	0.00039133	7.3156e-05	0.11715	liquid
275.20	2400.0	60.750	0.016461	6.5247	7.2731	29.127	39.962	82.652	2302.8	0.00039806	7.3106e-05	0.11709	liquid
275.27	2400.0	60.734	0.016465	6.5300	7.2787	29.147	39.961	82.668	2301.6	0.00040481	7.3056e-05	0.11703	liquid
275.33	2400.0	60.719	0.016469	6.5354	7.2842	29.167	39.961	82.684	2300.4	0.00041156	7.3007e-05	0.11696	liquid
275.40	2400.0	60.703	0.016474	6.5407	7.2897	29.187	39.960	82.700	2299.2	0.00041833	7.2957e-05	0.11690	liquid
275.47	2400.0	60.687	0.016478	6.5460	7.2952	29.207	39.960	82.716	2298.0	0.00042511	7.2907e-05	0.11684	liquid
275.53	2400.0	60.672	0.016482	6.5513	7.3007	29.227	39.959	82.732	2296.8	0.00043190	7.2858e-05	0.11677	liquid
275.60	2400.0	60.656	0.016486	6.5567	7.3062	29.247	39.959	82.748	2295.6	0.00043870	7.2808e-05	0.11671	liquid
275.67	2400.0	60.641	0.016491	6.5620	7.3117	29.267	39.958	82.764	2294.4	0.00044551	7.2758e-05	0.11665	liquid
275.73	2400.0	60.625	0.016495	6.5673	7.3173	29.287	39.958	82.781	2293.2	0.00045233	7.2709e-05	0.11659	liquid
275.80	2400.0	60.609	0.016499	6.5726	7.3228	29.307	39.957	82.797	2292.1	0.00045917	7.2659e-05	0.11652	liquid
275.87	2400.0	60.594	0.016503	6.5780	7.3283	29.327	39.957	82.813	2290.9	0.00046601	7.2610e-05	0.11646	liquid
275.93	2400.0	60.578	0.016508	6.5833	7.3338	29.347	39.957	82.829	2289.7	0.00047287	7.2560e-05	0.11640	liquid
276.00	2400.0	60.562	0.016512	6.5886	7.3393	29.367	39.956	82.846	2288.5	0.00047974	7.2511e-05	0.11633	liquid
276.07	2400.0	60.547	0.016516	6.5939	7.3449	29.387	39.956	82.862	2287.3	0.00048661	7.2462e-05	0.11627	liquid
276.13	2400.0	60.531	0.016520	6.5993	7.3504	29.407	39.955	82.878	2286.1	0.00049351	7.2412e-05	0.11621	liquid
276.20	2400.0	60.515	0.016525	6.6046	7.3559	29.427	39.955	82.895	2284.9	0.00050041	7.2363e-05	0.11615	liquid
276.27	2400.0	60.500	0.016529	6.6099	7.3614	29.447	39.954	82.911	2283.7	0.00050732	7.2314e-05	0.11608	liquid
276.33	2400.0	60.484	0.016533	6.6153	7.3670	29.467	39.954	82.928	2282.5	0.00051425	7.2264e-05	0.11602	liquid
276.40	2400.0	60.468	0.016538	6.6206	7.3725	29.487	39.953	82.944	2281.3	0.00052118	7.2215e-05	0.11596	liquid
276.47	2400.0	60.453	0.016542	6.6259	7.3780	29.507	39.953	82.960	2280.1	0.00052813	7.2166e-05	0.11589	liquid
276.53	2400.0	60.437	0.016546	6.6313	7.3836	29.527	39.953	82.977	2279.0	0.00053509	7.2117e-05	0.11583	liquid
276.60	2400.0	60.421	0.016550	6.6366	7.3891	29.547	39.952	82.993	2277.8	0.00054206	7.2067e-05	0.11577	liquid
276.67	2400.0	60.405	0.016555	6.6419	7.3946	29.567	39.952	83.010	2276.6	0.00054904	7.2018e-05	0.11571	liquid
276.73	2400.0	60.390	0.016559	6.6473	7.4002	29.587	39.951	83.027	2275.4	0.00055604	7.1969e-05	0.11564	liquid
276.80	2400.0	60.374	0.016563	6.6526	7.4057	29.607	39.951	83.043	2274.2	0.00056304	7.1920e-05	0.11558	liquid
276.87	2400.0	60.358	0.016568	6.6580	7.4112	29.627	39.950	83.060	2273.0	0.00057006	7.1871e-05	0.11552	liquid
276.93	2400.0	60.342	0.016572	6.6633	7.4168	29.647	39.950	83.077	2271.8	0.00057709	7.1822e-05	0.11546	liquid
277.00	2400.0	60.327	0.016576	6.6686	7.4223	29.667	39.950	83.093	2270.6	0.00058413	7.1773e-05	0.11539	liquid
277.07	2400.0	60.311	0.016581	6.6740	7.4279	29.687	39.949	83.110	2269.4	0.00059118	7.1724e-05	0.11533	liquid
277.13	2400.0	60.295	0.016585	6.6793	7.4334	29.707	39.949	83.127	2268.2	0.00059825	7.1675e-05	0.11527	liquid
277.20	2400.0	60.279	0.016589	6.6847	7.4389	29.727	39.948	83.143	2267.0	0.00060533	7.1627e-05	0.11521	liquid
277.27	2400.0	60.264	0.016594	6.6900	7.4445	29.747	39.948	83.160	2265.8	0.00061241	7.1578e-05	0.11514	liquid
277.33	2400.0	60.248	0.016598	6.6954	7.4500	29.767	39.948	83.177	2264.7	0.00061951	7.1529e-05	0.11508	liquid
277.40	2400.0	60.232	0.016602	6.7007	7.4556	29.787	39.947	83.194	2263.5	0.00062663	7.1480e-05	0.11502	liquid
277.47	2400.0	60.216	0.016607	6.7061	7.4611	29.807	39.947	83.211	2262.3	0.00063375	7.1431e-05	0.11496	liquid
277.53	2400.0	60.200	0.016611	6.7114	7.4667	29.827	39.946	83.228	2261.1	0.00064089	7.1383e-05	0.11489	liquid
277.60	2400.0	60.185	0.016616	6.7168	7.4722	29.847	39.946	83.245	2259.9	0.00064803	7.1334e-05	0.11483	liquid
277.67	2400.0	60.169	0.016620	6.7221	7.4778	29.867	39.945	83.262	2258.7	0.00065519	7.1285e-05	0.11477	liquid
277.73	2400.0	60.153	0.016624	6.7275	7.4833	29.887	39.945	83.278	2257.5	0.00066237	7.1237e-05	0.11471	liquid
277.80	2400.0	60.137	0.016629	6.7328	7.4889	29.907	39.945	83.295	2256.3	0.00066955	7.1188e-05	0.11464	liquid
277.87	2400.0	60.121	0.016633	6.7382	7.4944	29.927	39.944	83.313	2255.1	0.00067674	7.1139e-05	0.11458	liquid
277.93	2400.0	60.105	0.016637	6.7435	7.5000	29.947	39.944	83.330	2253.9	0.00068395	7.1091e-05	0.11452	liquid
278.00	2400.0	60.089	0.016642	6.7489	7.5055	29.967	39.944	83.347	2252.7	0.00069117	7.1042e-05	0.11446	liquid
278.07	2400.0	60.074	0.016646	6.7542	7.5111	29.987	39.943	83.364	2251.5	0.00069841	7.0994e-05	0.11439	liquid
278.13	2400.0	60.058	0.016651	6.7596	7.5166	30.007	39.943	83.381	2250.3	0.00070565	7.0945e-05	0.11433	liquid
278.20	2400.0	60.042	0.016655	6.7650	7.5222	30.027	39.942	83.398	2249.2	0.00071291	7.0897e-05	0.11427	liquid
278.27	2400.0	60.026	0.016659	6.7703	7.5278	30.047	39.942	83.415	2248.0	0.00072018	7.0849e-05	0.11421	liquid
278.33	2400.0	60.010	0.016664	6.7757	7.5333	30.067	39.942	83.432	2246.8	0.00072746	7.0800e-05	0.11414	liquid
278.40	2400.0	59.994	0.016668	6.7810	7.5389	30.087	39.941	83.450	2245.6	0.00073475	7.0752e-05	0.11408	liquid
278.47	2400.0	59.978	0.016673	6.7864	7.5445	30.107	39.941	83.467	2244.4	0.00074206	7.0704e-05	0.11402	liquid
278.53	2400.0	59.962	0.016677	6.7918	7.5500	30.127	39.940	83.484	2243.2	0.00074937	7.0655e-05	0.11396	liquid
278.60	2400.0	59.946	0.016682	6.7971	7.5556	30.147	39.940	83.502	2242.0	0.00075670	7.0607e-05	0.11390	liquid
278.67	2400.0	59.930	0.016686	6.8025	7.5612	30.167	39.940	83.519	2240.8	0.00076405	7.0559e-05	0.11383	liquid
278.73	2400.0	59.914	0.016690	6.8079	7.5667	30.187	39.939	83.536	2239.6	0.00077140	7.0511e-05	0.11377	liquid
278.80	2400.0	59.898	0.016695	6.8132	7.5723	30.207	39.939	83.554	2238.4	0.00077877	7.0462e-05	0.11371	liquid
278.87	2400.0	59.882	0.016699	6.8186	7.5779	30.227	39.939	83.571	2237.2	0.00078615	7.0414e-05	0.11365	liquid
278.93	2400.0	59.866	0.016704	6.8240	7.5834	30.247	39.938	83.589	2236.0	0.00079354	7.0366e-05	0.11358	liquid
279.00	2400.0	59.851	0.016708	6.8293	7.5890	30.267	39.938	83.606	2234.8	0.00080095	7.0318e-05	0.11352	liquid
279.07	2400.0	59.835	0.016713	6.8347	7.5946	30.287	39.937	83.624	2233.7	0.00080837	7.0270e-05	0.11346	liquid
279.13	2400.0	59.819	0.016717	6.8401	7.6002	30.307	39.937	83.641	2232.5	0.00081580	7.0222e-05	0.11340	liquid
279.20	2400.0	59.803	0.016722	6.8455	7.6057	30.327	39.937	83.659	2231.3	0.00082324	7.0174e-05	0.11334	liquid
279.27	2400.0	59.787	0.016726	6.8508	7.6113	30.346	39.936	83.676	2230.1	0.00083069	7.0126e-05	0.11327	liquid
279.33	2400.0	59.771	0.016731	6.8562	7.6169	30.366	39.936	83.694	2228.9	0.00083816	7.0078e-05	0.11321	liquid
279.40	2400.0	59.754	0.016735	6.8616	7.6225	30.386	39.936	83.712	2227.7	0.00084564	7.0030e-05	0.11315	liquid
279.47	2400.0	59.738	0.016740	6.8670	7.6281	30.406	39.935	83.729	2226.5	0.00085314	6.9982e-05	0.11309	liquid
279.53	2400.0	59.722	0.016744	6.8723	7.6336	30.426	39.935	83.747	2225.3	0.00086064	6.9934e-05	0.11303	liquid
279.60	2400.0	59.706	0.016749	6.8777	7.6392	30.446	39.935	83.765	2224.1	0.00086816	6.9887e-05	0.11296	liquid
279.67	2400.0	59.690	0.016753	6.8831	7.6448	30.466	39.934	83.783	2222.9	0.00087570	6.9839e-05	0.11290	liquid
279.73	2400.0	59.674	0.016758	6.8885	7.6504	30.486	39.934	83.800	2221.7	0.00088324	6.9791e-05	0.11284	liquid
279.80	2400.0	59.658	0.016762	6.8939	7.6560	30.506	39.934	83.818	2220.5	0.00089080	6.9743e-05	0.11278	liquid
279.87	2400.0	59.642	0.016767	6.8992	7.6616	30.526	39.933	83.836	2219.3	0.00089837	6.9696e-05	0.11272	liquid
279.93	2400.0	59.626	0.016771	6.9046	7.6672	30.546	39.933	83.854	2218.1	0.00090595	6.9648e-05	0.11265	liquid
280.00	2400.0	59.610	0.016776	6.9100	7.6727	30.566	39.933	83.872	2216.9	0.00091355	6.9600e-05	0.11259	liquid
280.07	2400.0	59.594	0.016780	6.9154	7.6783	30.586	39.932	83.890	2215.8	0.00092116	6.9553e-05	0.11253	liquid
280.13	2400.0	59.578	0.016785	6.9208	7.6839	30.606	39.932	83.908	2214.6	0.00092878	6.9505e-05	0.11247	liquid
280.20	2400.0	59.562	0.016789	6.9262	7.6895	30.626	39.932	83.926	2213.4	0.00093642	6.9457e-05	0.11241	liquid
280.27	2400.0	59.546	0.016794	6.9316	7.6951	30.646	39.931	83.944	2212.2	0.00094407	6.9410e-05	0.11234	liquid
280.33	2400.0	59.529	0.016798	6.9370	7.7007	30.666	39.931	83.962	2211.0	0.00095173	6.9362e-05	0.11228	liquid
280.40	2400.0	59.513	0.016803	6.9423	7.7063	30.686	39.931	83.980	2209.8	0.00095940	6.9315e-05	0.11222	liquid
280.47	2400.0	59.497	0.016808	6.9477	7.7119	30.706	39.930	83.998	2208.6	0.00096709	6.9267e-05	0.11216	liquid
280.53	2400.0	59.481	0.016812	6.9531	7.7175	30.726	39.930	84.016	2207.4	0.00097479	6.9220e-05	0.11210	liquid
280.60	2400.0	59.465	0.016817	6.9585	7.7231	30.746	39.930	84.034	2206.2	0.00098251	6.9172e-05	0.11203	liquid
280.67	2400.0	59.449	0.016821	6.9639	7.7287	30.766	39.929	84.053	2205.0	0.00099024	6.9125e-05	0.11197	liquid
280.73	2400.0	59.432	0.016826	6.9693	7.7343	30.786	39.929	84.071	2203.8	0.00099798	6.9078e-05	0.11191	liquid
280.80	2400.0	59.416	0.016830	6.9747	7.7399	30.806	39.929	84.089	2202.6	0.0010057	6.9030e-05	0.11185	liquid
280.87	2400.0	59.400	0.016835	6.9801	7.7455	30.826	39.928	84.107	2201.4	0.0010135	6.8983e-05	0.11179	liquid
280.93	2400.0	59.384	0.016840	6.9855	7.7511	30.846	39.928	84.126	2200.2	0.0010213	6.8936e-05	0.11173	liquid
281.00	2400.0	59.368	0.016844	6.9909	7.7568	30.866	39.928	84.144	2199.0	0.0010291	6.8889e-05	0.11166	liquid
281.07	2400.0	59.351	0.016849	6.9963	7.7624	30.886	39.927	84.162	2197.8	0.0010369	6.8841e-05	0.11160	liquid
281.13	2400.0	59.335	0.016853	7.0017	7.7680	30.906	39.927	84.181	2196.6	0.0010447	6.8794e-05	0.11154	liquid
281.20	2400.0	59.319	0.016858	7.0071	7.7736	30.926	39.927	84.199	2195.5	0.0010525	6.8747e-05	0.11148	liquid
281.27	2400.0	59.303	0.016863	7.0125	7.7792	30.946	39.926	84.218	2194.3	0.0010604	6.8700e-05	0.11142	liquid
281.33	2400.0	59.287	0.016867	7.0179	7.7848	30.965	39.926	84.236	2193.1	0.0010683	6.8653e-05	0.11136	liquid
281.40	2400.0	59.270	0.016872	7.0233	7.7904	30.985	39.926	84.255	2191.9	0.0010761	6.8606e-05	0.11129	liquid
281.47	2400.0	59.254	0.016876	7.0287	7.7961	31.005	39.926	84.273	2190.7	0.0010840	6.8558e-05	0.11123	liquid
281.53	2400.0	59.238	0.016881	7.0341	7.8017	31.025	39.925	84.292	2189.5	0.0010919	6.8511e-05	0.11117	liquid
281.60	2400.0	59.221	0.016886	7.0396	7.8073	31.045	39.925	84.310	2188.3	0.0010998	6.8464e-05	0.11111	liquid
281.67	2400.0	59.205	0.016890	7.0450	7.8129	31.065	39.925	84.329	2187.1	0.0011078	6.8417e-05	0.11105	liquid
281.73	2400.0	59.189	0.016895	7.0504	7.8185	31.085	39.924	84.348	2185.9	0.0011157	6.8370e-05	0.11099	liquid
281.80	2400.0	59.173	0.016900	7.0558	7.8242	31.105	39.924	84.367	2184.7	0.0011237	6.8324e-05	0.11092	liquid
281.87	2400.0	59.156	0.016904	7.0612	7.8298	31.125	39.924	84.385	2183.5	0.0011316	6.8277e-05	0.11086	liquid
281.93	2400.0	59.140	0.016909	7.0666	7.8354	31.145	39.924	84.404	2182.3	0.0011396	6.8230e-05	0.11080	liquid
282.00	2400.0	59.124	0.016914	7.0720	7.8410	31.165	39.923	84.423	2181.1	0.0011476	6.8183e-05	0.11074	liquid
282.07	2400.0	59.107	0.016918	7.0775	7.8467	31.185	39.923	84.442	2179.9	0.0011556	6.8136e-05	0.11068	liquid
282.13	2400.0	59.091	0.016923	7.0829	7.8523	31.205	39.923	84.461	2178.7	0.0011637	6.8089e-05	0.11062	liquid
282.20	2400.0	59.075	0.016928	7.0883	7.8579	31.225	39.922	84.479	2177.5	0.0011717	6.8043e-05	0.11055	liquid
282.27	2400.0	59.058	0.016932	7.0937	7.8636	31.245	39.922	84.498	2176.3	0.0011798	6.7996e-05	0.11049	liquid
282.33	2400.0	59.042	0.016937	7.0991	7.8692	31.265	39.922	84.517	2175.1	0.0011878	6.7949e-05	0.11043	liquid
282.40	2400.0	59.026	0.016942	7.1045	7.8748	31.285	39.922	84.536	2173.9	0.0011959	6.7902e-05	0.11037	liquid
282.47	2400.0	59.009	0.016947	7.1100	7.8805	31.305	39.921	84.555	2172.7	0.0012040	6.7856e-05	0.11031	liquid
282.53	2400.0	58.993	0.016951	7.1154	7.8861	31.325	39.921	84.574	2171.5	0.0012121	6.7809e-05	0.11025	liquid
282.60	2400.0	58.976	0.016956	7.1208	7.8917	31.345	39.921	84.593	2170.3	0.0012203	6.7762e-05	0.11019	liquid
282.67	2400.0	58.960	0.016961	7.1262	7.8974	31.365	39.921	84.612	2169.2	0.0012284	6.7716e-05	0.11012	liquid
282.73	2400.0	58.944	0.016965	7.1317	7.9030	31.385	39.920	84.632	2168.0	0.0012366	6.7669e-05	0.11006	liquid
282.80	2400.0	58.927	0.016970	7.1371	7.9087	31.405	39.920	84.651	2166.8	0.0012447	6.7623e-05	0.11000	liquid
282.87	2400.0	58.911	0.016975	7.1425	7.9143	31.425	39.920	84.670	2165.6	0.0012529	6.7576e-05	0.10994	liquid
282.93	2400.0	58.894	0.016980	7.1480	7.9200	31.444	39.919	84.689	2164.4	0.0012611	6.7530e-05	0.10988	liquid
283.00	2400.0	58.878	0.016984	7.1534	7.9256	31.464	39.919	84.708	2163.2	0.0012693	6.7483e-05	0.10982	liquid
283.07	2400.0	58.861	0.016989	7.1588	7.9312	31.484	39.919	84.728	2162.0	0.0012775	6.7437e-05	0.10976	liquid
283.13	2400.0	58.845	0.016994	7.1643	7.9369	31.504	39.919	84.747	2160.8	0.0012858	6.7390e-05	0.10970	liquid
283.20	2400.0	58.829	0.016999	7.1697	7.9425	31.524	39.918	84.766	2159.6	0.0012940	6.7344e-05	0.10963	liquid
283.27	2400.0	58.812	0.017003	7.1751	7.9482	31.544	39.918	84.786	2158.4	0.0013023	6.7298e-05	0.10957	liquid
283.33	2400.0	58.796	0.017008	7.1806	7.9539	31.564	39.918	84.805	2157.2	0.0013106	6.7251e-05	0.10951	liquid
283.40	2400.0	58.779	0.017013	7.1860	7.9595	31.584	39.918	84.825	2156.0	0.0013189	6.7205e-05	0.10945	liquid
283.47	2400.0	58.763	0.017018	7.1914	7.9652	31.604	39.918	84.844	2154.8	0.0013272	6.7159e-05	0.10939	liquid
283.53	2400.0	58.746	0.017022	7.1969	7.9708	31.624	39.917	84.864	2153.6	0.0013355	6.7112e-05	0.10933	liquid
283.60	2400.0	58.730	0.017027	7.2023	7.9765	31.644	39.917	84.883	2152.4	0.0013439	6.7066e-05	0.10927	liquid
283.67	2400.0	58.713	0.017032	7.2078	7.9821	31.664	39.917	84.903	2151.2	0.0013522	6.7020e-05	0.10921	liquid
283.73	2400.0	58.697	0.017037	7.2132	7.9878	31.684	39.917	84.922	2150.0	0.0013606	6.6974e-05	0.10914	liquid
283.80	2400.0	58.680	0.017042	7.2186	7.9935	31.704	39.916	84.942	2148.8	0.0013690	6.6927e-05	0.10908	liquid
283.87	2400.0	58.663	0.017046	7.2241	7.9991	31.724	39.916	84.962	2147.6	0.0013774	6.6881e-05	0.10902	liquid
283.93	2400.0	58.647	0.017051	7.2295	8.0048	31.744	39.916	84.982	2146.4	0.0013858	6.6835e-05	0.10896	liquid
284.00	2400.0	58.630	0.017056	7.2350	8.0105	31.764	39.916	85.001	2145.2	0.0013942	6.6789e-05	0.10890	liquid
284.07	2400.0	58.614	0.017061	7.2404	8.0161	31.784	39.915	85.021	2144.0	0.0014027	6.6743e-05	0.10884	liquid
284.13	2400.0	58.597	0.017066	7.2459	8.0218	31.804	39.915	85.041	2142.8	0.0014111	6.6697e-05	0.10878	liquid
284.20	2400.0	58.581	0.017071	7.2513	8.0275	31.824	39.915	85.061	2141.6	0.0014196	6.6651e-05	0.10872	liquid
284.27	2400.0	58.564	0.017075	7.2568	8.0331	31.844	39.915	85.081	2140.4	0.0014281	6.6605e-05	0.10866	liquid
284.33	2400.0	58.547	0.017080	7.2622	8.0388	31.864	39.915	85.100	2139.2	0.0014366	6.6559e-05	0.10859	liquid
284.40	2400.0	58.531	0.017085	7.2677	8.0445	31.883	39.914	85.120	2138.0	0.0014451	6.6513e-05	0.10853	liquid
284.47	2400.0	58.514	0.017090	7.2731	8.0502	31.903	39.914	85.140	2136.8	0.0014537	6.6467e-05	0.10847	liquid
284.53	2400.0	58.498	0.017095	7.2786	8.0558	31.923	39.914	85.160	2135.6	0.0014622	6.6421e-05	0.10841	liquid
284.60	2400.0	58.481	0.017100	7.2841	8.0615	31.943	39.914	85.180	2134.4	0.0014708	6.6375e-05	0.10835	liquid
284.67	2400.0	58.464	0.017104	7.2895	8.0672	31.963	39.914	85.200	2133.2	0.0014794	6.6329e-05	0.10829	liquid
284.73	2400.0	58.448	0.017109	7.2950	8.0729	31.983	39.913	85.221	2132.0	0.0014880	6.6284e-05	0.10823	liquid
284.80	2400.0	58.431	0.017114	7.3004	8.0786	32.003	39.913	85.241	2130.8	0.0014966	6.6238e-05	0.10817	liquid
284.87	2400.0	58.414	0.017119	7.3059	8.0842	32.023	39.913	85.261	2129.6	0.0015052	6.6192e-05	0.10811	liquid
284.93	2400.0	58.398	0.017124	7.3114	8.0899	32.043	39.913	85.281	2128.5	0.0015139	6.6146e-05	0.10805	liquid
285.00	2400.0	58.381	0.017129	7.3168	8.0956	32.063	39.913	85.301	2127.3	0.0015225	6.6101e-05	0.10799	liquid
285.07	2400.0	58.364	0.017134	7.3223	8.1013	32.083	39.912	85.322	2126.1	0.0015312	6.6055e-05	0.10792	liquid
285.13	2400.0	58.347	0.017139	7.3278	8.1070	32.103	39.912	85.342	2124.9	0.0015399	6.6009e-05	0.10786	liquid
285.20	2400.0	58.331	0.017144	7.3332	8.1127	32.123	39.912	85.362	2123.7	0.0015486	6.5963e-05	0.10780	liquid
285.27	2400.0	58.314	0.017149	7.3387	8.1184	32.143	39.912	85.383	2122.5	0.0015573	6.5918e-05	0.10774	liquid
285.33	2400.0	58.297	0.017153	7.3442	8.1241	32.163	39.912	85.403	2121.3	0.0015661	6.5872e-05	0.10768	liquid
285.40	2400.0	58.281	0.017158	7.3496	8.1298	32.183	39.911	85.423	2120.1	0.0015748	6.5827e-05	0.10762	liquid
285.47	2400.0	58.264	0.017163	7.3551	8.1354	32.203	39.911	85.444	2118.9	0.0015836	6.5781e-05	0.10756	liquid
285.53	2400.0	58.247	0.017168	7.3606	8.1411	32.223	39.911	85.464	2117.7	0.0015924	6.5735e-05	0.10750	liquid
285.60	2400.0	58.230	0.017173	7.3660	8.1468	32.243	39.911	85.485	2116.5	0.0016012	6.5690e-05	0.10744	liquid
285.67	2400.0	58.214	0.017178	7.3715	8.1525	32.263	39.911	85.506	2115.3	0.0016100	6.5644e-05	0.10738	liquid
285.73	2400.0	58.197	0.017183	7.3770	8.1582	32.283	39.911	85.526	2114.1	0.0016188	6.5599e-05	0.10732	liquid
285.80	2400.0	58.180	0.017188	7.3825	8.1639	32.302	39.910	85.547	2112.9	0.0016277	6.5553e-05	0.10726	liquid
285.87	2400.0	58.163	0.017193	7.3879	8.1696	32.322	39.910	85.568	2111.7	0.0016365	6.5508e-05	0.10720	liquid
285.93	2400.0	58.146	0.017198	7.3934	8.1754	32.342	39.910	85.588	2110.5	0.0016454	6.5463e-05	0.10713	liquid
286.00	2400.0	58.130	0.017203	7.3989	8.1811	32.362	39.910	85.609	2109.3	0.0016543	6.5417e-05	0.10707	liquid
286.07	2400.0	58.113	0.017208	7.4044	8.1868	32.382	39.910	85.630	2108.1	0.0016632	6.5372e-05	0.10701	liquid
286.13	2400.0	58.096	0.017213	7.4099	8.1925	32.402	39.910	85.651	2106.9	0.0016721	6.5327e-05	0.10695	liquid
286.20	2400.0	58.079	0.017218	7.4154	8.1982	32.422	39.909	85.671	2105.7	0.0016811	6.5281e-05	0.10689	liquid
286.27	2400.0	58.062	0.017223	7.4208	8.2039	32.442	39.909	85.692	2104.5	0.0016900	6.5236e-05	0.10683	liquid
286.33	2400.0	58.045	0.017228	7.4263	8.2096	32.462	39.909	85.713	2103.3	0.0016990	6.5191e-05	0.10677	liquid
286.40	2400.0	58.028	0.017233	7.4318	8.2153	32.482	39.909	85.734	2102.1	0.0017080	6.5145e-05	0.10671	liquid
286.47	2400.0	58.012	0.017238	7.4373	8.2210	32.502	39.909	85.755	2100.9	0.0017170	6.5100e-05	0.10665	liquid
286.53	2400.0	57.995	0.017243	7.4428	8.2268	32.522	39.909	85.776	2099.7	0.0017260	6.5055e-05	0.10659	liquid
286.60	2400.0	57.978	0.017248	7.4483	8.2325	32.542	39.908	85.797	2098.5	0.0017351	6.5010e-05	0.10653	liquid
286.67	2400.0	57.961	0.017253	7.4538	8.2382	32.562	39.908	85.818	2097.3	0.0017441	6.4965e-05	0.10647	liquid
286.73	2400.0	57.944	0.017258	7.4593	8.2439	32.582	39.908	85.840	2096.1	0.0017532	6.4919e-05	0.10641	liquid
286.80	2400.0	57.927	0.017263	7.4648	8.2496	32.602	39.908	85.861	2094.9	0.0017623	6.4874e-05	0.10635	liquid
286.87	2400.0	57.910	0.017268	7.4703	8.2554	32.622	39.908	85.882	2093.7	0.0017714	6.4829e-05	0.10629	liquid
286.93	2400.0	57.893	0.017273	7.4758	8.2611	32.642	39.908	85.903	2092.5	0.0017805	6.4784e-05	0.10623	liquid
287.00	2400.0	57.876	0.017278	7.4813	8.2668	32.662	39.908	85.924	2091.3	0.0017897	6.4739e-05	0.10617	liquid
287.07	2400.0	57.859	0.017283	7.4867	8.2726	32.682	39.908	85.946	2090.1	0.0017988	6.4694e-05	0.10611	liquid
287.13	2400.0	57.842	0.017288	7.4922	8.2783	32.702	39.907	85.967	2088.9	0.0018080	6.4649e-05	0.10605	liquid
287.20	2400.0	57.825	0.017293	7.4977	8.2840	32.722	39.907	85.989	2087.7	0.0018172	6.4604e-05	0.10599	liquid
287.27	2400.0	57.808	0.017299	7.5033	8.2898	32.742	39.907	86.010	2086.5	0.0018264	6.4559e-05	0.10593	liquid
287.33	2400.0	57.791	0.017304	7.5088	8.2955	32.762	39.907	86.031	2085.3	0.0018356	6.4514e-05	0.10586	liquid
287.40	2400.0	57.774	0.017309	7.5143	8.3012	32.781	39.907	86.053	2084.1	0.0018449	6.4469e-05	0.10580	liquid
287.47	2400.0	57.757	0.017314	7.5198	8.3070	32.801	39.907	86.074	2082.9	0.0018541	6.4424e-05	0.10574	liquid
287.53	2400.0	57.740	0.017319	7.5253	8.3127	32.821	39.907	86.096	2081.7	0.0018634	6.4379e-05	0.10568	liquid
287.60	2400.0	57.723	0.017324	7.5308	8.3184	32.841	39.907	86.118	2080.5	0.0018727	6.4335e-05	0.10562	liquid
287.67	2400.0	57.706	0.017329	7.5363	8.3242	32.861	39.906	86.139	2079.3	0.0018820	6.4290e-05	0.10556	liquid
287.73	2400.0	57.689	0.017334	7.5418	8.3299	32.881	39.906	86.161	2078.1	0.0018913	6.4245e-05	0.10550	liquid
287.80	2400.0	57.672	0.017339	7.5473	8.3357	32.901	39.906	86.183	2076.9	0.0019007	6.4200e-05	0.10544	liquid
287.87	2400.0	57.655	0.017345	7.5528	8.3414	32.921	39.906	86.204	2075.7	0.0019100	6.4155e-05	0.10538	liquid
287.93	2400.0	57.638	0.017350	7.5583	8.3472	32.941	39.906	86.226	2074.5	0.0019194	6.4111e-05	0.10532	liquid
288.00	2400.0	57.621	0.017355	7.5639	8.3529	32.961	39.906	86.248	2073.3	0.0019288	6.4066e-05	0.10526	liquid
288.07	2400.0	57.604	0.017360	7.5694	8.3587	32.981	39.906	86.270	2072.0	0.0019382	6.4021e-05	0.10520	liquid
288.13	2400.0	57.587	0.017365	7.5749	8.3644	33.001	39.906	86.292	2070.8	0.0019476	6.3977e-05	0.10514	liquid
288.20	2400.0	57.570	0.017370	7.5804	8.3702	33.021	39.906	86.314	2069.6	0.0019571	6.3932e-05	0.10508	liquid
288.27	2400.0	57.552	0.017375	7.5859	8.3759	33.041	39.906	86.336	2068.4	0.0019665	6.3887e-05	0.10502	liquid
288.33	2400.0	57.535	0.017381	7.5914	8.3817	33.061	39.905	86.358	2067.2	0.0019760	6.3843e-05	0.10496	liquid
288.40	2400.0	57.518	0.017386	7.5970	8.3874	33.081	39.905	86.380	2066.0	0.0019855	6.3798e-05	0.10490	liquid
288.47	2400.0	57.501	0.017391	7.6025	8.3932	33.101	39.905	86.402	2064.8	0.0019950	6.3753e-05	0.10484	liquid
288.53	2400.0	57.484	0.017396	7.6080	8.3990	33.121	39.905	86.424	2063.6	0.0020046	6.3709e-05	0.10478	liquid
288.60	2400.0	57.467	0.017401	7.6135	8.4047	33.141	39.905	86.446	2062.4	0.0020141	6.3664e-05	0.10472	liquid
288.67	2400.0	57.450	0.017407	7.6191	8.4105	33.161	39.905	86.468	2061.2	0.0020237	6.3620e-05	0.10466	liquid
288.73	2400.0	57.432	0.017412	7.6246	8.4162	33.181	39.905	86.491	2060.0	0.0020333	6.3575e-05	0.10460	liquid
288.80	2400.0	57.415	0.017417	7.6301	8.4220	33.201	39.905	86.513	2058.8	0.0020429	6.3531e-05	0.10454	liquid
288.87	2400.0	57.398	0.017422	7.6357	8.4278	33.221	39.905	86.535	2057.6	0.0020525	6.3486e-05	0.10448	liquid
288.93	2400.0	57.381	0.017427	7.6412	8.4336	33.241	39.905	86.558	2056.4	0.0020621	6.3442e-05	0.10442	liquid
289.00	2400.0	57.364	0.017433	7.6467	8.4393	33.261	39.905	86.580	2055.2	0.0020718	6.3398e-05	0.10436	liquid
289.07	2400.0	57.346	0.017438	7.6523	8.4451	33.281	39.905	86.602	2054.0	0.0020815	6.3353e-05	0.10430	liquid
289.13	2400.0	57.329	0.017443	7.6578	8.4509	33.301	39.904	86.625	2052.8	0.0020912	6.3309e-05	0.10424	liquid
289.20	2400.0	57.312	0.017448	7.6633	8.4566	33.321	39.904	86.647	2051.6	0.0021009	6.3265e-05	0.10418	liquid
289.27	2400.0	57.295	0.017454	7.6689	8.4624	33.341	39.904	86.670	2050.4	0.0021106	6.3220e-05	0.10412	liquid
289.33	2400.0	57.277	0.017459	7.6744	8.4682	33.361	39.904	86.693	2049.2	0.0021204	6.3176e-05	0.10406	liquid
289.40	2400.0	57.260	0.017464	7.6800	8.4740	33.381	39.904	86.715	2048.0	0.0021301	6.3132e-05	0.10400	liquid
289.47	2400.0	57.243	0.017469	7.6855	8.4798	33.400	39.904	86.738	2046.8	0.0021399	6.3087e-05	0.10394	liquid
289.53	2400.0	57.225	0.017475	7.6910	8.4855	33.420	39.904	86.761	2045.6	0.0021497	6.3043e-05	0.10388	liquid
289.60	2400.0	57.208	0.017480	7.6966	8.4913	33.440	39.904	86.783	2044.4	0.0021595	6.2999e-05	0.10382	liquid
289.67	2400.0	57.191	0.017485	7.7021	8.4971	33.460	39.904	86.806	2043.2	0.0021694	6.2955e-05	0.10376	liquid
289.73	2400.0	57.174	0.017491	7.7077	8.5029	33.480	39.904	86.829	2042.0	0.0021792	6.2910e-05	0.10370	liquid
289.80	2400.0	57.156	0.017496	7.7132	8.5087	33.500	39.904	86.852	2040.8	0.0021891	6.2866e-05	0.10364	liquid
289.87	2400.0	57.139	0.017501	7.7188	8.5145	33.520	39.904	86.875	2039.6	0.0021990	6.2822e-05	0.10358	liquid
289.93	2400.0	57.121	0.017507	7.7243	8.5203	33.540	39.904	86.898	2038.4	0.0022089	6.2778e-05	0.10352	liquid
290.00	2400.0	57.104	0.017512	7.7299	8.5261	33.560	39.904	86.921	2037.2	0.0022188	6.2734e-05	0.10346	liquid
