Temperature (K)	Pressure (psia)	Density (lbm/ft3)	Volume (ft3/lbm)	Internal Energy (kJ/mol)	Enthalpy (kJ/mol)	Entropy (J/mol*K)	Cv (J/mol*K)	Cp (J/mol*K)	Sound Spd. (ft/s)	Joule-Thomson (F/psia)	Viscosity (lbm/ft*s)	Therm. Cond. (W/m*K)	Phase
250.00	2500.0	66.346	0.015072	4.5469	5.2608	21.348	40.274	77.788	2767.6	-0.0015824	9.5386e-05	0.14236	liquid
250.07	2500.0	66.333	0.015076	4.5520	5.2660	21.369	40.273	77.796	2766.4	-0.0015787	9.5319e-05	0.14229	liquid
250.13	2500.0	66.319	0.015079	4.5570	5.2711	21.390	40.272	77.805	2765.2	-0.0015750	9.5252e-05	0.14222	liquid
250.20	2500.0	66.306	0.015082	4.5621	5.2763	21.410	40.271	77.814	2764.0	-0.0015713	9.5185e-05	0.14216	liquid
250.27	2500.0	66.292	0.015085	4.5671	5.2815	21.431	40.270	77.823	2762.8	-0.0015676	9.5118e-05	0.14209	liquid
250.33	2500.0	66.279	0.015088	4.5721	5.2867	21.452	40.269	77.832	2761.7	-0.0015639	9.5051e-05	0.14202	liquid
250.40	2500.0	66.265	0.015091	4.5772	5.2919	21.472	40.267	77.841	2760.5	-0.0015602	9.4984e-05	0.14196	liquid
250.47	2500.0	66.252	0.015094	4.5822	5.2971	21.493	40.266	77.850	2759.3	-0.0015564	9.4917e-05	0.14189	liquid
250.53	2500.0	66.238	0.015097	4.5873	5.3023	21.514	40.265	77.859	2758.1	-0.0015527	9.4850e-05	0.14182	liquid
250.60	2500.0	66.225	0.015100	4.5923	5.3075	21.535	40.264	77.867	2756.9	-0.0015490	9.4783e-05	0.14175	liquid
250.67	2500.0	66.211	0.015103	4.5974	5.3127	21.555	40.263	77.876	2755.8	-0.0015452	9.4716e-05	0.14169	liquid
250.73	2500.0	66.198	0.015106	4.6024	5.3179	21.576	40.262	77.885	2754.6	-0.0015415	9.4650e-05	0.14162	liquid
250.80	2500.0	66.184	0.015109	4.6075	5.3230	21.597	40.261	77.894	2753.4	-0.0015377	9.4583e-05	0.14155	liquid
250.87	2500.0	66.171	0.015112	4.6125	5.3282	21.617	40.260	77.903	2752.2	-0.0015340	9.4516e-05	0.14149	liquid
250.93	2500.0	66.157	0.015115	4.6176	5.3334	21.638	40.259	77.912	2751.0	-0.0015302	9.4450e-05	0.14142	liquid
251.00	2500.0	66.144	0.015119	4.6226	5.3386	21.659	40.257	77.921	2749.9	-0.0015264	9.4384e-05	0.14135	liquid
251.07	2500.0	66.130	0.015122	4.6276	5.3438	21.680	40.256	77.930	2748.7	-0.0015226	9.4317e-05	0.14129	liquid
251.13	2500.0	66.117	0.015125	4.6327	5.3490	21.700	40.255	77.939	2747.5	-0.0015189	9.4251e-05	0.14122	liquid
251.20	2500.0	66.103	0.015128	4.6377	5.3542	21.721	40.254	77.948	2746.3	-0.0015151	9.4185e-05	0.14115	liquid
251.27	2500.0	66.090	0.015131	4.6428	5.3594	21.742	40.253	77.957	2745.1	-0.0015113	9.4119e-05	0.14109	liquid
251.33	2500.0	66.076	0.015134	4.6478	5.3646	21.762	40.252	77.966	2744.0	-0.0015075	9.4052e-05	0.14102	liquid
251.40	2500.0	66.063	0.015137	4.6529	5.3698	21.783	40.251	77.976	2742.8	-0.0015037	9.3986e-05	0.14095	liquid
251.47	2500.0	66.049	0.015140	4.6580	5.3750	21.804	40.250	77.985	2741.6	-0.0014999	9.3920e-05	0.14088	liquid
251.53	2500.0	66.036	0.015143	4.6630	5.3802	21.824	40.249	77.994	2740.4	-0.0014961	9.3855e-05	0.14082	liquid
251.60	2500.0	66.022	0.015146	4.6681	5.3854	21.845	40.248	78.003	2739.2	-0.0014922	9.3789e-05	0.14075	liquid
251.67	2500.0	66.008	0.015150	4.6731	5.3906	21.866	40.247	78.012	2738.0	-0.0014884	9.3723e-05	0.14068	liquid
251.73	2500.0	65.995	0.015153	4.6782	5.3958	21.886	40.245	78.021	2736.9	-0.0014846	9.3657e-05	0.14062	liquid
251.80	2500.0	65.981	0.015156	4.6832	5.4010	21.907	40.244	78.030	2735.7	-0.0014808	9.3591e-05	0.14055	liquid
251.87	2500.0	65.968	0.015159	4.6883	5.4062	21.928	40.243	78.039	2734.5	-0.0014769	9.3526e-05	0.14048	liquid
251.93	2500.0	65.954	0.015162	4.6933	5.4114	21.948	40.242	78.049	2733.3	-0.0014731	9.3460e-05	0.14042	liquid
252.00	2500.0	65.941	0.015165	4.6984	5.4166	21.969	40.241	78.058	2732.1	-0.0014692	9.3395e-05	0.14035	liquid
252.07	2500.0	65.927	0.015168	4.7034	5.4218	21.990	40.240	78.067	2731.0	-0.0014654	9.3329e-05	0.14028	liquid
252.13	2500.0	65.913	0.015171	4.7085	5.4270	22.010	40.239	78.076	2729.8	-0.0014615	9.3264e-05	0.14022	liquid
252.20	2500.0	65.900	0.015175	4.7136	5.4322	22.031	40.238	78.085	2728.6	-0.0014576	9.3199e-05	0.14015	liquid
252.27	2500.0	65.886	0.015178	4.7186	5.4374	22.051	40.237	78.095	2727.4	-0.0014538	9.3133e-05	0.14008	liquid
252.33	2500.0	65.873	0.015181	4.7237	5.4426	22.072	40.236	78.104	2726.2	-0.0014499	9.3068e-05	0.14002	liquid
252.40	2500.0	65.859	0.015184	4.7287	5.4478	22.093	40.235	78.113	2725.1	-0.0014460	9.3003e-05	0.13995	liquid
252.47	2500.0	65.845	0.015187	4.7338	5.4531	22.113	40.234	78.123	2723.9	-0.0014421	9.2938e-05	0.13988	liquid
252.53	2500.0	65.832	0.015190	4.7388	5.4583	22.134	40.233	78.132	2722.7	-0.0014382	9.2873e-05	0.13982	liquid
252.60	2500.0	65.818	0.015193	4.7439	5.4635	22.155	40.232	78.141	2721.5	-0.0014343	9.2808e-05	0.13975	liquid
252.67	2500.0	65.805	0.015196	4.7490	5.4687	22.175	40.230	78.150	2720.3	-0.0014304	9.2743e-05	0.13968	liquid
252.73	2500.0	65.791	0.015200	4.7540	5.4739	22.196	40.229	78.160	2719.2	-0.0014265	9.2678e-05	0.13962	liquid
252.80	2500.0	65.777	0.015203	4.7591	5.4791	22.217	40.228	78.169	2718.0	-0.0014226	9.2614e-05	0.13955	liquid
252.87	2500.0	65.764	0.015206	4.7642	5.4843	22.237	40.227	78.179	2716.8	-0.0014187	9.2549e-05	0.13948	liquid
252.93	2500.0	65.750	0.015209	4.7692	5.4895	22.258	40.226	78.188	2715.6	-0.0014147	9.2484e-05	0.13942	liquid
253.00	2500.0	65.737	0.015212	4.7743	5.4947	22.278	40.225	78.197	2714.4	-0.0014108	9.2420e-05	0.13935	liquid
253.07	2500.0	65.723	0.015215	4.7793	5.5000	22.299	40.224	78.207	2713.3	-0.0014069	9.2355e-05	0.13928	liquid
253.13	2500.0	65.709	0.015219	4.7844	5.5052	22.320	40.223	78.216	2712.1	-0.0014029	9.2291e-05	0.13922	liquid
253.20	2500.0	65.696	0.015222	4.7895	5.5104	22.340	40.222	78.226	2710.9	-0.0013990	9.2226e-05	0.13915	liquid
253.27	2500.0	65.682	0.015225	4.7945	5.5156	22.361	40.221	78.235	2709.7	-0.0013950	9.2162e-05	0.13908	liquid
253.33	2500.0	65.668	0.015228	4.7996	5.5208	22.381	40.220	78.244	2708.5	-0.0013911	9.2098e-05	0.13902	liquid
253.40	2500.0	65.655	0.015231	4.8047	5.5260	22.402	40.219	78.254	2707.4	-0.0013871	9.2034e-05	0.13895	liquid
253.47	2500.0	65.641	0.015234	4.8097	5.5312	22.423	40.218	78.263	2706.2	-0.0013831	9.1969e-05	0.13888	liquid
253.53	2500.0	65.627	0.015238	4.8148	5.5365	22.443	40.217	78.273	2705.0	-0.0013791	9.1905e-05	0.13882	liquid
253.60	2500.0	65.614	0.015241	4.8199	5.5417	22.464	40.216	78.282	2703.8	-0.0013752	9.1841e-05	0.13875	liquid
253.67	2500.0	65.600	0.015244	4.8249	5.5469	22.484	40.215	78.292	2702.6	-0.0013712	9.1777e-05	0.13869	liquid
253.73	2500.0	65.586	0.015247	4.8300	5.5521	22.505	40.214	78.302	2701.5	-0.0013672	9.1713e-05	0.13862	liquid
253.80	2500.0	65.573	0.015250	4.8351	5.5573	22.525	40.213	78.311	2700.3	-0.0013632	9.1649e-05	0.13855	liquid
253.87	2500.0	65.559	0.015253	4.8402	5.5626	22.546	40.212	78.321	2699.1	-0.0013592	9.1586e-05	0.13849	liquid
253.93	2500.0	65.545	0.015257	4.8452	5.5678	22.567	40.211	78.330	2697.9	-0.0013552	9.1522e-05	0.13842	liquid
254.00	2500.0	65.531	0.015260	4.8503	5.5730	22.587	40.210	78.340	2696.8	-0.0013512	9.1458e-05	0.13835	liquid
254.07	2500.0	65.518	0.015263	4.8554	5.5782	22.608	40.209	78.349	2695.6	-0.0013471	9.1395e-05	0.13829	liquid
254.13	2500.0	65.504	0.015266	4.8604	5.5835	22.628	40.208	78.359	2694.4	-0.0013431	9.1331e-05	0.13822	liquid
254.20	2500.0	65.490	0.015269	4.8655	5.5887	22.649	40.207	78.369	2693.2	-0.0013391	9.1267e-05	0.13815	liquid
254.27	2500.0	65.477	0.015273	4.8706	5.5939	22.669	40.206	78.378	2692.0	-0.0013350	9.1204e-05	0.13809	liquid
254.33	2500.0	65.463	0.015276	4.8757	5.5991	22.690	40.205	78.388	2690.9	-0.0013310	9.1141e-05	0.13802	liquid
254.40	2500.0	65.449	0.015279	4.8807	5.6044	22.710	40.204	78.398	2689.7	-0.0013269	9.1077e-05	0.13795	liquid
254.47	2500.0	65.435	0.015282	4.8858	5.6096	22.731	40.203	78.407	2688.5	-0.0013229	9.1014e-05	0.13789	liquid
254.53	2500.0	65.422	0.015285	4.8909	5.6148	22.751	40.202	78.417	2687.3	-0.0013188	9.0951e-05	0.13782	liquid
254.60	2500.0	65.408	0.015289	4.8960	5.6200	22.772	40.201	78.427	2686.1	-0.0013147	9.0888e-05	0.13776	liquid
254.67	2500.0	65.394	0.015292	4.9010	5.6253	22.793	40.200	78.436	2685.0	-0.0013107	9.0824e-05	0.13769	liquid
254.73	2500.0	65.380	0.015295	4.9061	5.6305	22.813	40.199	78.446	2683.8	-0.0013066	9.0761e-05	0.13762	liquid
254.80	2500.0	65.367	0.015298	4.9112	5.6357	22.834	40.198	78.456	2682.6	-0.0013025	9.0698e-05	0.13756	liquid
254.87	2500.0	65.353	0.015302	4.9163	5.6410	22.854	40.197	78.466	2681.4	-0.0012984	9.0635e-05	0.13749	liquid
254.93	2500.0	65.339	0.015305	4.9213	5.6462	22.875	40.196	78.476	2680.3	-0.0012943	9.0572e-05	0.13742	liquid
255.00	2500.0	65.325	0.015308	4.9264	5.6514	22.895	40.195	78.485	2679.1	-0.0012902	9.0510e-05	0.13736	liquid
255.07	2500.0	65.312	0.015311	4.9315	5.6567	22.916	40.194	78.495	2677.9	-0.0012861	9.0447e-05	0.13729	liquid
255.13	2500.0	65.298	0.015314	4.9366	5.6619	22.936	40.193	78.505	2676.7	-0.0012820	9.0384e-05	0.13723	liquid
255.20	2500.0	65.284	0.015318	4.9417	5.6671	22.957	40.192	78.515	2675.5	-0.0012779	9.0321e-05	0.13716	liquid
255.27	2500.0	65.270	0.015321	4.9468	5.6724	22.977	40.191	78.525	2674.4	-0.0012737	9.0259e-05	0.13709	liquid
255.33	2500.0	65.257	0.015324	4.9518	5.6776	22.998	40.190	78.535	2673.2	-0.0012696	9.0196e-05	0.13703	liquid
255.40	2500.0	65.243	0.015327	4.9569	5.6828	23.018	40.189	78.544	2672.0	-0.0012655	9.0134e-05	0.13696	liquid
255.47	2500.0	65.229	0.015331	4.9620	5.6881	23.039	40.188	78.554	2670.8	-0.0012613	9.0071e-05	0.13689	liquid
255.53	2500.0	65.215	0.015334	4.9671	5.6933	23.059	40.187	78.564	2669.6	-0.0012572	9.0009e-05	0.13683	liquid
255.60	2500.0	65.201	0.015337	4.9722	5.6985	23.080	40.186	78.574	2668.5	-0.0012530	8.9947e-05	0.13676	liquid
255.67	2500.0	65.188	0.015340	4.9773	5.7038	23.100	40.185	78.584	2667.3	-0.0012489	8.9884e-05	0.13670	liquid
255.73	2500.0	65.174	0.015344	4.9823	5.7090	23.121	40.184	78.594	2666.1	-0.0012447	8.9822e-05	0.13663	liquid
255.80	2500.0	65.160	0.015347	4.9874	5.7143	23.141	40.183	78.604	2664.9	-0.0012405	8.9760e-05	0.13656	liquid
255.87	2500.0	65.146	0.015350	4.9925	5.7195	23.162	40.182	78.614	2663.8	-0.0012364	8.9698e-05	0.13650	liquid
255.93	2500.0	65.132	0.015353	4.9976	5.7247	23.182	40.181	78.624	2662.6	-0.0012322	8.9636e-05	0.13643	liquid
256.00	2500.0	65.118	0.015357	5.0027	5.7300	23.203	40.180	78.634	2661.4	-0.0012280	8.9574e-05	0.13637	liquid
256.07	2500.0	65.105	0.015360	5.0078	5.7352	23.223	40.179	78.644	2660.2	-0.0012238	8.9512e-05	0.13630	liquid
256.13	2500.0	65.091	0.015363	5.0129	5.7405	23.244	40.178	78.654	2659.0	-0.0012196	8.9450e-05	0.13623	liquid
256.20	2500.0	65.077	0.015366	5.0179	5.7457	23.264	40.177	78.664	2657.9	-0.0012154	8.9388e-05	0.13617	liquid
256.27	2500.0	65.063	0.015370	5.0230	5.7510	23.285	40.176	78.674	2656.7	-0.0012112	8.9326e-05	0.13610	liquid
256.33	2500.0	65.049	0.015373	5.0281	5.7562	23.305	40.175	78.684	2655.5	-0.0012069	8.9265e-05	0.13604	liquid
256.40	2500.0	65.035	0.015376	5.0332	5.7614	23.325	40.174	78.694	2654.3	-0.0012027	8.9203e-05	0.13597	liquid
256.47	2500.0	65.022	0.015380	5.0383	5.7667	23.346	40.173	78.704	2653.2	-0.0011985	8.9141e-05	0.13590	liquid
256.53	2500.0	65.008	0.015383	5.0434	5.7719	23.366	40.172	78.715	2652.0	-0.0011942	8.9080e-05	0.13584	liquid
256.60	2500.0	64.994	0.015386	5.0485	5.7772	23.387	40.171	78.725	2650.8	-0.0011900	8.9018e-05	0.13577	liquid
256.67	2500.0	64.980	0.015389	5.0536	5.7824	23.407	40.170	78.735	2649.6	-0.0011857	8.8957e-05	0.13571	liquid
256.73	2500.0	64.966	0.015393	5.0587	5.7877	23.428	40.169	78.745	2648.4	-0.0011815	8.8895e-05	0.13564	liquid
256.80	2500.0	64.952	0.015396	5.0638	5.7929	23.448	40.168	78.755	2647.3	-0.0011772	8.8834e-05	0.13557	liquid
256.87	2500.0	64.938	0.015399	5.0689	5.7982	23.469	40.167	78.765	2646.1	-0.0011729	8.8773e-05	0.13551	liquid
256.93	2500.0	64.924	0.015403	5.0740	5.8034	23.489	40.166	78.776	2644.9	-0.0011687	8.8711e-05	0.13544	liquid
257.00	2500.0	64.911	0.015406	5.0791	5.8087	23.510	40.165	78.786	2643.7	-0.0011644	8.8650e-05	0.13538	liquid
257.07	2500.0	64.897	0.015409	5.0842	5.8139	23.530	40.164	78.796	2642.6	-0.0011601	8.8589e-05	0.13531	liquid
257.13	2500.0	64.883	0.015412	5.0893	5.8192	23.550	40.164	78.806	2641.4	-0.0011558	8.8528e-05	0.13524	liquid
257.20	2500.0	64.869	0.015416	5.0944	5.8245	23.571	40.163	78.816	2640.2	-0.0011515	8.8467e-05	0.13518	liquid
257.27	2500.0	64.855	0.015419	5.0995	5.8297	23.591	40.162	78.827	2639.0	-0.0011472	8.8406e-05	0.13511	liquid
257.33	2500.0	64.841	0.015422	5.1046	5.8350	23.612	40.161	78.837	2637.8	-0.0011429	8.8345e-05	0.13505	liquid
257.40	2500.0	64.827	0.015426	5.1097	5.8402	23.632	40.160	78.847	2636.7	-0.0011386	8.8284e-05	0.13498	liquid
257.47	2500.0	64.813	0.015429	5.1148	5.8455	23.653	40.159	78.858	2635.5	-0.0011342	8.8223e-05	0.13492	liquid
257.53	2500.0	64.799	0.015432	5.1199	5.8507	23.673	40.158	78.868	2634.3	-0.0011299	8.8163e-05	0.13485	liquid
257.60	2500.0	64.785	0.015436	5.1250	5.8560	23.693	40.157	78.878	2633.1	-0.0011256	8.8102e-05	0.13478	liquid
257.67	2500.0	64.771	0.015439	5.1301	5.8613	23.714	40.156	78.889	2632.0	-0.0011212	8.8041e-05	0.13472	liquid
257.73	2500.0	64.757	0.015442	5.1352	5.8665	23.734	40.155	78.899	2630.8	-0.0011169	8.7981e-05	0.13465	liquid
257.80	2500.0	64.743	0.015446	5.1403	5.8718	23.755	40.154	78.909	2629.6	-0.0011125	8.7920e-05	0.13459	liquid
257.87	2500.0	64.729	0.015449	5.1454	5.8770	23.775	40.153	78.920	2628.4	-0.0011082	8.7860e-05	0.13452	liquid
257.93	2500.0	64.716	0.015452	5.1505	5.8823	23.795	40.152	78.930	2627.2	-0.0011038	8.7799e-05	0.13445	liquid
258.00	2500.0	64.702	0.015456	5.1556	5.8876	23.816	40.151	78.941	2626.1	-0.0010994	8.7739e-05	0.13439	liquid
258.07	2500.0	64.688	0.015459	5.1607	5.8928	23.836	40.150	78.951	2624.9	-0.0010950	8.7678e-05	0.13432	liquid
258.13	2500.0	64.674	0.015462	5.1658	5.8981	23.857	40.150	78.962	2623.7	-0.0010906	8.7618e-05	0.13426	liquid
258.20	2500.0	64.660	0.015466	5.1709	5.9033	23.877	40.149	78.972	2622.5	-0.0010863	8.7558e-05	0.13419	liquid
258.27	2500.0	64.646	0.015469	5.1760	5.9086	23.897	40.148	78.983	2621.4	-0.0010819	8.7498e-05	0.13413	liquid
258.33	2500.0	64.632	0.015472	5.1811	5.9139	23.918	40.147	78.993	2620.2	-0.0010774	8.7438e-05	0.13406	liquid
258.40	2500.0	64.618	0.015476	5.1862	5.9191	23.938	40.146	79.004	2619.0	-0.0010730	8.7377e-05	0.13399	liquid
258.47	2500.0	64.604	0.015479	5.1913	5.9244	23.959	40.145	79.014	2617.8	-0.0010686	8.7317e-05	0.13393	liquid
258.53	2500.0	64.590	0.015482	5.1964	5.9297	23.979	40.144	79.025	2616.7	-0.0010642	8.7257e-05	0.13386	liquid
258.60	2500.0	64.576	0.015486	5.2015	5.9349	23.999	40.143	79.035	2615.5	-0.0010598	8.7198e-05	0.13380	liquid
258.67	2500.0	64.562	0.015489	5.2066	5.9402	24.020	40.142	79.046	2614.3	-0.0010553	8.7138e-05	0.13373	liquid
258.73	2500.0	64.548	0.015492	5.2118	5.9455	24.040	40.141	79.057	2613.1	-0.0010509	8.7078e-05	0.13367	liquid
258.80	2500.0	64.534	0.015496	5.2169	5.9508	24.060	40.140	79.067	2611.9	-0.0010464	8.7018e-05	0.13360	liquid
258.87	2500.0	64.520	0.015499	5.2220	5.9560	24.081	40.140	79.078	2610.8	-0.0010420	8.6958e-05	0.13354	liquid
258.93	2500.0	64.506	0.015503	5.2271	5.9613	24.101	40.139	79.088	2609.6	-0.0010375	8.6899e-05	0.13347	liquid
259.00	2500.0	64.492	0.015506	5.2322	5.9666	24.121	40.138	79.099	2608.4	-0.0010330	8.6839e-05	0.13340	liquid
259.07	2500.0	64.478	0.015509	5.2373	5.9718	24.142	40.137	79.110	2607.2	-0.0010286	8.6779e-05	0.13334	liquid
259.13	2500.0	64.463	0.015513	5.2424	5.9771	24.162	40.136	79.120	2606.1	-0.0010241	8.6720e-05	0.13327	liquid
259.20	2500.0	64.449	0.015516	5.2475	5.9824	24.183	40.135	79.131	2604.9	-0.0010196	8.6660e-05	0.13321	liquid
259.27	2500.0	64.435	0.015519	5.2527	5.9877	24.203	40.134	79.142	2603.7	-0.0010151	8.6601e-05	0.13314	liquid
259.33	2500.0	64.421	0.015523	5.2578	5.9929	24.223	40.133	79.153	2602.5	-0.0010106	8.6542e-05	0.13308	liquid
259.40	2500.0	64.407	0.015526	5.2629	5.9982	24.244	40.132	79.163	2601.4	-0.0010061	8.6482e-05	0.13301	liquid
259.47	2500.0	64.393	0.015530	5.2680	6.0035	24.264	40.132	79.174	2600.2	-0.0010016	8.6423e-05	0.13295	liquid
259.53	2500.0	64.379	0.015533	5.2731	6.0088	24.284	40.131	79.185	2599.0	-0.00099703	8.6364e-05	0.13288	liquid
259.60	2500.0	64.365	0.015536	5.2783	6.0141	24.305	40.130	79.196	2597.8	-0.00099250	8.6305e-05	0.13281	liquid
259.67	2500.0	64.351	0.015540	5.2834	6.0193	24.325	40.129	79.207	2596.7	-0.00098797	8.6246e-05	0.13275	liquid
259.73	2500.0	64.337	0.015543	5.2885	6.0246	24.345	40.128	79.217	2595.5	-0.00098342	8.6186e-05	0.13268	liquid
259.80	2500.0	64.323	0.015547	5.2936	6.0299	24.366	40.127	79.228	2594.3	-0.00097888	8.6127e-05	0.13262	liquid
259.87	2500.0	64.309	0.015550	5.2987	6.0352	24.386	40.126	79.239	2593.1	-0.00097432	8.6068e-05	0.13255	liquid
259.93	2500.0	64.295	0.015553	5.3039	6.0405	24.406	40.125	79.250	2591.9	-0.00096976	8.6010e-05	0.13249	liquid
260.00	2500.0	64.281	0.015557	5.3090	6.0458	24.427	40.125	79.261	2590.8	-0.00096519	8.5951e-05	0.13242	liquid
260.07	2500.0	64.266	0.015560	5.3141	6.0510	24.447	40.124	79.272	2589.6	-0.00096061	8.5892e-05	0.13236	liquid
260.13	2500.0	64.252	0.015564	5.3192	6.0563	24.467	40.123	79.283	2588.4	-0.00095603	8.5833e-05	0.13229	liquid
260.20	2500.0	64.238	0.015567	5.3243	6.0616	24.488	40.122	79.294	2587.2	-0.00095144	8.5774e-05	0.13223	liquid
260.27	2500.0	64.224	0.015570	5.3295	6.0669	24.508	40.121	79.304	2586.1	-0.00094685	8.5716e-05	0.13216	liquid
260.33	2500.0	64.210	0.015574	5.3346	6.0722	24.528	40.120	79.315	2584.9	-0.00094224	8.5657e-05	0.13210	liquid
260.40	2500.0	64.196	0.015577	5.3397	6.0775	24.548	40.119	79.326	2583.7	-0.00093764	8.5598e-05	0.13203	liquid
260.47	2500.0	64.182	0.015581	5.3448	6.0828	24.569	40.119	79.337	2582.5	-0.00093302	8.5540e-05	0.13197	liquid
260.53	2500.0	64.168	0.015584	5.3500	6.0881	24.589	40.118	79.348	2581.4	-0.00092840	8.5481e-05	0.13190	liquid
260.60	2500.0	64.153	0.015588	5.3551	6.0933	24.609	40.117	79.359	2580.2	-0.00092377	8.5423e-05	0.13183	liquid
260.67	2500.0	64.139	0.015591	5.3602	6.0986	24.630	40.116	79.370	2579.0	-0.00091913	8.5365e-05	0.13177	liquid
260.73	2500.0	64.125	0.015595	5.3654	6.1039	24.650	40.115	79.382	2577.8	-0.00091449	8.5306e-05	0.13170	liquid
260.80	2500.0	64.111	0.015598	5.3705	6.1092	24.670	40.114	79.393	2576.7	-0.00090984	8.5248e-05	0.13164	liquid
260.87	2500.0	64.097	0.015601	5.3756	6.1145	24.691	40.113	79.404	2575.5	-0.00090519	8.5190e-05	0.13157	liquid
260.93	2500.0	64.083	0.015605	5.3807	6.1198	24.711	40.113	79.415	2574.3	-0.00090052	8.5132e-05	0.13151	liquid
261.00	2500.0	64.068	0.015608	5.3859	6.1251	24.731	40.112	79.426	2573.1	-0.00089585	8.5073e-05	0.13144	liquid
261.07	2500.0	64.054	0.015612	5.3910	6.1304	24.751	40.111	79.437	2572.0	-0.00089118	8.5015e-05	0.13138	liquid
261.13	2500.0	64.040	0.015615	5.3961	6.1357	24.772	40.110	79.448	2570.8	-0.00088649	8.4957e-05	0.13131	liquid
261.20	2500.0	64.026	0.015619	5.4013	6.1410	24.792	40.109	79.459	2569.6	-0.00088180	8.4899e-05	0.13125	liquid
261.27	2500.0	64.012	0.015622	5.4064	6.1463	24.812	40.108	79.471	2568.4	-0.00087711	8.4841e-05	0.13118	liquid
261.33	2500.0	63.997	0.015626	5.4115	6.1516	24.833	40.108	79.482	2567.3	-0.00087240	8.4783e-05	0.13112	liquid
261.40	2500.0	63.983	0.015629	5.4167	6.1569	24.853	40.107	79.493	2566.1	-0.00086769	8.4726e-05	0.13105	liquid
261.47	2500.0	63.969	0.015633	5.4218	6.1622	24.873	40.106	79.504	2564.9	-0.00086297	8.4668e-05	0.13099	liquid
261.53	2500.0	63.955	0.015636	5.4269	6.1675	24.893	40.105	79.515	2563.7	-0.00085825	8.4610e-05	0.13092	liquid
261.60	2500.0	63.941	0.015640	5.4321	6.1728	24.914	40.104	79.527	2562.5	-0.00085352	8.4552e-05	0.13086	liquid
261.67	2500.0	63.926	0.015643	5.4372	6.1781	24.934	40.103	79.538	2561.4	-0.00084878	8.4495e-05	0.13079	liquid
261.73	2500.0	63.912	0.015646	5.4424	6.1834	24.954	40.103	79.549	2560.2	-0.00084403	8.4437e-05	0.13073	liquid
261.80	2500.0	63.898	0.015650	5.4475	6.1887	24.974	40.102	79.561	2559.0	-0.00083928	8.4379e-05	0.13066	liquid
261.87	2500.0	63.884	0.015653	5.4526	6.1940	24.995	40.101	79.572	2557.8	-0.00083452	8.4322e-05	0.13060	liquid
261.93	2500.0	63.869	0.015657	5.4578	6.1993	25.015	40.100	79.583	2556.7	-0.00082976	8.4264e-05	0.13053	liquid
262.00	2500.0	63.855	0.015660	5.4629	6.2046	25.035	40.099	79.595	2555.5	-0.00082498	8.4207e-05	0.13047	liquid
262.07	2500.0	63.841	0.015664	5.4681	6.2099	25.055	40.098	79.606	2554.3	-0.00082020	8.4150e-05	0.13040	liquid
262.13	2500.0	63.827	0.015667	5.4732	6.2152	25.076	40.098	79.617	2553.1	-0.00081542	8.4092e-05	0.13034	liquid
262.20	2500.0	63.812	0.015671	5.4783	6.2205	25.096	40.097	79.629	2552.0	-0.00081062	8.4035e-05	0.13027	liquid
262.27	2500.0	63.798	0.015674	5.4835	6.2258	25.116	40.096	79.640	2550.8	-0.00080582	8.3978e-05	0.13021	liquid
262.33	2500.0	63.784	0.015678	5.4886	6.2311	25.136	40.095	79.652	2549.6	-0.00080101	8.3920e-05	0.13014	liquid
262.40	2500.0	63.770	0.015681	5.4938	6.2365	25.157	40.094	79.663	2548.4	-0.00079620	8.3863e-05	0.13008	liquid
262.47	2500.0	63.755	0.015685	5.4989	6.2418	25.177	40.094	79.675	2547.3	-0.00079137	8.3806e-05	0.13001	liquid
262.53	2500.0	63.741	0.015688	5.5041	6.2471	25.197	40.093	79.686	2546.1	-0.00078654	8.3749e-05	0.12995	liquid
262.60	2500.0	63.727	0.015692	5.5092	6.2524	25.217	40.092	79.697	2544.9	-0.00078171	8.3692e-05	0.12988	liquid
262.67	2500.0	63.712	0.015696	5.5144	6.2577	25.238	40.091	79.709	2543.7	-0.00077686	8.3635e-05	0.12982	liquid
262.73	2500.0	63.698	0.015699	5.5195	6.2630	25.258	40.090	79.721	2542.6	-0.00077201	8.3578e-05	0.12975	liquid
262.80	2500.0	63.684	0.015703	5.5247	6.2683	25.278	40.090	79.732	2541.4	-0.00076715	8.3521e-05	0.12969	liquid
262.87	2500.0	63.670	0.015706	5.5298	6.2737	25.298	40.089	79.744	2540.2	-0.00076229	8.3464e-05	0.12962	liquid
262.93	2500.0	63.655	0.015710	5.5350	6.2790	25.319	40.088	79.755	2539.0	-0.00075741	8.3408e-05	0.12956	liquid
263.00	2500.0	63.641	0.015713	5.5401	6.2843	25.339	40.087	79.767	2537.9	-0.00075253	8.3351e-05	0.12949	liquid
263.07	2500.0	63.627	0.015717	5.5453	6.2896	25.359	40.086	79.778	2536.7	-0.00074765	8.3294e-05	0.12943	liquid
263.13	2500.0	63.612	0.015720	5.5504	6.2949	25.379	40.086	79.790	2535.5	-0.00074275	8.3238e-05	0.12936	liquid
263.20	2500.0	63.598	0.015724	5.5556	6.3002	25.399	40.085	79.802	2534.3	-0.00073785	8.3181e-05	0.12930	liquid
263.27	2500.0	63.584	0.015727	5.5607	6.3056	25.420	40.084	79.813	2533.2	-0.00073294	8.3124e-05	0.12923	liquid
263.33	2500.0	63.569	0.015731	5.5659	6.3109	25.440	40.083	79.825	2532.0	-0.00072803	8.3068e-05	0.12917	liquid
263.40	2500.0	63.555	0.015734	5.5710	6.3162	25.460	40.082	79.837	2530.8	-0.00072310	8.3011e-05	0.12910	liquid
263.47	2500.0	63.540	0.015738	5.5762	6.3215	25.480	40.082	79.848	2529.6	-0.00071817	8.2955e-05	0.12904	liquid
263.53	2500.0	63.526	0.015742	5.5813	6.3269	25.500	40.081	79.860	2528.5	-0.00071323	8.2899e-05	0.12897	liquid
263.60	2500.0	63.512	0.015745	5.5865	6.3322	25.521	40.080	79.872	2527.3	-0.00070829	8.2842e-05	0.12891	liquid
263.67	2500.0	63.497	0.015749	5.5916	6.3375	25.541	40.079	79.884	2526.1	-0.00070334	8.2786e-05	0.12884	liquid
263.73	2500.0	63.483	0.015752	5.5968	6.3428	25.561	40.078	79.895	2524.9	-0.00069838	8.2730e-05	0.12878	liquid
263.80	2500.0	63.469	0.015756	5.6020	6.3482	25.581	40.078	79.907	2523.8	-0.00069341	8.2674e-05	0.12872	liquid
263.87	2500.0	63.454	0.015759	5.6071	6.3535	25.601	40.077	79.919	2522.6	-0.00068844	8.2617e-05	0.12865	liquid
263.93	2500.0	63.440	0.015763	5.6123	6.3588	25.622	40.076	79.931	2521.4	-0.00068345	8.2561e-05	0.12859	liquid
264.00	2500.0	63.425	0.015767	5.6174	6.3641	25.642	40.075	79.943	2520.2	-0.00067846	8.2505e-05	0.12852	liquid
264.07	2500.0	63.411	0.015770	5.6226	6.3695	25.662	40.075	79.955	2519.1	-0.00067347	8.2449e-05	0.12846	liquid
264.13	2500.0	63.397	0.015774	5.6278	6.3748	25.682	40.074	79.967	2517.9	-0.00066846	8.2393e-05	0.12839	liquid
264.20	2500.0	63.382	0.015777	5.6329	6.3801	25.702	40.073	79.978	2516.7	-0.00066345	8.2337e-05	0.12833	liquid
264.27	2500.0	63.368	0.015781	5.6381	6.3855	25.723	40.072	79.990	2515.5	-0.00065843	8.2281e-05	0.12826	liquid
264.33	2500.0	63.353	0.015784	5.6432	6.3908	25.743	40.072	80.002	2514.4	-0.00065341	8.2226e-05	0.12820	liquid
264.40	2500.0	63.339	0.015788	5.6484	6.3961	25.763	40.071	80.014	2513.2	-0.00064837	8.2170e-05	0.12813	liquid
264.47	2500.0	63.325	0.015792	5.6536	6.4015	25.783	40.070	80.026	2512.0	-0.00064333	8.2114e-05	0.12807	liquid
264.53	2500.0	63.310	0.015795	5.6587	6.4068	25.803	40.069	80.038	2510.8	-0.00063828	8.2058e-05	0.12800	liquid
264.60	2500.0	63.296	0.015799	5.6639	6.4121	25.823	40.069	80.050	2509.7	-0.00063322	8.2003e-05	0.12794	liquid
264.67	2500.0	63.281	0.015802	5.6691	6.4175	25.844	40.068	80.062	2508.5	-0.00062816	8.1947e-05	0.12788	liquid
264.73	2500.0	63.267	0.015806	5.6742	6.4228	25.864	40.067	80.074	2507.3	-0.00062309	8.1891e-05	0.12781	liquid
264.80	2500.0	63.252	0.015810	5.6794	6.4282	25.884	40.066	80.086	2506.1	-0.00061801	8.1836e-05	0.12775	liquid
264.87	2500.0	63.238	0.015813	5.6846	6.4335	25.904	40.066	80.098	2505.0	-0.00061292	8.1780e-05	0.12768	liquid
264.93	2500.0	63.223	0.015817	5.6897	6.4388	25.924	40.065	80.110	2503.8	-0.00060783	8.1725e-05	0.12762	liquid
265.00	2500.0	63.209	0.015821	5.6949	6.4442	25.944	40.064	80.122	2502.6	-0.00060273	8.1669e-05	0.12755	liquid
265.07	2500.0	63.194	0.015824	5.7001	6.4495	25.965	40.063	80.135	2501.4	-0.00059762	8.1614e-05	0.12749	liquid
265.13	2500.0	63.180	0.015828	5.7052	6.4549	25.985	40.063	80.147	2500.3	-0.00059250	8.1559e-05	0.12742	liquid
265.20	2500.0	63.165	0.015831	5.7104	6.4602	26.005	40.062	80.159	2499.1	-0.00058737	8.1503e-05	0.12736	liquid
265.27	2500.0	63.151	0.015835	5.7156	6.4655	26.025	40.061	80.171	2497.9	-0.00058224	8.1448e-05	0.12730	liquid
265.33	2500.0	63.136	0.015839	5.7208	6.4709	26.045	40.060	80.183	2496.7	-0.00057710	8.1393e-05	0.12723	liquid
265.40	2500.0	63.122	0.015842	5.7259	6.4762	26.065	40.060	80.195	2495.6	-0.00057195	8.1338e-05	0.12717	liquid
265.47	2500.0	63.107	0.015846	5.7311	6.4816	26.085	40.059	80.208	2494.4	-0.00056680	8.1283e-05	0.12710	liquid
265.53	2500.0	63.093	0.015850	5.7363	6.4869	26.106	40.058	80.220	2493.2	-0.00056163	8.1228e-05	0.12704	liquid
265.60	2500.0	63.078	0.015853	5.7415	6.4923	26.126	40.057	80.232	2492.0	-0.00055646	8.1173e-05	0.12697	liquid
265.67	2500.0	63.064	0.015857	5.7466	6.4976	26.146	40.057	80.244	2490.9	-0.00055128	8.1118e-05	0.12691	liquid
265.73	2500.0	63.049	0.015861	5.7518	6.5030	26.166	40.056	80.257	2489.7	-0.00054610	8.1063e-05	0.12684	liquid
265.80	2500.0	63.035	0.015864	5.7570	6.5083	26.186	40.055	80.269	2488.5	-0.00054090	8.1008e-05	0.12678	liquid
265.87	2500.0	63.020	0.015868	5.7622	6.5137	26.206	40.054	80.281	2487.3	-0.00053570	8.0953e-05	0.12672	liquid
265.93	2500.0	63.006	0.015872	5.7673	6.5190	26.226	40.054	80.294	2486.2	-0.00053049	8.0898e-05	0.12665	liquid
266.00	2500.0	62.991	0.015875	5.7725	6.5244	26.247	40.053	80.306	2485.0	-0.00052527	8.0843e-05	0.12659	liquid
266.07	2500.0	62.977	0.015879	5.7777	6.5297	26.267	40.052	80.318	2483.8	-0.00052005	8.0789e-05	0.12652	liquid
266.13	2500.0	62.962	0.015883	5.7829	6.5351	26.287	40.052	80.331	2482.6	-0.00051481	8.0734e-05	0.12646	liquid
266.20	2500.0	62.947	0.015886	5.7881	6.5405	26.307	40.051	80.343	2481.5	-0.00050957	8.0679e-05	0.12639	liquid
266.27	2500.0	62.933	0.015890	5.7933	6.5458	26.327	40.050	80.356	2480.3	-0.00050432	8.0625e-05	0.12633	liquid
266.33	2500.0	62.918	0.015894	5.7984	6.5512	26.347	40.049	80.368	2479.1	-0.00049907	8.0570e-05	0.12627	liquid
266.40	2500.0	62.904	0.015897	5.8036	6.5565	26.367	40.049	80.381	2477.9	-0.00049380	8.0516e-05	0.12620	liquid
266.47	2500.0	62.889	0.015901	5.8088	6.5619	26.387	40.048	80.393	2476.8	-0.00048853	8.0461e-05	0.12614	liquid
266.53	2500.0	62.874	0.015905	5.8140	6.5672	26.407	40.047	80.406	2475.6	-0.00048325	8.0407e-05	0.12607	liquid
266.60	2500.0	62.860	0.015908	5.8192	6.5726	26.428	40.047	80.418	2474.4	-0.00047796	8.0352e-05	0.12601	liquid
266.67	2500.0	62.845	0.015912	5.8244	6.5780	26.448	40.046	80.431	2473.2	-0.00047266	8.0298e-05	0.12595	liquid
266.73	2500.0	62.831	0.015916	5.8295	6.5833	26.468	40.045	80.443	2472.1	-0.00046736	8.0244e-05	0.12588	liquid
266.80	2500.0	62.816	0.015920	5.8347	6.5887	26.488	40.044	80.456	2470.9	-0.00046204	8.0189e-05	0.12582	liquid
266.87	2500.0	62.801	0.015923	5.8399	6.5941	26.508	40.044	80.468	2469.7	-0.00045672	8.0135e-05	0.12575	liquid
266.93	2500.0	62.787	0.015927	5.8451	6.5994	26.528	40.043	80.481	2468.5	-0.00045139	8.0081e-05	0.12569	liquid
267.00	2500.0	62.772	0.015931	5.8503	6.6048	26.548	40.042	80.494	2467.4	-0.00044605	8.0027e-05	0.12562	liquid
267.07	2500.0	62.757	0.015934	5.8555	6.6102	26.568	40.042	80.506	2466.2	-0.00044071	7.9973e-05	0.12556	liquid
267.13	2500.0	62.743	0.015938	5.8607	6.6155	26.588	40.041	80.519	2465.0	-0.00043536	7.9919e-05	0.12550	liquid
267.20	2500.0	62.728	0.015942	5.8659	6.6209	26.609	40.040	80.532	2463.8	-0.00043000	7.9865e-05	0.12543	liquid
267.27	2500.0	62.714	0.015946	5.8711	6.6263	26.629	40.040	80.544	2462.7	-0.00042463	7.9811e-05	0.12537	liquid
267.33	2500.0	62.699	0.015949	5.8763	6.6316	26.649	40.039	80.557	2461.5	-0.00041925	7.9757e-05	0.12530	liquid
267.40	2500.0	62.684	0.015953	5.8815	6.6370	26.669	40.038	80.570	2460.3	-0.00041386	7.9703e-05	0.12524	liquid
267.47	2500.0	62.670	0.015957	5.8867	6.6424	26.689	40.038	80.582	2459.1	-0.00040847	7.9649e-05	0.12518	liquid
267.53	2500.0	62.655	0.015960	5.8918	6.6477	26.709	40.037	80.595	2458.0	-0.00040307	7.9595e-05	0.12511	liquid
267.60	2500.0	62.640	0.015964	5.8970	6.6531	26.729	40.036	80.608	2456.8	-0.00039766	7.9541e-05	0.12505	liquid
267.67	2500.0	62.625	0.015968	5.9022	6.6585	26.749	40.036	80.621	2455.6	-0.00039224	7.9487e-05	0.12498	liquid
267.73	2500.0	62.611	0.015972	5.9074	6.6639	26.769	40.035	80.634	2454.5	-0.00038681	7.9434e-05	0.12492	liquid
267.80	2500.0	62.596	0.015975	5.9126	6.6692	26.789	40.034	80.647	2453.3	-0.00038138	7.9380e-05	0.12486	liquid
267.87	2500.0	62.581	0.015979	5.9178	6.6746	26.809	40.033	80.659	2452.1	-0.00037593	7.9326e-05	0.12479	liquid
267.93	2500.0	62.567	0.015983	5.9230	6.6800	26.829	40.033	80.672	2450.9	-0.00037048	7.9273e-05	0.12473	liquid
268.00	2500.0	62.552	0.015987	5.9282	6.6854	26.849	40.032	80.685	2449.8	-0.00036502	7.9219e-05	0.12466	liquid
268.07	2500.0	62.537	0.015990	5.9334	6.6908	26.870	40.031	80.698	2448.6	-0.00035955	7.9166e-05	0.12460	liquid
268.13	2500.0	62.523	0.015994	5.9386	6.6961	26.890	40.031	80.711	2447.4	-0.00035408	7.9112e-05	0.12454	liquid
268.20	2500.0	62.508	0.015998	5.9438	6.7015	26.910	40.030	80.724	2446.2	-0.00034859	7.9059e-05	0.12447	liquid
268.27	2500.0	62.493	0.016002	5.9490	6.7069	26.930	40.029	80.737	2445.1	-0.00034310	7.9006e-05	0.12441	liquid
268.33	2500.0	62.478	0.016006	5.9542	6.7123	26.950	40.029	80.750	2443.9	-0.00033760	7.8952e-05	0.12435	liquid
268.40	2500.0	62.464	0.016009	5.9595	6.7177	26.970	40.028	80.763	2442.7	-0.00033209	7.8899e-05	0.12428	liquid
268.47	2500.0	62.449	0.016013	5.9647	6.7231	26.990	40.027	80.776	2441.5	-0.00032657	7.8846e-05	0.12422	liquid
268.53	2500.0	62.434	0.016017	5.9699	6.7284	27.010	40.027	80.789	2440.4	-0.00032104	7.8792e-05	0.12415	liquid
268.60	2500.0	62.419	0.016021	5.9751	6.7338	27.030	40.026	80.802	2439.2	-0.00031551	7.8739e-05	0.12409	liquid
268.67	2500.0	62.404	0.016024	5.9803	6.7392	27.050	40.026	80.815	2438.0	-0.00030996	7.8686e-05	0.12403	liquid
268.73	2500.0	62.390	0.016028	5.9855	6.7446	27.070	40.025	80.828	2436.8	-0.00030441	7.8633e-05	0.12396	liquid
268.80	2500.0	62.375	0.016032	5.9907	6.7500	27.090	40.024	80.841	2435.7	-0.00029885	7.8580e-05	0.12390	liquid
268.87	2500.0	62.360	0.016036	5.9959	6.7554	27.110	40.024	80.855	2434.5	-0.00029328	7.8527e-05	0.12383	liquid
268.93	2500.0	62.345	0.016040	6.0011	6.7608	27.130	40.023	80.868	2433.3	-0.00028770	7.8474e-05	0.12377	liquid
269.00	2500.0	62.331	0.016043	6.0063	6.7662	27.150	40.022	80.881	2432.1	-0.00028212	7.8421e-05	0.12371	liquid
269.07	2500.0	62.316	0.016047	6.0115	6.7716	27.170	40.022	80.894	2431.0	-0.00027652	7.8368e-05	0.12364	liquid
269.13	2500.0	62.301	0.016051	6.0168	6.7769	27.190	40.021	80.907	2429.8	-0.00027092	7.8315e-05	0.12358	liquid
269.20	2500.0	62.286	0.016055	6.0220	6.7823	27.210	40.020	80.921	2428.6	-0.00026531	7.8262e-05	0.12352	liquid
269.27	2500.0	62.271	0.016059	6.0272	6.7877	27.231	40.020	80.934	2427.4	-0.00025969	7.8209e-05	0.12345	liquid
269.33	2500.0	62.256	0.016063	6.0324	6.7931	27.251	40.019	80.947	2426.3	-0.00025406	7.8157e-05	0.12339	liquid
269.40	2500.0	62.242	0.016066	6.0376	6.7985	27.271	40.018	80.960	2425.1	-0.00024842	7.8104e-05	0.12333	liquid
269.47	2500.0	62.227	0.016070	6.0428	6.8039	27.291	40.018	80.974	2423.9	-0.00024277	7.8051e-05	0.12326	liquid
269.53	2500.0	62.212	0.016074	6.0480	6.8093	27.311	40.017	80.987	2422.7	-0.00023712	7.7999e-05	0.12320	liquid
269.60	2500.0	62.197	0.016078	6.0533	6.8147	27.331	40.017	81.000	2421.6	-0.00023146	7.7946e-05	0.12313	liquid
269.67	2500.0	62.182	0.016082	6.0585	6.8201	27.351	40.016	81.014	2420.4	-0.00022578	7.7893e-05	0.12307	liquid
269.73	2500.0	62.167	0.016086	6.0637	6.8255	27.371	40.015	81.027	2419.2	-0.00022010	7.7841e-05	0.12301	liquid
269.80	2500.0	62.152	0.016089	6.0689	6.8309	27.391	40.015	81.041	2418.0	-0.00021441	7.7788e-05	0.12294	liquid
269.87	2500.0	62.138	0.016093	6.0741	6.8363	27.411	40.014	81.054	2416.9	-0.00020871	7.7736e-05	0.12288	liquid
269.93	2500.0	62.123	0.016097	6.0794	6.8417	27.431	40.013	81.067	2415.7	-0.00020301	7.7683e-05	0.12282	liquid
270.00	2500.0	62.108	0.016101	6.0846	6.8471	27.451	40.013	81.081	2414.5	-0.00019729	7.7631e-05	0.12275	liquid
270.07	2500.0	62.093	0.016105	6.0898	6.8525	27.471	40.012	81.094	2413.3	-0.00019157	7.7579e-05	0.12269	liquid
270.13	2500.0	62.078	0.016109	6.0950	6.8580	27.491	40.012	81.108	2412.2	-0.00018583	7.7526e-05	0.12263	liquid
270.20	2500.0	62.063	0.016113	6.1003	6.8634	27.511	40.011	81.121	2411.0	-0.00018009	7.7474e-05	0.12256	liquid
270.27	2500.0	62.048	0.016116	6.1055	6.8688	27.531	40.010	81.135	2409.8	-0.00017434	7.7422e-05	0.12250	liquid
270.33	2500.0	62.033	0.016120	6.1107	6.8742	27.551	40.010	81.149	2408.7	-0.00016858	7.7370e-05	0.12244	liquid
270.40	2500.0	62.018	0.016124	6.1159	6.8796	27.571	40.009	81.162	2407.5	-0.00016281	7.7317e-05	0.12237	liquid
270.47	2500.0	62.003	0.016128	6.1212	6.8850	27.591	40.008	81.176	2406.3	-0.00015703	7.7265e-05	0.12231	liquid
270.53	2500.0	61.989	0.016132	6.1264	6.8904	27.611	40.008	81.189	2405.1	-0.00015124	7.7213e-05	0.12225	liquid
270.60	2500.0	61.974	0.016136	6.1316	6.8958	27.631	40.007	81.203	2404.0	-0.00014545	7.7161e-05	0.12218	liquid
270.67	2500.0	61.959	0.016140	6.1368	6.9012	27.651	40.007	81.217	2402.8	-0.00013964	7.7109e-05	0.12212	liquid
270.73	2500.0	61.944	0.016144	6.1421	6.9067	27.671	40.006	81.230	2401.6	-0.00013383	7.7057e-05	0.12205	liquid
270.80	2500.0	61.929	0.016148	6.1473	6.9121	27.691	40.005	81.244	2400.4	-0.00012800	7.7005e-05	0.12199	liquid
270.87	2500.0	61.914	0.016151	6.1525	6.9175	27.711	40.005	81.258	2399.3	-0.00012217	7.6953e-05	0.12193	liquid
270.93	2500.0	61.899	0.016155	6.1578	6.9229	27.731	40.004	81.271	2398.1	-0.00011633	7.6902e-05	0.12186	liquid
271.00	2500.0	61.884	0.016159	6.1630	6.9283	27.751	40.004	81.285	2396.9	-0.00011048	7.6850e-05	0.12180	liquid
271.07	2500.0	61.869	0.016163	6.1682	6.9337	27.771	40.003	81.299	2395.7	-0.00010462	7.6798e-05	0.12174	liquid
271.13	2500.0	61.854	0.016167	6.1735	6.9392	27.791	40.002	81.313	2394.6	-9.8753e-05	7.6746e-05	0.12167	liquid
271.20	2500.0	61.839	0.016171	6.1787	6.9446	27.811	40.002	81.327	2393.4	-9.2875e-05	7.6694e-05	0.12161	liquid
271.27	2500.0	61.824	0.016175	6.1840	6.9500	27.831	40.001	81.341	2392.2	-8.6989e-05	7.6643e-05	0.12155	liquid
271.33	2500.0	61.809	0.016179	6.1892	6.9554	27.851	40.001	81.354	2391.0	-8.1093e-05	7.6591e-05	0.12149	liquid
271.40	2500.0	61.794	0.016183	6.1944	6.9609	27.871	40.000	81.368	2389.9	-7.5188e-05	7.6539e-05	0.12142	liquid
271.47	2500.0	61.779	0.016187	6.1997	6.9663	27.891	39.999	81.382	2388.7	-6.9274e-05	7.6488e-05	0.12136	liquid
271.53	2500.0	61.764	0.016191	6.2049	6.9717	27.911	39.999	81.396	2387.5	-6.3351e-05	7.6436e-05	0.12130	liquid
271.60	2500.0	61.749	0.016195	6.2101	6.9771	27.931	39.998	81.410	2386.3	-5.7418e-05	7.6385e-05	0.12123	liquid
271.67	2500.0	61.734	0.016199	6.2154	6.9826	27.951	39.998	81.424	2385.2	-5.1477e-05	7.6333e-05	0.12117	liquid
271.73	2500.0	61.719	0.016203	6.2206	6.9880	27.971	39.997	81.438	2384.0	-4.5526e-05	7.6282e-05	0.12111	liquid
271.80	2500.0	61.704	0.016206	6.2259	6.9934	27.991	39.997	81.452	2382.8	-3.9565e-05	7.6231e-05	0.12104	liquid
271.87	2500.0	61.689	0.016210	6.2311	6.9988	28.011	39.996	81.466	2381.6	-3.3596e-05	7.6179e-05	0.12098	liquid
271.93	2500.0	61.674	0.016214	6.2364	7.0043	28.031	39.995	81.480	2380.5	-2.7617e-05	7.6128e-05	0.12092	liquid
272.00	2500.0	61.659	0.016218	6.2416	7.0097	28.051	39.995	81.494	2379.3	-2.1628e-05	7.6077e-05	0.12085	liquid
272.07	2500.0	61.644	0.016222	6.2468	7.0151	28.071	39.994	81.508	2378.1	-1.5631e-05	7.6025e-05	0.12079	liquid
272.13	2500.0	61.628	0.016226	6.2521	7.0206	28.091	39.994	81.522	2376.9	-9.6239e-06	7.5974e-05	0.12073	liquid
272.20	2500.0	61.613	0.016230	6.2573	7.0260	28.111	39.993	81.536	2375.8	-3.6076e-06	7.5923e-05	0.12066	liquid
272.27	2500.0	61.598	0.016234	6.2626	7.0315	28.131	39.993	81.551	2374.6	2.4182e-06	7.5872e-05	0.12060	liquid
272.33	2500.0	61.583	0.016238	6.2678	7.0369	28.151	39.992	81.565	2373.4	8.4534e-06	7.5821e-05	0.12054	liquid
272.40	2500.0	61.568	0.016242	6.2731	7.0423	28.171	39.991	81.579	2372.2	1.4498e-05	7.5770e-05	0.12047	liquid
272.47	2500.0	61.553	0.016246	6.2783	7.0478	28.191	39.991	81.593	2371.1	2.0552e-05	7.5719e-05	0.12041	liquid
272.53	2500.0	61.538	0.016250	6.2836	7.0532	28.210	39.990	81.607	2369.9	2.6616e-05	7.5668e-05	0.12035	liquid
272.60	2500.0	61.523	0.016254	6.2888	7.0586	28.230	39.990	81.622	2368.7	3.2689e-05	7.5617e-05	0.12029	liquid
272.67	2500.0	61.508	0.016258	6.2941	7.0641	28.250	39.989	81.636	2367.5	3.8771e-05	7.5566e-05	0.12022	liquid
272.73	2500.0	61.493	0.016262	6.2993	7.0695	28.270	39.989	81.650	2366.4	4.4864e-05	7.5515e-05	0.12016	liquid
272.80	2500.0	61.477	0.016266	6.3046	7.0750	28.290	39.988	81.664	2365.2	5.0965e-05	7.5464e-05	0.12010	liquid
272.87	2500.0	61.462	0.016270	6.3099	7.0804	28.310	39.988	81.679	2364.0	5.7077e-05	7.5413e-05	0.12003	liquid
272.93	2500.0	61.447	0.016274	6.3151	7.0859	28.330	39.987	81.693	2362.8	6.3198e-05	7.5362e-05	0.11997	liquid
273.00	2500.0	61.432	0.016278	6.3204	7.0913	28.350	39.986	81.708	2361.7	6.9328e-05	7.5311e-05	0.11991	liquid
273.07	2500.0	61.417	0.016282	6.3256	7.0968	28.370	39.986	81.722	2360.5	7.5468e-05	7.5261e-05	0.11984	liquid
273.13	2500.0	61.402	0.016286	6.3309	7.1022	28.390	39.985	81.736	2359.3	8.1618e-05	7.5210e-05	0.11978	liquid
273.20	2500.0	61.386	0.016290	6.3361	7.1077	28.410	39.985	81.751	2358.1	8.7778e-05	7.5159e-05	0.11972	liquid
273.27	2500.0	61.371	0.016294	6.3414	7.1131	28.430	39.984	81.765	2357.0	9.3947e-05	7.5109e-05	0.11966	liquid
273.33	2500.0	61.356	0.016298	6.3467	7.1186	28.450	39.984	81.780	2355.8	0.00010013	7.5058e-05	0.11959	liquid
273.40	2500.0	61.341	0.016302	6.3519	7.1240	28.470	39.983	81.794	2354.6	0.00010631	7.5008e-05	0.11953	liquid
273.47	2500.0	61.326	0.016306	6.3572	7.1295	28.490	39.983	81.809	2353.5	0.00011251	7.4957e-05	0.11947	liquid
273.53	2500.0	61.311	0.016310	6.3624	7.1349	28.510	39.982	81.823	2352.3	0.00011872	7.4907e-05	0.11940	liquid
273.60	2500.0	61.295	0.016314	6.3677	7.1404	28.530	39.982	81.838	2351.1	0.00012494	7.4856e-05	0.11934	liquid
273.67	2500.0	61.280	0.016319	6.3730	7.1458	28.550	39.981	81.852	2349.9	0.00013117	7.4806e-05	0.11928	liquid
273.73	2500.0	61.265	0.016323	6.3782	7.1513	28.570	39.981	81.867	2348.8	0.00013740	7.4755e-05	0.11922	liquid
273.80	2500.0	61.250	0.016327	6.3835	7.1567	28.590	39.980	81.882	2347.6	0.00014365	7.4705e-05	0.11915	liquid
273.87	2500.0	61.234	0.016331	6.3888	7.1622	28.609	39.979	81.896	2346.4	0.00014991	7.4655e-05	0.11909	liquid
273.93	2500.0	61.219	0.016335	6.3940	7.1677	28.629	39.979	81.911	2345.2	0.00015618	7.4604e-05	0.11903	liquid
274.00	2500.0	61.204	0.016339	6.3993	7.1731	28.649	39.978	81.926	2344.1	0.00016245	7.4554e-05	0.11897	liquid
274.07	2500.0	61.189	0.016343	6.4046	7.1786	28.669	39.978	81.940	2342.9	0.00016874	7.4504e-05	0.11890	liquid
274.13	2500.0	61.173	0.016347	6.4099	7.1841	28.689	39.977	81.955	2341.7	0.00017504	7.4454e-05	0.11884	liquid
274.20	2500.0	61.158	0.016351	6.4151	7.1895	28.709	39.977	81.970	2340.5	0.00018135	7.4404e-05	0.11878	liquid
274.27	2500.0	61.143	0.016355	6.4204	7.1950	28.729	39.976	81.985	2339.4	0.00018766	7.4353e-05	0.11871	liquid
274.33	2500.0	61.128	0.016359	6.4257	7.2004	28.749	39.976	82.000	2338.2	0.00019399	7.4303e-05	0.11865	liquid
274.40	2500.0	61.112	0.016363	6.4309	7.2059	28.769	39.975	82.014	2337.0	0.00020033	7.4253e-05	0.11859	liquid
274.47	2500.0	61.097	0.016367	6.4362	7.2114	28.789	39.975	82.029	2335.8	0.00020667	7.4203e-05	0.11853	liquid
274.53	2500.0	61.082	0.016372	6.4415	7.2169	28.809	39.974	82.044	2334.7	0.00021303	7.4153e-05	0.11846	liquid
274.60	2500.0	61.066	0.016376	6.4468	7.2223	28.829	39.974	82.059	2333.5	0.00021940	7.4103e-05	0.11840	liquid
274.67	2500.0	61.051	0.016380	6.4520	7.2278	28.849	39.973	82.074	2332.3	0.00022578	7.4053e-05	0.11834	liquid
274.73	2500.0	61.036	0.016384	6.4573	7.2333	28.869	39.973	82.089	2331.1	0.00023216	7.4004e-05	0.11828	liquid
274.80	2500.0	61.021	0.016388	6.4626	7.2387	28.888	39.972	82.104	2330.0	0.00023856	7.3954e-05	0.11821	liquid
274.87	2500.0	61.005	0.016392	6.4679	7.2442	28.908	39.972	82.119	2328.8	0.00024497	7.3904e-05	0.11815	liquid
274.93	2500.0	60.990	0.016396	6.4732	7.2497	28.928	39.971	82.134	2327.6	0.00025139	7.3854e-05	0.11809	liquid
275.00	2500.0	60.975	0.016400	6.4784	7.2552	28.948	39.971	82.149	2326.4	0.00025782	7.3804e-05	0.11803	liquid
275.07	2500.0	60.959	0.016404	6.4837	7.2606	28.968	39.970	82.164	2325.3	0.00026426	7.3755e-05	0.11796	liquid
275.13	2500.0	60.944	0.016409	6.4890	7.2661	28.988	39.970	82.179	2324.1	0.00027070	7.3705e-05	0.11790	liquid
275.20	2500.0	60.928	0.016413	6.4943	7.2716	29.008	39.969	82.194	2322.9	0.00027716	7.3655e-05	0.11784	liquid
275.27	2500.0	60.913	0.016417	6.4996	7.2771	29.028	39.969	82.209	2321.7	0.00028363	7.3606e-05	0.11778	liquid
275.33	2500.0	60.898	0.016421	6.5049	7.2826	29.048	39.968	82.224	2320.6	0.00029011	7.3556e-05	0.11771	liquid
275.40	2500.0	60.882	0.016425	6.5101	7.2880	29.068	39.968	82.239	2319.4	0.00029660	7.3507e-05	0.11765	liquid
275.47	2500.0	60.867	0.016429	6.5154	7.2935	29.088	39.967	82.255	2318.2	0.00030310	7.3457e-05	0.11759	liquid
275.53	2500.0	60.852	0.016433	6.5207	7.2990	29.107	39.967	82.270	2317.0	0.00030962	7.3408e-05	0.11753	liquid
275.60	2500.0	60.836	0.016438	6.5260	7.3045	29.127	39.966	82.285	2315.9	0.00031614	7.3358e-05	0.11746	liquid
275.67	2500.0	60.821	0.016442	6.5313	7.3100	29.147	39.966	82.300	2314.7	0.00032267	7.3309e-05	0.11740	liquid
275.73	2500.0	60.805	0.016446	6.5366	7.3155	29.167	39.965	82.316	2313.5	0.00032921	7.3259e-05	0.11734	liquid
275.80	2500.0	60.790	0.016450	6.5419	7.3210	29.187	39.965	82.331	2312.3	0.00033576	7.3210e-05	0.11728	liquid
275.87	2500.0	60.775	0.016454	6.5472	7.3264	29.207	39.965	82.346	2311.2	0.00034233	7.3161e-05	0.11721	liquid
275.93	2500.0	60.759	0.016458	6.5525	7.3319	29.227	39.964	82.361	2310.0	0.00034890	7.3111e-05	0.11715	liquid
276.00	2500.0	60.744	0.016463	6.5577	7.3374	29.247	39.964	82.377	2308.8	0.00035549	7.3062e-05	0.11709	liquid
276.07	2500.0	60.728	0.016467	6.5630	7.3429	29.267	39.963	82.392	2307.6	0.00036208	7.3013e-05	0.11703	liquid
276.13	2500.0	60.713	0.016471	6.5683	7.3484	29.287	39.963	82.408	2306.5	0.00036869	7.2964e-05	0.11696	liquid
276.20	2500.0	60.697	0.016475	6.5736	7.3539	29.306	39.962	82.423	2305.3	0.00037530	7.2914e-05	0.11690	liquid
276.27	2500.0	60.682	0.016479	6.5789	7.3594	29.326	39.962	82.438	2304.1	0.00038193	7.2865e-05	0.11684	liquid
276.33	2500.0	60.666	0.016484	6.5842	7.3649	29.346	39.961	82.454	2302.9	0.00038857	7.2816e-05	0.11678	liquid
276.40	2500.0	60.651	0.016488	6.5895	7.3704	29.366	39.961	82.469	2301.8	0.00039522	7.2767e-05	0.11672	liquid
276.47	2500.0	60.635	0.016492	6.5948	7.3759	29.386	39.960	82.485	2300.6	0.00040188	7.2718e-05	0.11665	liquid
276.53	2500.0	60.620	0.016496	6.6001	7.3814	29.406	39.960	82.501	2299.4	0.00040854	7.2669e-05	0.11659	liquid
276.60	2500.0	60.604	0.016500	6.6054	7.3869	29.426	39.959	82.516	2298.2	0.00041523	7.2620e-05	0.11653	liquid
276.67	2500.0	60.589	0.016505	6.6107	7.3924	29.446	39.959	82.532	2297.1	0.00042192	7.2571e-05	0.11647	liquid
276.73	2500.0	60.573	0.016509	6.6160	7.3979	29.466	39.958	82.547	2295.9	0.00042862	7.2522e-05	0.11640	liquid
276.80	2500.0	60.558	0.016513	6.6213	7.4034	29.485	39.958	82.563	2294.7	0.00043533	7.2473e-05	0.11634	liquid
276.87	2500.0	60.542	0.016517	6.6266	7.4089	29.505	39.958	82.579	2293.5	0.00044206	7.2424e-05	0.11628	liquid
276.93	2500.0	60.527	0.016522	6.6319	7.4144	29.525	39.957	82.594	2292.4	0.00044879	7.2376e-05	0.11622	liquid
277.00	2500.0	60.511	0.016526	6.6372	7.4199	29.545	39.957	82.610	2291.2	0.00045554	7.2327e-05	0.11616	liquid
277.07	2500.0	60.496	0.016530	6.6426	7.4254	29.565	39.956	82.626	2290.0	0.00046229	7.2278e-05	0.11609	liquid
277.13	2500.0	60.480	0.016534	6.6479	7.4309	29.585	39.956	82.641	2288.8	0.00046906	7.2229e-05	0.11603	liquid
277.20	2500.0	60.465	0.016539	6.6532	7.4364	29.605	39.955	82.657	2287.7	0.00047584	7.2181e-05	0.11597	liquid
277.27	2500.0	60.449	0.016543	6.6585	7.4420	29.625	39.955	82.673	2286.5	0.00048263	7.2132e-05	0.11591	liquid
277.33	2500.0	60.434	0.016547	6.6638	7.4475	29.645	39.954	82.689	2285.3	0.00048943	7.2083e-05	0.11585	liquid
277.40	2500.0	60.418	0.016551	6.6691	7.4530	29.664	39.954	82.705	2284.1	0.00049624	7.2035e-05	0.11578	liquid
277.47	2500.0	60.402	0.016556	6.6744	7.4585	29.684	39.954	82.721	2282.9	0.00050306	7.1986e-05	0.11572	liquid
277.53	2500.0	60.387	0.016560	6.6797	7.4640	29.704	39.953	82.737	2281.8	0.00050989	7.1938e-05	0.11566	liquid
277.60	2500.0	60.371	0.016564	6.6850	7.4695	29.724	39.953	82.752	2280.6	0.00051674	7.1889e-05	0.11560	liquid
277.67	2500.0	60.356	0.016568	6.6904	7.4750	29.744	39.952	82.768	2279.4	0.00052360	7.1841e-05	0.11554	liquid
277.73	2500.0	60.340	0.016573	6.6957	7.4806	29.764	39.952	82.784	2278.2	0.00053046	7.1792e-05	0.11547	liquid
277.80	2500.0	60.324	0.016577	6.7010	7.4861	29.784	39.951	82.800	2277.1	0.00053734	7.1744e-05	0.11541	liquid
277.87	2500.0	60.309	0.016581	6.7063	7.4916	29.804	39.951	82.816	2275.9	0.00054423	7.1695e-05	0.11535	liquid
277.93	2500.0	60.293	0.016586	6.7116	7.4971	29.823	39.951	82.832	2274.7	0.00055113	7.1647e-05	0.11529	liquid
278.00	2500.0	60.278	0.016590	6.7169	7.5026	29.843	39.950	82.848	2273.5	0.00055804	7.1599e-05	0.11523	liquid
278.07	2500.0	60.262	0.016594	6.7223	7.5082	29.863	39.950	82.865	2272.4	0.00056496	7.1550e-05	0.11516	liquid
278.13	2500.0	60.246	0.016599	6.7276	7.5137	29.883	39.949	82.881	2271.2	0.00057190	7.1502e-05	0.11510	liquid
278.20	2500.0	60.231	0.016603	6.7329	7.5192	29.903	39.949	82.897	2270.0	0.00057884	7.1454e-05	0.11504	liquid
278.27	2500.0	60.215	0.016607	6.7382	7.5248	29.923	39.949	82.913	2268.8	0.00058580	7.1405e-05	0.11498	liquid
278.33	2500.0	60.199	0.016611	6.7435	7.5303	29.943	39.948	82.929	2267.7	0.00059277	7.1357e-05	0.11492	liquid
278.40	2500.0	60.184	0.016616	6.7489	7.5358	29.962	39.948	82.945	2266.5	0.00059975	7.1309e-05	0.11485	liquid
278.47	2500.0	60.168	0.016620	6.7542	7.5413	29.982	39.947	82.962	2265.3	0.00060674	7.1261e-05	0.11479	liquid
278.53	2500.0	60.152	0.016624	6.7595	7.5469	30.002	39.947	82.978	2264.1	0.00061374	7.1213e-05	0.11473	liquid
278.60	2500.0	60.137	0.016629	6.7649	7.5524	30.022	39.946	82.994	2263.0	0.00062076	7.1165e-05	0.11467	liquid
278.67	2500.0	60.121	0.016633	6.7702	7.5579	30.042	39.946	83.010	2261.8	0.00062778	7.1117e-05	0.11461	liquid
278.73	2500.0	60.105	0.016638	6.7755	7.5635	30.062	39.946	83.027	2260.6	0.00063482	7.1069e-05	0.11455	liquid
278.80	2500.0	60.089	0.016642	6.7808	7.5690	30.082	39.945	83.043	2259.4	0.00064187	7.1021e-05	0.11448	liquid
278.87	2500.0	60.074	0.016646	6.7862	7.5745	30.101	39.945	83.059	2258.3	0.00064893	7.0973e-05	0.11442	liquid
278.93	2500.0	60.058	0.016651	6.7915	7.5801	30.121	39.944	83.076	2257.1	0.00065600	7.0925e-05	0.11436	liquid
279.00	2500.0	60.042	0.016655	6.7968	7.5856	30.141	39.944	83.092	2255.9	0.00066308	7.0877e-05	0.11430	liquid
279.07	2500.0	60.027	0.016659	6.8022	7.5912	30.161	39.944	83.109	2254.7	0.00067018	7.0829e-05	0.11424	liquid
279.13	2500.0	60.011	0.016664	6.8075	7.5967	30.181	39.943	83.125	2253.6	0.00067728	7.0781e-05	0.11418	liquid
279.20	2500.0	59.995	0.016668	6.8128	7.6022	30.201	39.943	83.142	2252.4	0.00068440	7.0734e-05	0.11411	liquid
279.27	2500.0	59.979	0.016672	6.8182	7.6078	30.221	39.943	83.158	2251.2	0.00069153	7.0686e-05	0.11405	liquid
279.33	2500.0	59.963	0.016677	6.8235	7.6133	30.240	39.942	83.175	2250.0	0.00069867	7.0638e-05	0.11399	liquid
279.40	2500.0	59.948	0.016681	6.8288	7.6189	30.260	39.942	83.191	2248.8	0.00070583	7.0590e-05	0.11393	liquid
279.47	2500.0	59.932	0.016686	6.8342	7.6244	30.280	39.941	83.208	2247.7	0.00071299	7.0543e-05	0.11387	liquid
279.53	2500.0	59.916	0.016690	6.8395	7.6300	30.300	39.941	83.225	2246.5	0.00072017	7.0495e-05	0.11381	liquid
279.60	2500.0	59.900	0.016694	6.8449	7.6355	30.320	39.941	83.241	2245.3	0.00072736	7.0447e-05	0.11374	liquid
279.67	2500.0	59.885	0.016699	6.8502	7.6411	30.340	39.940	83.258	2244.1	0.00073456	7.0400e-05	0.11368	liquid
279.73	2500.0	59.869	0.016703	6.8555	7.6466	30.360	39.940	83.275	2243.0	0.00074177	7.0352e-05	0.11362	liquid
279.80	2500.0	59.853	0.016708	6.8609	7.6522	30.379	39.939	83.291	2241.8	0.00074900	7.0305e-05	0.11356	liquid
279.87	2500.0	59.837	0.016712	6.8662	7.6577	30.399	39.939	83.308	2240.6	0.00075623	7.0257e-05	0.11350	liquid
279.93	2500.0	59.821	0.016716	6.8716	7.6633	30.419	39.939	83.325	2239.4	0.00076348	7.0210e-05	0.11344	liquid
280.00	2500.0	59.805	0.016721	6.8769	7.6688	30.439	39.938	83.342	2238.3	0.00077074	7.0162e-05	0.11338	liquid
280.07	2500.0	59.790	0.016725	6.8823	7.6744	30.459	39.938	83.359	2237.1	0.00077802	7.0115e-05	0.11331	liquid
280.13	2500.0	59.774	0.016730	6.8876	7.6800	30.479	39.938	83.376	2235.9	0.00078530	7.0067e-05	0.11325	liquid
280.20	2500.0	59.758	0.016734	6.8930	7.6855	30.498	39.937	83.392	2234.7	0.00079260	7.0020e-05	0.11319	liquid
280.27	2500.0	59.742	0.016739	6.8983	7.6911	30.518	39.937	83.409	2233.6	0.00079991	6.9973e-05	0.11313	liquid
280.33	2500.0	59.726	0.016743	6.9037	7.6966	30.538	39.937	83.426	2232.4	0.00080723	6.9925e-05	0.11307	liquid
280.40	2500.0	59.710	0.016748	6.9090	7.7022	30.558	39.936	83.443	2231.2	0.00081456	6.9878e-05	0.11301	liquid
280.47	2500.0	59.694	0.016752	6.9144	7.7078	30.578	39.936	83.460	2230.0	0.00082190	6.9831e-05	0.11295	liquid
280.53	2500.0	59.678	0.016756	6.9197	7.7133	30.598	39.936	83.477	2228.8	0.00082926	6.9783e-05	0.11288	liquid
280.60	2500.0	59.663	0.016761	6.9251	7.7189	30.617	39.935	83.494	2227.7	0.00083663	6.9736e-05	0.11282	liquid
280.67	2500.0	59.647	0.016765	6.9304	7.7245	30.637	39.935	83.511	2226.5	0.00084401	6.9689e-05	0.11276	liquid
280.73	2500.0	59.631	0.016770	6.9358	7.7300	30.657	39.934	83.528	2225.3	0.00085141	6.9642e-05	0.11270	liquid
280.80	2500.0	59.615	0.016774	6.9411	7.7356	30.677	39.934	83.546	2224.1	0.00085881	6.9595e-05	0.11264	liquid
280.87	2500.0	59.599	0.016779	6.9465	7.7412	30.697	39.934	83.563	2223.0	0.00086623	6.9548e-05	0.11258	liquid
280.93	2500.0	59.583	0.016783	6.9519	7.7467	30.717	39.933	83.580	2221.8	0.00087366	6.9501e-05	0.11252	liquid
281.00	2500.0	59.567	0.016788	6.9572	7.7523	30.736	39.933	83.597	2220.6	0.00088111	6.9454e-05	0.11246	liquid
281.07	2500.0	59.551	0.016792	6.9626	7.7579	30.756	39.933	83.614	2219.4	0.00088856	6.9407e-05	0.11239	liquid
281.13	2500.0	59.535	0.016797	6.9679	7.7635	30.776	39.932	83.632	2218.3	0.00089603	6.9360e-05	0.11233	liquid
281.20	2500.0	59.519	0.016801	6.9733	7.7690	30.796	39.932	83.649	2217.1	0.00090351	6.9313e-05	0.11227	liquid
281.27	2500.0	59.503	0.016806	6.9787	7.7746	30.816	39.932	83.666	2215.9	0.00091101	6.9266e-05	0.11221	liquid
281.33	2500.0	59.487	0.016810	6.9840	7.7802	30.836	39.931	83.683	2214.7	0.00091851	6.9219e-05	0.11215	liquid
281.40	2500.0	59.471	0.016815	6.9894	7.7858	30.855	39.931	83.701	2213.6	0.00092603	6.9172e-05	0.11209	liquid
281.47	2500.0	59.455	0.016819	6.9948	7.7913	30.875	39.931	83.718	2212.4	0.00093356	6.9125e-05	0.11203	liquid
281.53	2500.0	59.439	0.016824	7.0001	7.7969	30.895	39.930	83.736	2211.2	0.00094110	6.9078e-05	0.11197	liquid
281.60	2500.0	59.423	0.016828	7.0055	7.8025	30.915	39.930	83.753	2210.0	0.00094866	6.9031e-05	0.11190	liquid
281.67	2500.0	59.407	0.016833	7.0109	7.8081	30.935	39.930	83.771	2208.8	0.00095623	6.8985e-05	0.11184	liquid
281.73	2500.0	59.391	0.016838	7.0162	7.8137	30.955	39.929	83.788	2207.7	0.00096381	6.8938e-05	0.11178	liquid
281.80	2500.0	59.375	0.016842	7.0216	7.8193	30.974	39.929	83.806	2206.5	0.00097141	6.8891e-05	0.11172	liquid
281.87	2500.0	59.359	0.016847	7.0270	7.8249	30.994	39.929	83.823	2205.3	0.00097901	6.8845e-05	0.11166	liquid
281.93	2500.0	59.343	0.016851	7.0324	7.8304	31.014	39.928	83.841	2204.1	0.00098663	6.8798e-05	0.11160	liquid
282.00	2500.0	59.327	0.016856	7.0377	7.8360	31.034	39.928	83.858	2203.0	0.00099427	6.8751e-05	0.11154	liquid
282.07	2500.0	59.311	0.016860	7.0431	7.8416	31.054	39.928	83.876	2201.8	0.0010019	6.8705e-05	0.11148	liquid
282.13	2500.0	59.295	0.016865	7.0485	7.8472	31.074	39.928	83.894	2200.6	0.0010096	6.8658e-05	0.11142	liquid
282.20	2500.0	59.279	0.016869	7.0539	7.8528	31.093	39.927	83.911	2199.4	0.0010172	6.8611e-05	0.11135	liquid
282.27	2500.0	59.263	0.016874	7.0592	7.8584	31.113	39.927	83.929	2198.2	0.0010249	6.8565e-05	0.11129	liquid
282.33	2500.0	59.246	0.016879	7.0646	7.8640	31.133	39.927	83.947	2197.1	0.0010326	6.8518e-05	0.11123	liquid
282.40	2500.0	59.230	0.016883	7.0700	7.8696	31.153	39.926	83.964	2195.9	0.0010403	6.8472e-05	0.11117	liquid
282.47	2500.0	59.214	0.016888	7.0754	7.8752	31.173	39.926	83.982	2194.7	0.0010481	6.8426e-05	0.11111	liquid
282.53	2500.0	59.198	0.016892	7.0808	7.8808	31.192	39.926	84.000	2193.5	0.0010558	6.8379e-05	0.11105	liquid
282.60	2500.0	59.182	0.016897	7.0861	7.8864	31.212	39.925	84.018	2192.4	0.0010635	6.8333e-05	0.11099	liquid
282.67	2500.0	59.166	0.016902	7.0915	7.8920	31.232	39.925	84.036	2191.2	0.0010713	6.8286e-05	0.11093	liquid
282.73	2500.0	59.150	0.016906	7.0969	7.8976	31.252	39.925	84.054	2190.0	0.0010791	6.8240e-05	0.11087	liquid
282.80	2500.0	59.134	0.016911	7.1023	7.9032	31.272	39.925	84.072	2188.8	0.0010869	6.8194e-05	0.11081	liquid
282.87	2500.0	59.117	0.016915	7.1077	7.9088	31.292	39.924	84.090	2187.6	0.0010947	6.8147e-05	0.11075	liquid
282.93	2500.0	59.101	0.016920	7.1131	7.9144	31.311	39.924	84.108	2186.5	0.0011025	6.8101e-05	0.11069	liquid
283.00	2500.0	59.085	0.016925	7.1185	7.9200	31.331	39.924	84.126	2185.3	0.0011103	6.8055e-05	0.11062	liquid
283.07	2500.0	59.069	0.016929	7.1238	7.9256	31.351	39.923	84.144	2184.1	0.0011182	6.8009e-05	0.11056	liquid
283.13	2500.0	59.053	0.016934	7.1292	7.9312	31.371	39.923	84.162	2182.9	0.0011260	6.7962e-05	0.11050	liquid
283.20	2500.0	59.037	0.016939	7.1346	7.9369	31.391	39.923	84.180	2181.8	0.0011339	6.7916e-05	0.11044	liquid
283.27	2500.0	59.020	0.016943	7.1400	7.9425	31.410	39.923	84.198	2180.6	0.0011418	6.7870e-05	0.11038	liquid
283.33	2500.0	59.004	0.016948	7.1454	7.9481	31.430	39.922	84.216	2179.4	0.0011497	6.7824e-05	0.11032	liquid
283.40	2500.0	58.988	0.016953	7.1508	7.9537	31.450	39.922	84.234	2178.2	0.0011576	6.7778e-05	0.11026	liquid
283.47	2500.0	58.972	0.016957	7.1562	7.9593	31.470	39.922	84.252	2177.0	0.0011655	6.7732e-05	0.11020	liquid
283.53	2500.0	58.956	0.016962	7.1616	7.9649	31.490	39.921	84.271	2175.9	0.0011734	6.7686e-05	0.11014	liquid
283.60	2500.0	58.939	0.016967	7.1670	7.9705	31.510	39.921	84.289	2174.7	0.0011814	6.7640e-05	0.11008	liquid
283.67	2500.0	58.923	0.016971	7.1724	7.9762	31.529	39.921	84.307	2173.5	0.0011893	6.7594e-05	0.11002	liquid
283.73	2500.0	58.907	0.016976	7.1778	7.9818	31.549	39.921	84.326	2172.3	0.0011973	6.7548e-05	0.10996	liquid
283.80	2500.0	58.891	0.016981	7.1832	7.9874	31.569	39.920	84.344	2171.2	0.0012053	6.7502e-05	0.10990	liquid
283.87	2500.0	58.874	0.016985	7.1886	7.9930	31.589	39.920	84.362	2170.0	0.0012133	6.7456e-05	0.10984	liquid
283.93	2500.0	58.858	0.016990	7.1940	7.9987	31.609	39.920	84.381	2168.8	0.0012213	6.7410e-05	0.10977	liquid
284.00	2500.0	58.842	0.016995	7.1994	8.0043	31.628	39.920	84.399	2167.6	0.0012293	6.7364e-05	0.10971	liquid
284.07	2500.0	58.825	0.016999	7.2048	8.0099	31.648	39.919	84.418	2166.4	0.0012374	6.7319e-05	0.10965	liquid
284.13	2500.0	58.809	0.017004	7.2102	8.0155	31.668	39.919	84.436	2165.3	0.0012454	6.7273e-05	0.10959	liquid
284.20	2500.0	58.793	0.017009	7.2156	8.0212	31.688	39.919	84.455	2164.1	0.0012535	6.7227e-05	0.10953	liquid
284.27	2500.0	58.777	0.017014	7.2210	8.0268	31.708	39.919	84.473	2162.9	0.0012616	6.7181e-05	0.10947	liquid
284.33	2500.0	58.760	0.017018	7.2264	8.0324	31.728	39.918	84.492	2161.7	0.0012697	6.7135e-05	0.10941	liquid
284.40	2500.0	58.744	0.017023	7.2318	8.0381	31.747	39.918	84.510	2160.5	0.0012778	6.7090e-05	0.10935	liquid
284.47	2500.0	58.728	0.017028	7.2373	8.0437	31.767	39.918	84.529	2159.4	0.0012859	6.7044e-05	0.10929	liquid
284.53	2500.0	58.711	0.017033	7.2427	8.0493	31.787	39.918	84.548	2158.2	0.0012941	6.6998e-05	0.10923	liquid
284.60	2500.0	58.695	0.017037	7.2481	8.0550	31.807	39.917	84.566	2157.0	0.0013022	6.6953e-05	0.10917	liquid
284.67	2500.0	58.678	0.017042	7.2535	8.0606	31.827	39.917	84.585	2155.8	0.0013104	6.6907e-05	0.10911	liquid
284.73	2500.0	58.662	0.017047	7.2589	8.0663	31.846	39.917	84.604	2154.7	0.0013186	6.6862e-05	0.10905	liquid
284.80	2500.0	58.646	0.017052	7.2643	8.0719	31.866	39.917	84.623	2153.5	0.0013268	6.6816e-05	0.10899	liquid
284.87	2500.0	58.629	0.017056	7.2697	8.0775	31.886	39.916	84.641	2152.3	0.0013350	6.6771e-05	0.10893	liquid
284.93	2500.0	58.613	0.017061	7.2752	8.0832	31.906	39.916	84.660	2151.1	0.0013432	6.6725e-05	0.10887	liquid
285.00	2500.0	58.597	0.017066	7.2806	8.0888	31.926	39.916	84.679	2149.9	0.0013515	6.6680e-05	0.10881	liquid
285.07	2500.0	58.580	0.017071	7.2860	8.0945	31.945	39.916	84.698	2148.8	0.0013597	6.6634e-05	0.10875	liquid
285.13	2500.0	58.564	0.017075	7.2914	8.1001	31.965	39.915	84.717	2147.6	0.0013680	6.6589e-05	0.10869	liquid
285.20	2500.0	58.547	0.017080	7.2968	8.1058	31.985	39.915	84.736	2146.4	0.0013763	6.6543e-05	0.10863	liquid
285.27	2500.0	58.531	0.017085	7.3023	8.1114	32.005	39.915	84.755	2145.2	0.0013846	6.6498e-05	0.10857	liquid
285.33	2500.0	58.514	0.017090	7.3077	8.1171	32.025	39.915	84.774	2144.0	0.0013929	6.6452e-05	0.10851	liquid
285.40	2500.0	58.498	0.017095	7.3131	8.1227	32.044	39.915	84.793	2142.9	0.0014012	6.6407e-05	0.10845	liquid
285.47	2500.0	58.482	0.017099	7.3185	8.1284	32.064	39.914	84.812	2141.7	0.0014095	6.6362e-05	0.10839	liquid
285.53	2500.0	58.465	0.017104	7.3240	8.1340	32.084	39.914	84.831	2140.5	0.0014179	6.6317e-05	0.10833	liquid
285.60	2500.0	58.449	0.017109	7.3294	8.1397	32.104	39.914	84.850	2139.3	0.0014263	6.6271e-05	0.10826	liquid
285.67	2500.0	58.432	0.017114	7.3348	8.1453	32.124	39.914	84.870	2138.1	0.0014346	6.6226e-05	0.10820	liquid
285.73	2500.0	58.416	0.017119	7.3402	8.1510	32.143	39.913	84.889	2137.0	0.0014430	6.6181e-05	0.10814	liquid
285.80	2500.0	58.399	0.017124	7.3457	8.1567	32.163	39.913	84.908	2135.8	0.0014514	6.6136e-05	0.10808	liquid
285.87	2500.0	58.383	0.017128	7.3511	8.1623	32.183	39.913	84.927	2134.6	0.0014599	6.6090e-05	0.10802	liquid
285.93	2500.0	58.366	0.017133	7.3565	8.1680	32.203	39.913	84.947	2133.4	0.0014683	6.6045e-05	0.10796	liquid
286.00	2500.0	58.350	0.017138	7.3620	8.1736	32.223	39.913	84.966	2132.2	0.0014768	6.6000e-05	0.10790	liquid
286.07	2500.0	58.333	0.017143	7.3674	8.1793	32.242	39.912	84.985	2131.1	0.0014852	6.5955e-05	0.10784	liquid
286.13	2500.0	58.317	0.017148	7.3728	8.1850	32.262	39.912	85.005	2129.9	0.0014937	6.5910e-05	0.10778	liquid
286.20	2500.0	58.300	0.017153	7.3783	8.1906	32.282	39.912	85.024	2128.7	0.0015022	6.5865e-05	0.10772	liquid
286.27	2500.0	58.283	0.017158	7.3837	8.1963	32.302	39.912	85.044	2127.5	0.0015107	6.5820e-05	0.10766	liquid
286.33	2500.0	58.267	0.017162	7.3892	8.2020	32.322	39.912	85.063	2126.3	0.0015193	6.5775e-05	0.10760	liquid
286.40	2500.0	58.250	0.017167	7.3946	8.2077	32.342	39.911	85.083	2125.2	0.0015278	6.5730e-05	0.10754	liquid
286.47	2500.0	58.234	0.017172	7.4000	8.2133	32.361	39.911	85.102	2124.0	0.0015364	6.5685e-05	0.10748	liquid
286.53	2500.0	58.217	0.017177	7.4055	8.2190	32.381	39.911	85.122	2122.8	0.0015449	6.5640e-05	0.10742	liquid
286.60	2500.0	58.201	0.017182	7.4109	8.2247	32.401	39.911	85.141	2121.6	0.0015535	6.5595e-05	0.10736	liquid
286.67	2500.0	58.184	0.017187	7.4164	8.2304	32.421	39.911	85.161	2120.4	0.0015621	6.5550e-05	0.10730	liquid
286.73	2500.0	58.167	0.017192	7.4218	8.2360	32.441	39.911	85.181	2119.3	0.0015708	6.5505e-05	0.10724	liquid
286.80	2500.0	58.151	0.017197	7.4273	8.2417	32.460	39.910	85.200	2118.1	0.0015794	6.5461e-05	0.10718	liquid
286.87	2500.0	58.134	0.017202	7.4327	8.2474	32.480	39.910	85.220	2116.9	0.0015880	6.5416e-05	0.10712	liquid
286.93	2500.0	58.118	0.017207	7.4382	8.2531	32.500	39.910	85.240	2115.7	0.0015967	6.5371e-05	0.10706	liquid
287.00	2500.0	58.101	0.017211	7.4436	8.2588	32.520	39.910	85.260	2114.5	0.0016054	6.5326e-05	0.10700	liquid
287.07	2500.0	58.084	0.017216	7.4491	8.2644	32.540	39.910	85.279	2113.4	0.0016141	6.5281e-05	0.10694	liquid
287.13	2500.0	58.068	0.017221	7.4545	8.2701	32.559	39.909	85.299	2112.2	0.0016228	6.5237e-05	0.10688	liquid
287.20	2500.0	58.051	0.017226	7.4600	8.2758	32.579	39.909	85.319	2111.0	0.0016315	6.5192e-05	0.10682	liquid
287.27	2500.0	58.034	0.017231	7.4654	8.2815	32.599	39.909	85.339	2109.8	0.0016403	6.5147e-05	0.10676	liquid
287.33	2500.0	58.018	0.017236	7.4709	8.2872	32.619	39.909	85.359	2108.6	0.0016490	6.5103e-05	0.10671	liquid
287.40	2500.0	58.001	0.017241	7.4763	8.2929	32.639	39.909	85.379	2107.5	0.0016578	6.5058e-05	0.10665	liquid
287.47	2500.0	57.984	0.017246	7.4818	8.2986	32.658	39.909	85.399	2106.3	0.0016666	6.5013e-05	0.10659	liquid
287.53	2500.0	57.967	0.017251	7.4873	8.3043	32.678	39.908	85.419	2105.1	0.0016754	6.4969e-05	0.10653	liquid
287.60	2500.0	57.951	0.017256	7.4927	8.3100	32.698	39.908	85.439	2103.9	0.0016842	6.4924e-05	0.10647	liquid
287.67	2500.0	57.934	0.017261	7.4982	8.3157	32.718	39.908	85.459	2102.7	0.0016930	6.4880e-05	0.10641	liquid
287.73	2500.0	57.917	0.017266	7.5036	8.3214	32.738	39.908	85.479	2101.6	0.0017019	6.4835e-05	0.10635	liquid
287.80	2500.0	57.901	0.017271	7.5091	8.3271	32.757	39.908	85.500	2100.4	0.0017107	6.4791e-05	0.10629	liquid
287.87	2500.0	57.884	0.017276	7.5146	8.3328	32.777	39.908	85.520	2099.2	0.0017196	6.4746e-05	0.10623	liquid
287.93	2500.0	57.867	0.017281	7.5200	8.3385	32.797	39.908	85.540	2098.0	0.0017285	6.4702e-05	0.10617	liquid
288.00	2500.0	57.850	0.017286	7.5255	8.3442	32.817	39.907	85.560	2096.8	0.0017374	6.4657e-05	0.10611	liquid
288.07	2500.0	57.834	0.017291	7.5310	8.3499	32.837	39.907	85.581	2095.7	0.0017464	6.4613e-05	0.10605	liquid
288.13	2500.0	57.817	0.017296	7.5364	8.3556	32.856	39.907	85.601	2094.5	0.0017553	6.4568e-05	0.10599	liquid
288.20	2500.0	57.800	0.017301	7.5419	8.3613	32.876	39.907	85.621	2093.3	0.0017643	6.4524e-05	0.10593	liquid
288.27	2500.0	57.783	0.017306	7.5474	8.3670	32.896	39.907	85.642	2092.1	0.0017732	6.4480e-05	0.10587	liquid
288.33	2500.0	57.766	0.017311	7.5528	8.3727	32.916	39.907	85.662	2090.9	0.0017822	6.4435e-05	0.10581	liquid
288.40	2500.0	57.750	0.017316	7.5583	8.3784	32.936	39.907	85.683	2089.7	0.0017912	6.4391e-05	0.10575	liquid
288.47	2500.0	57.733	0.017321	7.5638	8.3841	32.955	39.906	85.703	2088.6	0.0018002	6.4347e-05	0.10569	liquid
288.53	2500.0	57.716	0.017326	7.5693	8.3898	32.975	39.906	85.724	2087.4	0.0018093	6.4303e-05	0.10563	liquid
288.60	2500.0	57.699	0.017331	7.5747	8.3956	32.995	39.906	85.744	2086.2	0.0018183	6.4258e-05	0.10557	liquid
288.67	2500.0	57.682	0.017336	7.5802	8.4013	33.015	39.906	85.765	2085.0	0.0018274	6.4214e-05	0.10551	liquid
288.73	2500.0	57.665	0.017341	7.5857	8.4070	33.035	39.906	85.786	2083.8	0.0018365	6.4170e-05	0.10545	liquid
288.80	2500.0	57.648	0.017347	7.5912	8.4127	33.055	39.906	85.806	2082.7	0.0018456	6.4126e-05	0.10539	liquid
288.87	2500.0	57.632	0.017352	7.5967	8.4184	33.074	39.906	85.827	2081.5	0.0018547	6.4082e-05	0.10533	liquid
288.93	2500.0	57.615	0.017357	7.6021	8.4242	33.094	39.906	85.848	2080.3	0.0018638	6.4038e-05	0.10528	liquid
289.00	2500.0	57.598	0.017362	7.6076	8.4299	33.114	39.905	85.868	2079.1	0.0018730	6.3993e-05	0.10522	liquid
289.07	2500.0	57.581	0.017367	7.6131	8.4356	33.134	39.905	85.889	2077.9	0.0018822	6.3949e-05	0.10516	liquid
289.13	2500.0	57.564	0.017372	7.6186	8.4413	33.154	39.905	85.910	2076.7	0.0018914	6.3905e-05	0.10510	liquid
289.20	2500.0	57.547	0.017377	7.6241	8.4471	33.173	39.905	85.931	2075.6	0.0019006	6.3861e-05	0.10504	liquid
289.27	2500.0	57.530	0.017382	7.6296	8.4528	33.193	39.905	85.952	2074.4	0.0019098	6.3817e-05	0.10498	liquid
289.33	2500.0	57.513	0.017387	7.6350	8.4585	33.213	39.905	85.973	2073.2	0.0019190	6.3773e-05	0.10492	liquid
289.40	2500.0	57.496	0.017392	7.6405	8.4643	33.233	39.905	85.994	2072.0	0.0019282	6.3729e-05	0.10486	liquid
289.47	2500.0	57.479	0.017398	7.6460	8.4700	33.253	39.905	86.015	2070.8	0.0019375	6.3685e-05	0.10480	liquid
289.53	2500.0	57.462	0.017403	7.6515	8.4757	33.272	39.905	86.036	2069.7	0.0019468	6.3641e-05	0.10474	liquid
289.60	2500.0	57.445	0.017408	7.6570	8.4815	33.292	39.904	86.057	2068.5	0.0019561	6.3597e-05	0.10468	liquid
289.67	2500.0	57.428	0.017413	7.6625	8.4872	33.312	39.904	86.078	2067.3	0.0019654	6.3554e-05	0.10462	liquid
289.73	2500.0	57.411	0.017418	7.6680	8.4929	33.332	39.904	86.099	2066.1	0.0019747	6.3510e-05	0.10456	liquid
289.80	2500.0	57.394	0.017423	7.6735	8.4987	33.352	39.904	86.120	2064.9	0.0019841	6.3466e-05	0.10450	liquid
289.87	2500.0	57.377	0.017428	7.6790	8.5044	33.371	39.904	86.142	2063.7	0.0019935	6.3422e-05	0.10445	liquid
289.93	2500.0	57.360	0.017434	7.6845	8.5102	33.391	39.904	86.163	2062.6	0.0020028	6.3378e-05	0.10439	liquid
290.00	2500.0	57.343	0.017439	7.6900	8.5159	33.411	39.904	86.184	2061.4	0.0020122	6.3334e-05	0.10433	liquid
