Temperature (K)	Pressure (psia)	Density (lbm/ft3)	Volume (ft3/lbm)	Internal Energy (kJ/mol)	Enthalpy (kJ/mol)	Entropy (J/mol*K)	Cv (J/mol*K)	Cp (J/mol*K)	Sound Spd. (ft/s)	Joule-Thomson (F/psia)	Viscosity (lbm/ft*s)	Therm. Cond. (W/m*K)	Phase
250.00	2300.0	66.109	0.015127	4.5884	5.2475	21.524	40.248	78.259	2736.4	-0.0014709	9.4327e-05	0.14115	liquid
250.07	2300.0	66.095	0.015130	4.5935	5.2528	21.545	40.247	78.268	2735.2	-0.0014670	9.4260e-05	0.14109	liquid
250.13	2300.0	66.082	0.015133	4.5986	5.2580	21.566	40.246	78.278	2734.0	-0.0014630	9.4193e-05	0.14102	liquid
250.20	2300.0	66.068	0.015136	4.6037	5.2632	21.587	40.245	78.287	2732.8	-0.0014591	9.4126e-05	0.14095	liquid
250.27	2300.0	66.054	0.015139	4.6088	5.2684	21.607	40.244	78.297	2731.6	-0.0014552	9.4059e-05	0.14088	liquid
250.33	2300.0	66.040	0.015142	4.6139	5.2736	21.628	40.243	78.307	2730.4	-0.0014512	9.3992e-05	0.14082	liquid
250.40	2300.0	66.027	0.015145	4.6189	5.2788	21.649	40.241	78.316	2729.2	-0.0014473	9.3925e-05	0.14075	liquid
250.47	2300.0	66.013	0.015149	4.6240	5.2841	21.670	40.240	78.326	2728.0	-0.0014434	9.3858e-05	0.14068	liquid
250.53	2300.0	65.999	0.015152	4.6291	5.2893	21.691	40.239	78.336	2726.8	-0.0014394	9.3791e-05	0.14061	liquid
250.60	2300.0	65.986	0.015155	4.6342	5.2945	21.712	40.238	78.346	2725.6	-0.0014354	9.3724e-05	0.14055	liquid
250.67	2300.0	65.972	0.015158	4.6393	5.2997	21.732	40.237	78.355	2724.4	-0.0014315	9.3658e-05	0.14048	liquid
250.73	2300.0	65.958	0.015161	4.6444	5.3050	21.753	40.236	78.365	2723.2	-0.0014275	9.3591e-05	0.14041	liquid
250.80	2300.0	65.944	0.015164	4.6495	5.3102	21.774	40.235	78.375	2722.0	-0.0014235	9.3525e-05	0.14034	liquid
250.87	2300.0	65.931	0.015167	4.6545	5.3154	21.795	40.234	78.385	2720.8	-0.0014195	9.3458e-05	0.14027	liquid
250.93	2300.0	65.917	0.015171	4.6596	5.3206	21.816	40.233	78.394	2719.6	-0.0014155	9.3392e-05	0.14021	liquid
251.00	2300.0	65.903	0.015174	4.6647	5.3259	21.837	40.232	78.404	2718.4	-0.0014115	9.3325e-05	0.14014	liquid
251.07	2300.0	65.889	0.015177	4.6698	5.3311	21.857	40.231	78.414	2717.2	-0.0014075	9.3259e-05	0.14007	liquid
251.13	2300.0	65.876	0.015180	4.6749	5.3363	21.878	40.229	78.424	2716.0	-0.0014035	9.3193e-05	0.14000	liquid
251.20	2300.0	65.862	0.015183	4.6800	5.3415	21.899	40.228	78.434	2714.8	-0.0013995	9.3126e-05	0.13994	liquid
251.27	2300.0	65.848	0.015186	4.6851	5.3468	21.920	40.227	78.444	2713.6	-0.0013955	9.3060e-05	0.13987	liquid
251.33	2300.0	65.834	0.015190	4.6902	5.3520	21.941	40.226	78.453	2712.4	-0.0013915	9.2994e-05	0.13980	liquid
251.40	2300.0	65.820	0.015193	4.6953	5.3572	21.962	40.225	78.463	2711.2	-0.0013875	9.2928e-05	0.13973	liquid
251.47	2300.0	65.807	0.015196	4.7004	5.3625	21.982	40.224	78.473	2710.0	-0.0013834	9.2862e-05	0.13967	liquid
251.53	2300.0	65.793	0.015199	4.7054	5.3677	22.003	40.223	78.483	2708.8	-0.0013794	9.2796e-05	0.13960	liquid
251.60	2300.0	65.779	0.015202	4.7105	5.3729	22.024	40.222	78.493	2707.6	-0.0013753	9.2731e-05	0.13953	liquid
251.67	2300.0	65.765	0.015206	4.7156	5.3782	22.045	40.221	78.503	2706.4	-0.0013713	9.2665e-05	0.13946	liquid
251.73	2300.0	65.751	0.015209	4.7207	5.3834	22.066	40.220	78.513	2705.2	-0.0013672	9.2599e-05	0.13940	liquid
251.80	2300.0	65.738	0.015212	4.7258	5.3886	22.086	40.219	78.523	2704.0	-0.0013631	9.2534e-05	0.13933	liquid
251.87	2300.0	65.724	0.015215	4.7309	5.3939	22.107	40.218	78.533	2702.8	-0.0013591	9.2468e-05	0.13926	liquid
251.93	2300.0	65.710	0.015218	4.7360	5.3991	22.128	40.217	78.543	2701.6	-0.0013550	9.2402e-05	0.13919	liquid
252.00	2300.0	65.696	0.015222	4.7411	5.4043	22.149	40.216	78.553	2700.4	-0.0013509	9.2337e-05	0.13913	liquid
252.07	2300.0	65.682	0.015225	4.7462	5.4096	22.169	40.215	78.563	2699.2	-0.0013468	9.2272e-05	0.13906	liquid
252.13	2300.0	65.668	0.015228	4.7513	5.4148	22.190	40.213	78.573	2698.0	-0.0013427	9.2206e-05	0.13899	liquid
252.20	2300.0	65.655	0.015231	4.7564	5.4201	22.211	40.212	78.583	2696.8	-0.0013386	9.2141e-05	0.13892	liquid
252.27	2300.0	65.641	0.015234	4.7615	5.4253	22.232	40.211	78.593	2695.6	-0.0013345	9.2076e-05	0.13886	liquid
252.33	2300.0	65.627	0.015238	4.7666	5.4305	22.253	40.210	78.603	2694.4	-0.0013304	9.2011e-05	0.13879	liquid
252.40	2300.0	65.613	0.015241	4.7717	5.4358	22.273	40.209	78.614	2693.2	-0.0013263	9.1946e-05	0.13872	liquid
252.47	2300.0	65.599	0.015244	4.7768	5.4410	22.294	40.208	78.624	2692.0	-0.0013222	9.1880e-05	0.13865	liquid
252.53	2300.0	65.585	0.015247	4.7819	5.4463	22.315	40.207	78.634	2690.8	-0.0013180	9.1815e-05	0.13859	liquid
252.60	2300.0	65.572	0.015251	4.7870	5.4515	22.336	40.206	78.644	2689.6	-0.0013139	9.1751e-05	0.13852	liquid
252.67	2300.0	65.558	0.015254	4.7921	5.4567	22.356	40.205	78.654	2688.4	-0.0013097	9.1686e-05	0.13845	liquid
252.73	2300.0	65.544	0.015257	4.7972	5.4620	22.377	40.204	78.664	2687.2	-0.0013056	9.1621e-05	0.13838	liquid
252.80	2300.0	65.530	0.015260	4.8023	5.4672	22.398	40.203	78.675	2686.0	-0.0013014	9.1556e-05	0.13832	liquid
252.87	2300.0	65.516	0.015263	4.8074	5.4725	22.419	40.202	78.685	2684.8	-0.0012973	9.1491e-05	0.13825	liquid
252.93	2300.0	65.502	0.015267	4.8125	5.4777	22.439	40.201	78.695	2683.6	-0.0012931	9.1427e-05	0.13818	liquid
253.00	2300.0	65.488	0.015270	4.8176	5.4830	22.460	40.200	78.705	2682.4	-0.0012889	9.1362e-05	0.13812	liquid
253.07	2300.0	65.474	0.015273	4.8227	5.4882	22.481	40.199	78.716	2681.2	-0.0012848	9.1298e-05	0.13805	liquid
253.13	2300.0	65.460	0.015276	4.8278	5.4935	22.502	40.198	78.726	2680.0	-0.0012806	9.1233e-05	0.13798	liquid
253.20	2300.0	65.447	0.015280	4.8330	5.4987	22.522	40.197	78.736	2678.8	-0.0012764	9.1169e-05	0.13791	liquid
253.27	2300.0	65.433	0.015283	4.8381	5.5040	22.543	40.196	78.746	2677.6	-0.0012722	9.1105e-05	0.13785	liquid
253.33	2300.0	65.419	0.015286	4.8432	5.5092	22.564	40.195	78.757	2676.4	-0.0012680	9.1040e-05	0.13778	liquid
253.40	2300.0	65.405	0.015289	4.8483	5.5145	22.584	40.194	78.767	2675.2	-0.0012638	9.0976e-05	0.13771	liquid
253.47	2300.0	65.391	0.015293	4.8534	5.5197	22.605	40.193	78.777	2674.0	-0.0012596	9.0912e-05	0.13764	liquid
253.53	2300.0	65.377	0.015296	4.8585	5.5250	22.626	40.192	78.788	2672.8	-0.0012553	9.0848e-05	0.13758	liquid
253.60	2300.0	65.363	0.015299	4.8636	5.5302	22.647	40.191	78.798	2671.6	-0.0012511	9.0784e-05	0.13751	liquid
253.67	2300.0	65.349	0.015302	4.8687	5.5355	22.667	40.190	78.809	2670.4	-0.0012469	9.0720e-05	0.13744	liquid
253.73	2300.0	65.335	0.015306	4.8738	5.5407	22.688	40.189	78.819	2669.2	-0.0012426	9.0656e-05	0.13738	liquid
253.80	2300.0	65.321	0.015309	4.8789	5.5460	22.709	40.188	78.830	2668.0	-0.0012384	9.0592e-05	0.13731	liquid
253.87	2300.0	65.307	0.015312	4.8841	5.5512	22.729	40.187	78.840	2666.8	-0.0012341	9.0528e-05	0.13724	liquid
253.93	2300.0	65.293	0.015316	4.8892	5.5565	22.750	40.186	78.850	2665.6	-0.0012299	9.0465e-05	0.13717	liquid
254.00	2300.0	65.279	0.015319	4.8943	5.5618	22.771	40.185	78.861	2664.4	-0.0012256	9.0401e-05	0.13711	liquid
254.07	2300.0	65.265	0.015322	4.8994	5.5670	22.792	40.184	78.871	2663.1	-0.0012213	9.0337e-05	0.13704	liquid
254.13	2300.0	65.251	0.015325	4.9045	5.5723	22.812	40.183	78.882	2661.9	-0.0012170	9.0274e-05	0.13697	liquid
254.20	2300.0	65.237	0.015329	4.9096	5.5775	22.833	40.182	78.892	2660.7	-0.0012128	9.0210e-05	0.13691	liquid
254.27	2300.0	65.223	0.015332	4.9148	5.5828	22.854	40.181	78.903	2659.5	-0.0012085	9.0147e-05	0.13684	liquid
254.33	2300.0	65.209	0.015335	4.9199	5.5880	22.874	40.180	78.914	2658.3	-0.0012042	9.0083e-05	0.13677	liquid
254.40	2300.0	65.195	0.015338	4.9250	5.5933	22.895	40.179	78.924	2657.1	-0.0011999	9.0020e-05	0.13670	liquid
254.47	2300.0	65.181	0.015342	4.9301	5.5986	22.916	40.178	78.935	2655.9	-0.0011956	8.9957e-05	0.13664	liquid
254.53	2300.0	65.167	0.015345	4.9352	5.6038	22.936	40.177	78.945	2654.7	-0.0011912	8.9893e-05	0.13657	liquid
254.60	2300.0	65.153	0.015348	4.9403	5.6091	22.957	40.176	78.956	2653.5	-0.0011869	8.9830e-05	0.13650	liquid
254.67	2300.0	65.139	0.015352	4.9455	5.6144	22.978	40.175	78.967	2652.3	-0.0011826	8.9767e-05	0.13644	liquid
254.73	2300.0	65.125	0.015355	4.9506	5.6196	22.998	40.174	78.977	2651.1	-0.0011782	8.9704e-05	0.13637	liquid
254.80	2300.0	65.111	0.015358	4.9557	5.6249	23.019	40.173	78.988	2649.9	-0.0011739	8.9641e-05	0.13630	liquid
254.87	2300.0	65.097	0.015362	4.9608	5.6302	23.040	40.172	78.999	2648.7	-0.0011696	8.9578e-05	0.13624	liquid
254.93	2300.0	65.083	0.015365	4.9660	5.6354	23.060	40.171	79.009	2647.5	-0.0011652	8.9515e-05	0.13617	liquid
255.00	2300.0	65.069	0.015368	4.9711	5.6407	23.081	40.170	79.020	2646.3	-0.0011608	8.9452e-05	0.13610	liquid
255.07	2300.0	65.055	0.015372	4.9762	5.6460	23.102	40.169	79.031	2645.1	-0.0011565	8.9389e-05	0.13603	liquid
255.13	2300.0	65.041	0.015375	4.9813	5.6512	23.122	40.168	79.041	2643.9	-0.0011521	8.9327e-05	0.13597	liquid
255.20	2300.0	65.027	0.015378	4.9864	5.6565	23.143	40.167	79.052	2642.7	-0.0011477	8.9264e-05	0.13590	liquid
255.27	2300.0	65.013	0.015382	4.9916	5.6618	23.164	40.166	79.063	2641.5	-0.0011433	8.9201e-05	0.13583	liquid
255.33	2300.0	64.999	0.015385	4.9967	5.6670	23.184	40.165	79.074	2640.3	-0.0011389	8.9139e-05	0.13577	liquid
255.40	2300.0	64.985	0.015388	5.0018	5.6723	23.205	40.164	79.085	2639.1	-0.0011345	8.9076e-05	0.13570	liquid
255.47	2300.0	64.971	0.015391	5.0070	5.6776	23.226	40.163	79.095	2637.9	-0.0011301	8.9014e-05	0.13563	liquid
255.53	2300.0	64.957	0.015395	5.0121	5.6829	23.246	40.162	79.106	2636.7	-0.0011257	8.8951e-05	0.13557	liquid
255.60	2300.0	64.943	0.015398	5.0172	5.6881	23.267	40.161	79.117	2635.5	-0.0011213	8.8889e-05	0.13550	liquid
255.67	2300.0	64.929	0.015401	5.0223	5.6934	23.287	40.160	79.128	2634.3	-0.0011169	8.8827e-05	0.13543	liquid
255.73	2300.0	64.915	0.015405	5.0275	5.6987	23.308	40.159	79.139	2633.1	-0.0011124	8.8765e-05	0.13537	liquid
255.80	2300.0	64.901	0.015408	5.0326	5.7040	23.329	40.158	79.150	2631.9	-0.0011080	8.8702e-05	0.13530	liquid
255.87	2300.0	64.886	0.015412	5.0377	5.7092	23.349	40.157	79.161	2630.7	-0.0011035	8.8640e-05	0.13523	liquid
255.93	2300.0	64.872	0.015415	5.0429	5.7145	23.370	40.156	79.172	2629.5	-0.0010991	8.8578e-05	0.13516	liquid
256.00	2300.0	64.858	0.015418	5.0480	5.7198	23.391	40.155	79.183	2628.3	-0.0010946	8.8516e-05	0.13510	liquid
256.07	2300.0	64.844	0.015422	5.0531	5.7251	23.411	40.154	79.194	2627.1	-0.0010902	8.8454e-05	0.13503	liquid
256.13	2300.0	64.830	0.015425	5.0583	5.7304	23.432	40.154	79.205	2625.9	-0.0010857	8.8392e-05	0.13496	liquid
256.20	2300.0	64.816	0.015428	5.0634	5.7356	23.452	40.153	79.216	2624.7	-0.0010812	8.8330e-05	0.13490	liquid
256.27	2300.0	64.802	0.015432	5.0685	5.7409	23.473	40.152	79.227	2623.5	-0.0010767	8.8269e-05	0.13483	liquid
256.33	2300.0	64.788	0.015435	5.0737	5.7462	23.494	40.151	79.238	2622.3	-0.0010722	8.8207e-05	0.13476	liquid
256.40	2300.0	64.774	0.015438	5.0788	5.7515	23.514	40.150	79.249	2621.1	-0.0010677	8.8145e-05	0.13470	liquid
256.47	2300.0	64.759	0.015442	5.0839	5.7568	23.535	40.149	79.260	2619.9	-0.0010632	8.8083e-05	0.13463	liquid
256.53	2300.0	64.745	0.015445	5.0891	5.7620	23.555	40.148	79.271	2618.7	-0.0010587	8.8022e-05	0.13456	liquid
256.60	2300.0	64.731	0.015449	5.0942	5.7673	23.576	40.147	79.282	2617.5	-0.0010542	8.7960e-05	0.13450	liquid
256.67	2300.0	64.717	0.015452	5.0994	5.7726	23.597	40.146	79.293	2616.3	-0.0010497	8.7899e-05	0.13443	liquid
256.73	2300.0	64.703	0.015455	5.1045	5.7779	23.617	40.145	79.304	2615.1	-0.0010451	8.7837e-05	0.13436	liquid
256.80	2300.0	64.689	0.015459	5.1096	5.7832	23.638	40.144	79.315	2613.9	-0.0010406	8.7776e-05	0.13430	liquid
256.87	2300.0	64.675	0.015462	5.1148	5.7885	23.658	40.143	79.327	2612.7	-0.0010360	8.7715e-05	0.13423	liquid
256.93	2300.0	64.660	0.015465	5.1199	5.7938	23.679	40.142	79.338	2611.5	-0.0010315	8.7653e-05	0.13416	liquid
257.00	2300.0	64.646	0.015469	5.1251	5.7991	23.700	40.141	79.349	2610.3	-0.0010269	8.7592e-05	0.13410	liquid
257.07	2300.0	64.632	0.015472	5.1302	5.8044	23.720	40.140	79.360	2609.1	-0.0010224	8.7531e-05	0.13403	liquid
257.13	2300.0	64.618	0.015476	5.1353	5.8096	23.741	40.140	79.371	2607.9	-0.0010178	8.7470e-05	0.13396	liquid
257.20	2300.0	64.604	0.015479	5.1405	5.8149	23.761	40.139	79.383	2606.7	-0.0010132	8.7409e-05	0.13390	liquid
257.27	2300.0	64.589	0.015482	5.1456	5.8202	23.782	40.138	79.394	2605.5	-0.0010086	8.7348e-05	0.13383	liquid
257.33	2300.0	64.575	0.015486	5.1508	5.8255	23.803	40.137	79.405	2604.3	-0.0010040	8.7287e-05	0.13376	liquid
257.40	2300.0	64.561	0.015489	5.1559	5.8308	23.823	40.136	79.416	2603.1	-0.00099943	8.7226e-05	0.13370	liquid
257.47	2300.0	64.547	0.015493	5.1611	5.8361	23.844	40.135	79.428	2601.9	-0.00099482	8.7165e-05	0.13363	liquid
257.53	2300.0	64.533	0.015496	5.1662	5.8414	23.864	40.134	79.439	2600.7	-0.00099021	8.7104e-05	0.13356	liquid
257.60	2300.0	64.518	0.015499	5.1714	5.8467	23.885	40.133	79.450	2599.5	-0.00098558	8.7043e-05	0.13350	liquid
257.67	2300.0	64.504	0.015503	5.1765	5.8520	23.905	40.132	79.462	2598.3	-0.00098096	8.6983e-05	0.13343	liquid
257.73	2300.0	64.490	0.015506	5.1817	5.8573	23.926	40.131	79.473	2597.1	-0.00097632	8.6922e-05	0.13336	liquid
257.80	2300.0	64.476	0.015510	5.1868	5.8626	23.946	40.130	79.485	2595.9	-0.00097168	8.6861e-05	0.13330	liquid
257.87	2300.0	64.461	0.015513	5.1920	5.8679	23.967	40.130	79.496	2594.7	-0.00096703	8.6801e-05	0.13323	liquid
257.93	2300.0	64.447	0.015517	5.1971	5.8732	23.988	40.129	79.507	2593.5	-0.00096237	8.6740e-05	0.13316	liquid
258.00	2300.0	64.433	0.015520	5.2023	5.8785	24.008	40.128	79.519	2592.3	-0.00095771	8.6680e-05	0.13310	liquid
258.07	2300.0	64.419	0.015523	5.2074	5.8838	24.029	40.127	79.530	2591.1	-0.00095304	8.6620e-05	0.13303	liquid
258.13	2300.0	64.404	0.015527	5.2126	5.8891	24.049	40.126	79.542	2589.9	-0.00094836	8.6559e-05	0.13296	liquid
258.20	2300.0	64.390	0.015530	5.2177	5.8944	24.070	40.125	79.553	2588.7	-0.00094367	8.6499e-05	0.13290	liquid
258.27	2300.0	64.376	0.015534	5.2229	5.8997	24.090	40.124	79.565	2587.5	-0.00093898	8.6439e-05	0.13283	liquid
258.33	2300.0	64.362	0.015537	5.2280	5.9050	24.111	40.123	79.576	2586.3	-0.00093428	8.6378e-05	0.13277	liquid
258.40	2300.0	64.347	0.015541	5.2332	5.9103	24.131	40.122	79.588	2585.1	-0.00092958	8.6318e-05	0.13270	liquid
258.47	2300.0	64.333	0.015544	5.2383	5.9156	24.152	40.122	79.600	2583.9	-0.00092486	8.6258e-05	0.13263	liquid
258.53	2300.0	64.319	0.015548	5.2435	5.9209	24.172	40.121	79.611	2582.7	-0.00092014	8.6198e-05	0.13257	liquid
258.60	2300.0	64.304	0.015551	5.2487	5.9262	24.193	40.120	79.623	2581.5	-0.00091542	8.6138e-05	0.13250	liquid
258.67	2300.0	64.290	0.015554	5.2538	5.9315	24.213	40.119	79.634	2580.3	-0.00091068	8.6078e-05	0.13243	liquid
258.73	2300.0	64.276	0.015558	5.2590	5.9369	24.234	40.118	79.646	2579.1	-0.00090594	8.6018e-05	0.13237	liquid
258.80	2300.0	64.262	0.015561	5.2641	5.9422	24.255	40.117	79.658	2577.9	-0.00090119	8.5959e-05	0.13230	liquid
258.87	2300.0	64.247	0.015565	5.2693	5.9475	24.275	40.116	79.669	2576.7	-0.00089644	8.5899e-05	0.13223	liquid
258.93	2300.0	64.233	0.015568	5.2744	5.9528	24.296	40.115	79.681	2575.5	-0.00089167	8.5839e-05	0.13217	liquid
259.00	2300.0	64.219	0.015572	5.2796	5.9581	24.316	40.115	79.693	2574.3	-0.00088690	8.5779e-05	0.13210	liquid
259.07	2300.0	64.204	0.015575	5.2848	5.9634	24.337	40.114	79.704	2573.1	-0.00088213	8.5720e-05	0.13204	liquid
259.13	2300.0	64.190	0.015579	5.2899	5.9687	24.357	40.113	79.716	2571.9	-0.00087734	8.5660e-05	0.13197	liquid
259.20	2300.0	64.176	0.015582	5.2951	5.9740	24.378	40.112	79.728	2570.7	-0.00087255	8.5601e-05	0.13190	liquid
259.27	2300.0	64.161	0.015586	5.3003	5.9794	24.398	40.111	79.740	2569.5	-0.00086775	8.5541e-05	0.13184	liquid
259.33	2300.0	64.147	0.015589	5.3054	5.9847	24.419	40.110	79.751	2568.3	-0.00086294	8.5482e-05	0.13177	liquid
259.40	2300.0	64.132	0.015593	5.3106	5.9900	24.439	40.109	79.763	2567.1	-0.00085813	8.5422e-05	0.13170	liquid
259.47	2300.0	64.118	0.015596	5.3158	5.9953	24.460	40.108	79.775	2565.9	-0.00085331	8.5363e-05	0.13164	liquid
259.53	2300.0	64.104	0.015600	5.3209	6.0006	24.480	40.108	79.787	2564.7	-0.00084848	8.5304e-05	0.13157	liquid
259.60	2300.0	64.089	0.015603	5.3261	6.0059	24.501	40.107	79.799	2563.5	-0.00084365	8.5244e-05	0.13151	liquid
259.67	2300.0	64.075	0.015607	5.3313	6.0113	24.521	40.106	79.811	2562.3	-0.00083880	8.5185e-05	0.13144	liquid
259.73	2300.0	64.061	0.015610	5.3364	6.0166	24.542	40.105	79.823	2561.1	-0.00083395	8.5126e-05	0.13137	liquid
259.80	2300.0	64.046	0.015614	5.3416	6.0219	24.562	40.104	79.835	2559.9	-0.00082910	8.5067e-05	0.13131	liquid
259.87	2300.0	64.032	0.015617	5.3468	6.0272	24.583	40.103	79.846	2558.7	-0.00082423	8.5008e-05	0.13124	liquid
259.93	2300.0	64.017	0.015621	5.3519	6.0326	24.603	40.102	79.858	2557.5	-0.00081936	8.4949e-05	0.13117	liquid
260.00	2300.0	64.003	0.015624	5.3571	6.0379	24.624	40.102	79.870	2556.3	-0.00081448	8.4890e-05	0.13111	liquid
260.07	2300.0	63.989	0.015628	5.3623	6.0432	24.644	40.101	79.882	2555.1	-0.00080959	8.4831e-05	0.13104	liquid
260.13	2300.0	63.974	0.015631	5.3674	6.0485	24.664	40.100	79.894	2553.9	-0.00080470	8.4772e-05	0.13098	liquid
260.20	2300.0	63.960	0.015635	5.3726	6.0539	24.685	40.099	79.906	2552.7	-0.00079980	8.4713e-05	0.13091	liquid
260.27	2300.0	63.945	0.015638	5.3778	6.0592	24.705	40.098	79.918	2551.5	-0.00079489	8.4655e-05	0.13084	liquid
260.33	2300.0	63.931	0.015642	5.3830	6.0645	24.726	40.097	79.931	2550.3	-0.00078997	8.4596e-05	0.13078	liquid
260.40	2300.0	63.916	0.015645	5.3881	6.0698	24.746	40.097	79.943	2549.1	-0.00078504	8.4537e-05	0.13071	liquid
260.47	2300.0	63.902	0.015649	5.3933	6.0752	24.767	40.096	79.955	2548.0	-0.00078011	8.4479e-05	0.13065	liquid
260.53	2300.0	63.888	0.015652	5.3985	6.0805	24.787	40.095	79.967	2546.8	-0.00077517	8.4420e-05	0.13058	liquid
260.60	2300.0	63.873	0.015656	5.4037	6.0858	24.808	40.094	79.979	2545.6	-0.00077023	8.4361e-05	0.13051	liquid
260.67	2300.0	63.859	0.015660	5.4089	6.0912	24.828	40.093	79.991	2544.4	-0.00076527	8.4303e-05	0.13045	liquid
260.73	2300.0	63.844	0.015663	5.4140	6.0965	24.849	40.092	80.003	2543.2	-0.00076031	8.4245e-05	0.13038	liquid
260.80	2300.0	63.830	0.015667	5.4192	6.1018	24.869	40.092	80.015	2542.0	-0.00075534	8.4186e-05	0.13032	liquid
260.87	2300.0	63.815	0.015670	5.4244	6.1072	24.890	40.091	80.028	2540.8	-0.00075036	8.4128e-05	0.13025	liquid
260.93	2300.0	63.801	0.015674	5.4296	6.1125	24.910	40.090	80.040	2539.6	-0.00074538	8.4070e-05	0.13018	liquid
261.00	2300.0	63.786	0.015677	5.4348	6.1178	24.930	40.089	80.052	2538.4	-0.00074039	8.4011e-05	0.13012	liquid
261.07	2300.0	63.772	0.015681	5.4399	6.1232	24.951	40.088	80.064	2537.2	-0.00073539	8.3953e-05	0.13005	liquid
261.13	2300.0	63.757	0.015684	5.4451	6.1285	24.971	40.088	80.077	2536.0	-0.00073038	8.3895e-05	0.12999	liquid
261.20	2300.0	63.743	0.015688	5.4503	6.1339	24.992	40.087	80.089	2534.8	-0.00072536	8.3837e-05	0.12992	liquid
261.27	2300.0	63.728	0.015692	5.4555	6.1392	25.012	40.086	80.101	2533.6	-0.00072034	8.3779e-05	0.12985	liquid
261.33	2300.0	63.714	0.015695	5.4607	6.1445	25.033	40.085	80.114	2532.4	-0.00071531	8.3721e-05	0.12979	liquid
261.40	2300.0	63.699	0.015699	5.4659	6.1499	25.053	40.084	80.126	2531.2	-0.00071027	8.3663e-05	0.12972	liquid
261.47	2300.0	63.685	0.015702	5.4710	6.1552	25.074	40.083	80.138	2530.0	-0.00070523	8.3605e-05	0.12966	liquid
261.53	2300.0	63.670	0.015706	5.4762	6.1606	25.094	40.083	80.151	2528.8	-0.00070017	8.3547e-05	0.12959	liquid
261.60	2300.0	63.656	0.015710	5.4814	6.1659	25.114	40.082	80.163	2527.6	-0.00069511	8.3489e-05	0.12952	liquid
261.67	2300.0	63.641	0.015713	5.4866	6.1713	25.135	40.081	80.176	2526.4	-0.00069004	8.3431e-05	0.12946	liquid
261.73	2300.0	63.627	0.015717	5.4918	6.1766	25.155	40.080	80.188	2525.1	-0.00068496	8.3374e-05	0.12939	liquid
261.80	2300.0	63.612	0.015720	5.4970	6.1819	25.176	40.079	80.200	2523.9	-0.00067988	8.3316e-05	0.12933	liquid
261.87	2300.0	63.598	0.015724	5.5022	6.1873	25.196	40.079	80.213	2522.7	-0.00067479	8.3258e-05	0.12926	liquid
261.93	2300.0	63.583	0.015727	5.5074	6.1926	25.217	40.078	80.225	2521.5	-0.00066969	8.3201e-05	0.12919	liquid
262.00	2300.0	63.568	0.015731	5.5126	6.1980	25.237	40.077	80.238	2520.3	-0.00066458	8.3143e-05	0.12913	liquid
262.07	2300.0	63.554	0.015735	5.5177	6.2033	25.257	40.076	80.250	2519.1	-0.00065946	8.3086e-05	0.12906	liquid
262.13	2300.0	63.539	0.015738	5.5229	6.2087	25.278	40.076	80.263	2517.9	-0.00065434	8.3028e-05	0.12900	liquid
262.20	2300.0	63.525	0.015742	5.5281	6.2140	25.298	40.075	80.276	2516.7	-0.00064921	8.2971e-05	0.12893	liquid
262.27	2300.0	63.510	0.015746	5.5333	6.2194	25.319	40.074	80.288	2515.5	-0.00064407	8.2914e-05	0.12887	liquid
262.33	2300.0	63.496	0.015749	5.5385	6.2247	25.339	40.073	80.301	2514.3	-0.00063892	8.2856e-05	0.12880	liquid
262.40	2300.0	63.481	0.015753	5.5437	6.2301	25.359	40.072	80.313	2513.1	-0.00063376	8.2799e-05	0.12873	liquid
262.47	2300.0	63.466	0.015756	5.5489	6.2355	25.380	40.072	80.326	2511.9	-0.00062860	8.2742e-05	0.12867	liquid
262.53	2300.0	63.452	0.015760	5.5541	6.2408	25.400	40.071	80.339	2510.7	-0.00062343	8.2685e-05	0.12860	liquid
262.60	2300.0	63.437	0.015764	5.5593	6.2462	25.421	40.070	80.351	2509.5	-0.00061825	8.2627e-05	0.12854	liquid
262.67	2300.0	63.422	0.015767	5.5645	6.2515	25.441	40.069	80.364	2508.3	-0.00061306	8.2570e-05	0.12847	liquid
262.73	2300.0	63.408	0.015771	5.5697	6.2569	25.461	40.068	80.377	2507.1	-0.00060786	8.2513e-05	0.12841	liquid
262.80	2300.0	63.393	0.015775	5.5749	6.2622	25.482	40.068	80.390	2505.9	-0.00060266	8.2456e-05	0.12834	liquid
262.87	2300.0	63.379	0.015778	5.5801	6.2676	25.502	40.067	80.402	2504.7	-0.00059745	8.2399e-05	0.12827	liquid
262.93	2300.0	63.364	0.015782	5.5853	6.2730	25.523	40.066	80.415	2503.5	-0.00059223	8.2342e-05	0.12821	liquid
263.00	2300.0	63.349	0.015785	5.5905	6.2783	25.543	40.065	80.428	2502.3	-0.00058700	8.2286e-05	0.12814	liquid
263.07	2300.0	63.335	0.015789	5.5957	6.2837	25.563	40.065	80.441	2501.1	-0.00058176	8.2229e-05	0.12808	liquid
263.13	2300.0	63.320	0.015793	5.6009	6.2890	25.584	40.064	80.454	2499.9	-0.00057652	8.2172e-05	0.12801	liquid
263.20	2300.0	63.305	0.015796	5.6061	6.2944	25.604	40.063	80.466	2498.7	-0.00057127	8.2115e-05	0.12795	liquid
263.27	2300.0	63.291	0.015800	5.6113	6.2998	25.625	40.062	80.479	2497.5	-0.00056601	8.2059e-05	0.12788	liquid
263.33	2300.0	63.276	0.015804	5.6165	6.3051	25.645	40.062	80.492	2496.3	-0.00056074	8.2002e-05	0.12781	liquid
263.40	2300.0	63.261	0.015807	5.6217	6.3105	25.665	40.061	80.505	2495.1	-0.00055546	8.1945e-05	0.12775	liquid
263.47	2300.0	63.247	0.015811	5.6270	6.3159	25.686	40.060	80.518	2493.9	-0.00055018	8.1889e-05	0.12768	liquid
263.53	2300.0	63.232	0.015815	5.6322	6.3212	25.706	40.059	80.531	2492.7	-0.00054488	8.1832e-05	0.12762	liquid
263.60	2300.0	63.217	0.015818	5.6374	6.3266	25.726	40.059	80.544	2491.5	-0.00053958	8.1776e-05	0.12755	liquid
263.67	2300.0	63.203	0.015822	5.6426	6.3320	25.747	40.058	80.557	2490.3	-0.00053427	8.1719e-05	0.12749	liquid
263.73	2300.0	63.188	0.015826	5.6478	6.3374	25.767	40.057	80.570	2489.1	-0.00052896	8.1663e-05	0.12742	liquid
263.80	2300.0	63.173	0.015830	5.6530	6.3427	25.787	40.056	80.583	2487.9	-0.00052363	8.1607e-05	0.12736	liquid
263.87	2300.0	63.158	0.015833	5.6582	6.3481	25.808	40.056	80.596	2486.7	-0.00051830	8.1550e-05	0.12729	liquid
263.93	2300.0	63.144	0.015837	5.6634	6.3535	25.828	40.055	80.609	2485.5	-0.00051295	8.1494e-05	0.12722	liquid
264.00	2300.0	63.129	0.015841	5.6686	6.3588	25.849	40.054	80.622	2484.3	-0.00050760	8.1438e-05	0.12716	liquid
264.07	2300.0	63.114	0.015844	5.6739	6.3642	25.869	40.053	80.635	2483.1	-0.00050224	8.1382e-05	0.12709	liquid
264.13	2300.0	63.099	0.015848	5.6791	6.3696	25.889	40.053	80.649	2481.9	-0.00049688	8.1326e-05	0.12703	liquid
264.20	2300.0	63.085	0.015852	5.6843	6.3750	25.910	40.052	80.662	2480.7	-0.00049150	8.1270e-05	0.12696	liquid
264.27	2300.0	63.070	0.015855	5.6895	6.3804	25.930	40.051	80.675	2479.5	-0.00048611	8.1213e-05	0.12690	liquid
264.33	2300.0	63.055	0.015859	5.6947	6.3857	25.950	40.050	80.688	2478.3	-0.00048072	8.1157e-05	0.12683	liquid
264.40	2300.0	63.040	0.015863	5.6999	6.3911	25.971	40.050	80.701	2477.1	-0.00047532	8.1102e-05	0.12677	liquid
264.47	2300.0	63.026	0.015867	5.7052	6.3965	25.991	40.049	80.715	2475.9	-0.00046991	8.1046e-05	0.12670	liquid
264.53	2300.0	63.011	0.015870	5.7104	6.4019	26.011	40.048	80.728	2474.7	-0.00046449	8.0990e-05	0.12664	liquid
264.60	2300.0	62.996	0.015874	5.7156	6.4073	26.032	40.048	80.741	2473.5	-0.00045907	8.0934e-05	0.12657	liquid
264.67	2300.0	62.981	0.015878	5.7208	6.4126	26.052	40.047	80.754	2472.3	-0.00045363	8.0878e-05	0.12650	liquid
264.73	2300.0	62.967	0.015881	5.7260	6.4180	26.072	40.046	80.768	2471.1	-0.00044819	8.0822e-05	0.12644	liquid
264.80	2300.0	62.952	0.015885	5.7313	6.4234	26.093	40.045	80.781	2469.9	-0.00044274	8.0767e-05	0.12637	liquid
264.87	2300.0	62.937	0.015889	5.7365	6.4288	26.113	40.045	80.794	2468.7	-0.00043727	8.0711e-05	0.12631	liquid
264.93	2300.0	62.922	0.015893	5.7417	6.4342	26.133	40.044	80.808	2467.5	-0.00043181	8.0655e-05	0.12624	liquid
265.00	2300.0	62.907	0.015896	5.7469	6.4396	26.154	40.043	80.821	2466.3	-0.00042633	8.0600e-05	0.12618	liquid
265.07	2300.0	62.892	0.015900	5.7522	6.4450	26.174	40.042	80.835	2465.1	-0.00042084	8.0544e-05	0.12611	liquid
265.13	2300.0	62.878	0.015904	5.7574	6.4503	26.194	40.042	80.848	2463.9	-0.00041535	8.0489e-05	0.12605	liquid
265.20	2300.0	62.863	0.015908	5.7626	6.4557	26.215	40.041	80.861	2462.7	-0.00040984	8.0433e-05	0.12598	liquid
265.27	2300.0	62.848	0.015911	5.7678	6.4611	26.235	40.040	80.875	2461.5	-0.00040433	8.0378e-05	0.12592	liquid
265.33	2300.0	62.833	0.015915	5.7731	6.4665	26.255	40.040	80.888	2460.3	-0.00039881	8.0323e-05	0.12585	liquid
265.40	2300.0	62.818	0.015919	5.7783	6.4719	26.276	40.039	80.902	2459.1	-0.00039328	8.0267e-05	0.12579	liquid
265.47	2300.0	62.803	0.015923	5.7835	6.4773	26.296	40.038	80.915	2457.9	-0.00038774	8.0212e-05	0.12572	liquid
265.53	2300.0	62.789	0.015926	5.7888	6.4827	26.316	40.038	80.929	2456.7	-0.00038219	8.0157e-05	0.12566	liquid
265.60	2300.0	62.774	0.015930	5.7940	6.4881	26.337	40.037	80.943	2455.5	-0.00037664	8.0102e-05	0.12559	liquid
265.67	2300.0	62.759	0.015934	5.7992	6.4935	26.357	40.036	80.956	2454.3	-0.00037107	8.0047e-05	0.12553	liquid
265.73	2300.0	62.744	0.015938	5.8045	6.4989	26.377	40.035	80.970	2453.1	-0.00036550	7.9991e-05	0.12546	liquid
265.80	2300.0	62.729	0.015942	5.8097	6.5043	26.398	40.035	80.983	2451.9	-0.00035992	7.9936e-05	0.12540	liquid
265.87	2300.0	62.714	0.015945	5.8149	6.5097	26.418	40.034	80.997	2450.7	-0.00035433	7.9881e-05	0.12533	liquid
265.93	2300.0	62.699	0.015949	5.8202	6.5151	26.438	40.033	81.011	2449.5	-0.00034873	7.9826e-05	0.12526	liquid
266.00	2300.0	62.684	0.015953	5.8254	6.5205	26.459	40.033	81.024	2448.3	-0.00034312	7.9771e-05	0.12520	liquid
266.07	2300.0	62.669	0.015957	5.8306	6.5259	26.479	40.032	81.038	2447.1	-0.00033750	7.9717e-05	0.12513	liquid
266.13	2300.0	62.654	0.015961	5.8359	6.5313	26.499	40.031	81.052	2445.9	-0.00033188	7.9662e-05	0.12507	liquid
266.20	2300.0	62.640	0.015964	5.8411	6.5367	26.519	40.031	81.066	2444.7	-0.00032624	7.9607e-05	0.12500	liquid
266.27	2300.0	62.625	0.015968	5.8463	6.5421	26.540	40.030	81.079	2443.5	-0.00032060	7.9552e-05	0.12494	liquid
266.33	2300.0	62.610	0.015972	5.8516	6.5475	26.560	40.029	81.093	2442.3	-0.00031494	7.9497e-05	0.12487	liquid
266.40	2300.0	62.595	0.015976	5.8568	6.5529	26.580	40.029	81.107	2441.1	-0.00030928	7.9443e-05	0.12481	liquid
266.47	2300.0	62.580	0.015980	5.8621	6.5583	26.601	40.028	81.121	2439.9	-0.00030361	7.9388e-05	0.12474	liquid
266.53	2300.0	62.565	0.015983	5.8673	6.5637	26.621	40.027	81.135	2438.7	-0.00029793	7.9333e-05	0.12468	liquid
266.60	2300.0	62.550	0.015987	5.8725	6.5691	26.641	40.027	81.149	2437.5	-0.00029224	7.9279e-05	0.12461	liquid
266.67	2300.0	62.535	0.015991	5.8778	6.5745	26.662	40.026	81.163	2436.3	-0.00028654	7.9224e-05	0.12455	liquid
266.73	2300.0	62.520	0.015995	5.8830	6.5800	26.682	40.025	81.177	2435.1	-0.00028084	7.9170e-05	0.12448	liquid
266.80	2300.0	62.505	0.015999	5.8883	6.5854	26.702	40.025	81.190	2433.9	-0.00027512	7.9115e-05	0.12442	liquid
266.87	2300.0	62.490	0.016003	5.8935	6.5908	26.722	40.024	81.204	2432.7	-0.00026939	7.9061e-05	0.12435	liquid
266.93	2300.0	62.475	0.016006	5.8988	6.5962	26.743	40.023	81.218	2431.5	-0.00026366	7.9006e-05	0.12429	liquid
267.00	2300.0	62.460	0.016010	5.9040	6.6016	26.763	40.023	81.232	2430.3	-0.00025792	7.8952e-05	0.12422	liquid
267.07	2300.0	62.445	0.016014	5.9093	6.6070	26.783	40.022	81.247	2429.1	-0.00025216	7.8898e-05	0.12416	liquid
267.13	2300.0	62.430	0.016018	5.9145	6.6124	26.804	40.021	81.261	2427.9	-0.00024640	7.8844e-05	0.12409	liquid
267.20	2300.0	62.415	0.016022	5.9198	6.6179	26.824	40.021	81.275	2426.7	-0.00024063	7.8789e-05	0.12403	liquid
267.27	2300.0	62.400	0.016026	5.9250	6.6233	26.844	40.020	81.289	2425.5	-0.00023485	7.8735e-05	0.12396	liquid
267.33	2300.0	62.385	0.016029	5.9303	6.6287	26.864	40.019	81.303	2424.3	-0.00022906	7.8681e-05	0.12390	liquid
267.40	2300.0	62.370	0.016033	5.9355	6.6341	26.885	40.019	81.317	2423.1	-0.00022326	7.8627e-05	0.12383	liquid
267.47	2300.0	62.355	0.016037	5.9408	6.6395	26.905	40.018	81.331	2421.9	-0.00021746	7.8573e-05	0.12377	liquid
267.53	2300.0	62.340	0.016041	5.9460	6.6450	26.925	40.017	81.345	2420.7	-0.00021164	7.8519e-05	0.12370	liquid
267.60	2300.0	62.325	0.016045	5.9513	6.6504	26.945	40.017	81.360	2419.5	-0.00020581	7.8465e-05	0.12364	liquid
267.67	2300.0	62.310	0.016049	5.9565	6.6558	26.966	40.016	81.374	2418.3	-0.00019998	7.8411e-05	0.12357	liquid
267.73	2300.0	62.295	0.016053	5.9618	6.6612	26.986	40.015	81.388	2417.1	-0.00019413	7.8357e-05	0.12351	liquid
267.80	2300.0	62.280	0.016057	5.9671	6.6667	27.006	40.015	81.402	2415.9	-0.00018828	7.8303e-05	0.12345	liquid
267.87	2300.0	62.265	0.016060	5.9723	6.6721	27.027	40.014	81.417	2414.7	-0.00018241	7.8249e-05	0.12338	liquid
267.93	2300.0	62.249	0.016064	5.9776	6.6775	27.047	40.013	81.431	2413.5	-0.00017654	7.8196e-05	0.12332	liquid
268.00	2300.0	62.234	0.016068	5.9828	6.6830	27.067	40.013	81.445	2412.3	-0.00017066	7.8142e-05	0.12325	liquid
268.07	2300.0	62.219	0.016072	5.9881	6.6884	27.087	40.012	81.460	2411.1	-0.00016477	7.8088e-05	0.12319	liquid
268.13	2300.0	62.204	0.016076	5.9934	6.6938	27.108	40.012	81.474	2409.9	-0.00015886	7.8034e-05	0.12312	liquid
268.20	2300.0	62.189	0.016080	5.9986	6.6992	27.128	40.011	81.488	2408.7	-0.00015295	7.7981e-05	0.12306	liquid
268.27	2300.0	62.174	0.016084	6.0039	6.7047	27.148	40.010	81.503	2407.5	-0.00014703	7.7927e-05	0.12299	liquid
268.33	2300.0	62.159	0.016088	6.0091	6.7101	27.168	40.010	81.517	2406.3	-0.00014110	7.7874e-05	0.12293	liquid
268.40	2300.0	62.144	0.016092	6.0144	6.7155	27.189	40.009	81.532	2405.1	-0.00013516	7.7820e-05	0.12286	liquid
268.47	2300.0	62.129	0.016096	6.0197	6.7210	27.209	40.008	81.546	2403.9	-0.00012921	7.7767e-05	0.12280	liquid
268.53	2300.0	62.113	0.016100	6.0249	6.7264	27.229	40.008	81.561	2402.7	-0.00012326	7.7713e-05	0.12273	liquid
268.60	2300.0	62.098	0.016103	6.0302	6.7319	27.249	40.007	81.575	2401.4	-0.00011729	7.7660e-05	0.12267	liquid
268.67	2300.0	62.083	0.016107	6.0355	6.7373	27.270	40.007	81.590	2400.2	-0.00011131	7.7606e-05	0.12260	liquid
268.73	2300.0	62.068	0.016111	6.0407	6.7427	27.290	40.006	81.605	2399.0	-0.00010532	7.7553e-05	0.12254	liquid
268.80	2300.0	62.053	0.016115	6.0460	6.7482	27.310	40.005	81.619	2397.8	-9.9325e-05	7.7500e-05	0.12247	liquid
268.87	2300.0	62.038	0.016119	6.0513	6.7536	27.330	40.005	81.634	2396.6	-9.3319e-05	7.7447e-05	0.12241	liquid
268.93	2300.0	62.023	0.016123	6.0565	6.7591	27.351	40.004	81.648	2395.4	-8.7302e-05	7.7393e-05	0.12235	liquid
269.00	2300.0	62.007	0.016127	6.0618	6.7645	27.371	40.004	81.663	2394.2	-8.1276e-05	7.7340e-05	0.12228	liquid
269.07	2300.0	61.992	0.016131	6.0671	6.7700	27.391	40.003	81.678	2393.0	-7.5241e-05	7.7287e-05	0.12222	liquid
269.13	2300.0	61.977	0.016135	6.0724	6.7754	27.411	40.002	81.693	2391.8	-6.9195e-05	7.7234e-05	0.12215	liquid
269.20	2300.0	61.962	0.016139	6.0776	6.7808	27.431	40.002	81.707	2390.6	-6.3140e-05	7.7181e-05	0.12209	liquid
269.27	2300.0	61.947	0.016143	6.0829	6.7863	27.452	40.001	81.722	2389.4	-5.7074e-05	7.7128e-05	0.12202	liquid
269.33	2300.0	61.931	0.016147	6.0882	6.7917	27.472	40.000	81.737	2388.2	-5.0999e-05	7.7075e-05	0.12196	liquid
269.40	2300.0	61.916	0.016151	6.0935	6.7972	27.492	40.000	81.752	2387.0	-4.4915e-05	7.7022e-05	0.12189	liquid
269.47	2300.0	61.901	0.016155	6.0987	6.8026	27.512	39.999	81.767	2385.8	-3.8820e-05	7.6969e-05	0.12183	liquid
269.53	2300.0	61.886	0.016159	6.1040	6.8081	27.533	39.999	81.781	2384.6	-3.2716e-05	7.6916e-05	0.12176	liquid
269.60	2300.0	61.870	0.016163	6.1093	6.8135	27.553	39.998	81.796	2383.4	-2.6601e-05	7.6863e-05	0.12170	liquid
269.67	2300.0	61.855	0.016167	6.1146	6.8190	27.573	39.998	81.811	2382.2	-2.0477e-05	7.6810e-05	0.12164	liquid
269.73	2300.0	61.840	0.016171	6.1199	6.8245	27.593	39.997	81.826	2381.0	-1.4342e-05	7.6758e-05	0.12157	liquid
269.80	2300.0	61.825	0.016175	6.1251	6.8299	27.614	39.996	81.841	2379.8	-8.1982e-06	7.6705e-05	0.12151	liquid
269.87	2300.0	61.809	0.016179	6.1304	6.8354	27.634	39.996	81.856	2378.6	-2.0440e-06	7.6652e-05	0.12144	liquid
269.93	2300.0	61.794	0.016183	6.1357	6.8408	27.654	39.995	81.871	2377.4	4.1202e-06	7.6600e-05	0.12138	liquid
270.00	2300.0	61.779	0.016187	6.1410	6.8463	27.674	39.995	81.886	2376.2	1.0294e-05	7.6547e-05	0.12131	liquid
270.07	2300.0	61.764	0.016191	6.1463	6.8517	27.694	39.994	81.901	2375.0	1.6479e-05	7.6494e-05	0.12125	liquid
270.13	2300.0	61.748	0.016195	6.1516	6.8572	27.715	39.993	81.916	2373.8	2.2673e-05	7.6442e-05	0.12118	liquid
270.20	2300.0	61.733	0.016199	6.1569	6.8627	27.735	39.993	81.931	2372.6	2.8878e-05	7.6389e-05	0.12112	liquid
270.27	2300.0	61.718	0.016203	6.1621	6.8681	27.755	39.992	81.946	2371.4	3.5092e-05	7.6337e-05	0.12106	liquid
270.33	2300.0	61.702	0.016207	6.1674	6.8736	27.775	39.992	81.962	2370.2	4.1317e-05	7.6284e-05	0.12099	liquid
270.40	2300.0	61.687	0.016211	6.1727	6.8791	27.795	39.991	81.977	2369.0	4.7552e-05	7.6232e-05	0.12093	liquid
270.47	2300.0	61.672	0.016215	6.1780	6.8845	27.816	39.991	81.992	2367.8	5.3797e-05	7.6180e-05	0.12086	liquid
270.53	2300.0	61.657	0.016219	6.1833	6.8900	27.836	39.990	82.007	2366.6	6.0052e-05	7.6127e-05	0.12080	liquid
270.60	2300.0	61.641	0.016223	6.1886	6.8955	27.856	39.989	82.022	2365.4	6.6317e-05	7.6075e-05	0.12073	liquid
270.67	2300.0	61.626	0.016227	6.1939	6.9009	27.876	39.989	82.038	2364.2	7.2593e-05	7.6023e-05	0.12067	liquid
270.73	2300.0	61.610	0.016231	6.1992	6.9064	27.897	39.988	82.053	2363.0	7.8879e-05	7.5971e-05	0.12061	liquid
270.80	2300.0	61.595	0.016235	6.2045	6.9119	27.917	39.988	82.068	2361.8	8.5175e-05	7.5918e-05	0.12054	liquid
270.87	2300.0	61.580	0.016239	6.2098	6.9173	27.937	39.987	82.083	2360.6	9.1482e-05	7.5866e-05	0.12048	liquid
270.93	2300.0	61.564	0.016243	6.2151	6.9228	27.957	39.987	82.099	2359.3	9.7799e-05	7.5814e-05	0.12041	liquid
271.00	2300.0	61.549	0.016247	6.2204	6.9283	27.977	39.986	82.114	2358.1	0.00010413	7.5762e-05	0.12035	liquid
271.07	2300.0	61.534	0.016251	6.2257	6.9338	27.998	39.985	82.130	2356.9	0.00011046	7.5710e-05	0.12028	liquid
271.13	2300.0	61.518	0.016255	6.2310	6.9392	28.018	39.985	82.145	2355.7	0.00011681	7.5658e-05	0.12022	liquid
271.20	2300.0	61.503	0.016259	6.2363	6.9447	28.038	39.984	82.160	2354.5	0.00012317	7.5606e-05	0.12016	liquid
271.27	2300.0	61.487	0.016263	6.2416	6.9502	28.058	39.984	82.176	2353.3	0.00012954	7.5554e-05	0.12009	liquid
271.33	2300.0	61.472	0.016268	6.2469	6.9557	28.078	39.983	82.191	2352.1	0.00013592	7.5502e-05	0.12003	liquid
271.40	2300.0	61.457	0.016272	6.2522	6.9611	28.099	39.983	82.207	2350.9	0.00014231	7.5450e-05	0.11996	liquid
271.47	2300.0	61.441	0.016276	6.2575	6.9666	28.119	39.982	82.223	2349.7	0.00014871	7.5398e-05	0.11990	liquid
271.53	2300.0	61.426	0.016280	6.2628	6.9721	28.139	39.982	82.238	2348.5	0.00015512	7.5347e-05	0.11983	liquid
271.60	2300.0	61.410	0.016284	6.2681	6.9776	28.159	39.981	82.254	2347.3	0.00016154	7.5295e-05	0.11977	liquid
271.67	2300.0	61.395	0.016288	6.2734	6.9831	28.179	39.981	82.269	2346.1	0.00016797	7.5243e-05	0.11971	liquid
271.73	2300.0	61.380	0.016292	6.2787	6.9886	28.199	39.980	82.285	2344.9	0.00017442	7.5191e-05	0.11964	liquid
271.80	2300.0	61.364	0.016296	6.2840	6.9940	28.220	39.979	82.301	2343.7	0.00018087	7.5140e-05	0.11958	liquid
271.87	2300.0	61.349	0.016300	6.2893	6.9995	28.240	39.979	82.316	2342.5	0.00018733	7.5088e-05	0.11951	liquid
271.93	2300.0	61.333	0.016304	6.2946	7.0050	28.260	39.978	82.332	2341.3	0.00019381	7.5037e-05	0.11945	liquid
272.00	2300.0	61.318	0.016309	6.2999	7.0105	28.280	39.978	82.348	2340.1	0.00020029	7.4985e-05	0.11939	liquid
272.07	2300.0	61.302	0.016313	6.3052	7.0160	28.300	39.977	82.364	2338.9	0.00020679	7.4933e-05	0.11932	liquid
272.13	2300.0	61.287	0.016317	6.3105	7.0215	28.321	39.977	82.379	2337.7	0.00021330	7.4882e-05	0.11926	liquid
272.20	2300.0	61.271	0.016321	6.3159	7.0270	28.341	39.976	82.395	2336.5	0.00021981	7.4830e-05	0.11919	liquid
272.27	2300.0	61.256	0.016325	6.3212	7.0325	28.361	39.976	82.411	2335.3	0.00022634	7.4779e-05	0.11913	liquid
272.33	2300.0	61.240	0.016329	6.3265	7.0380	28.381	39.975	82.427	2334.1	0.00023288	7.4728e-05	0.11907	liquid
272.40	2300.0	61.225	0.016333	6.3318	7.0435	28.401	39.975	82.443	2332.9	0.00023943	7.4676e-05	0.11900	liquid
272.47	2300.0	61.209	0.016337	6.3371	7.0490	28.421	39.974	82.459	2331.7	0.00024599	7.4625e-05	0.11894	liquid
272.53	2300.0	61.194	0.016342	6.3424	7.0545	28.442	39.974	82.475	2330.4	0.00025256	7.4574e-05	0.11887	liquid
272.60	2300.0	61.178	0.016346	6.3478	7.0600	28.462	39.973	82.491	2329.2	0.00025915	7.4522e-05	0.11881	liquid
272.67	2300.0	61.163	0.016350	6.3531	7.0655	28.482	39.973	82.507	2328.0	0.00026574	7.4471e-05	0.11875	liquid
272.73	2300.0	61.147	0.016354	6.3584	7.0710	28.502	39.972	82.523	2326.8	0.00027234	7.4420e-05	0.11868	liquid
272.80	2300.0	61.131	0.016358	6.3637	7.0765	28.522	39.972	82.539	2325.6	0.00027896	7.4369e-05	0.11862	liquid
272.87	2300.0	61.116	0.016362	6.3690	7.0820	28.543	39.971	82.555	2324.4	0.00028559	7.4318e-05	0.11855	liquid
272.93	2300.0	61.100	0.016367	6.3744	7.0875	28.563	39.971	82.571	2323.2	0.00029222	7.4267e-05	0.11849	liquid
273.00	2300.0	61.085	0.016371	6.3797	7.0930	28.583	39.970	82.587	2322.0	0.00029887	7.4216e-05	0.11843	liquid
273.07	2300.0	61.069	0.016375	6.3850	7.0985	28.603	39.970	82.603	2320.8	0.00030553	7.4165e-05	0.11836	liquid
273.13	2300.0	61.054	0.016379	6.3903	7.1040	28.623	39.969	82.619	2319.6	0.00031220	7.4114e-05	0.11830	liquid
273.20	2300.0	61.038	0.016383	6.3957	7.1095	28.643	39.969	82.635	2318.4	0.00031888	7.4063e-05	0.11824	liquid
273.27	2300.0	61.022	0.016387	6.4010	7.1150	28.664	39.968	82.652	2317.2	0.00032558	7.4012e-05	0.11817	liquid
273.33	2300.0	61.007	0.016392	6.4063	7.1205	28.684	39.968	82.668	2316.0	0.00033228	7.3961e-05	0.11811	liquid
273.40	2300.0	60.991	0.016396	6.4116	7.1260	28.704	39.967	82.684	2314.8	0.00033900	7.3910e-05	0.11804	liquid
273.47	2300.0	60.976	0.016400	6.4170	7.1315	28.724	39.967	82.701	2313.6	0.00034572	7.3859e-05	0.11798	liquid
273.53	2300.0	60.960	0.016404	6.4223	7.1371	28.744	39.966	82.717	2312.4	0.00035246	7.3809e-05	0.11792	liquid
273.60	2300.0	60.944	0.016408	6.4276	7.1426	28.764	39.966	82.733	2311.2	0.00035921	7.3758e-05	0.11785	liquid
273.67	2300.0	60.929	0.016413	6.4330	7.1481	28.784	39.965	82.750	2310.0	0.00036597	7.3707e-05	0.11779	liquid
273.73	2300.0	60.913	0.016417	6.4383	7.1536	28.805	39.965	82.766	2308.8	0.00037274	7.3656e-05	0.11773	liquid
273.80	2300.0	60.897	0.016421	6.4436	7.1591	28.825	39.964	82.782	2307.5	0.00037952	7.3606e-05	0.11766	liquid
273.87	2300.0	60.882	0.016425	6.4490	7.1646	28.845	39.964	82.799	2306.3	0.00038632	7.3555e-05	0.11760	liquid
273.93	2300.0	60.866	0.016430	6.4543	7.1702	28.865	39.963	82.815	2305.1	0.00039313	7.3504e-05	0.11753	liquid
274.00	2300.0	60.850	0.016434	6.4596	7.1757	28.885	39.963	82.832	2303.9	0.00039994	7.3454e-05	0.11747	liquid
274.07	2300.0	60.835	0.016438	6.4650	7.1812	28.905	39.962	82.848	2302.7	0.00040677	7.3403e-05	0.11741	liquid
274.13	2300.0	60.819	0.016442	6.4703	7.1867	28.926	39.962	82.865	2301.5	0.00041361	7.3353e-05	0.11734	liquid
274.20	2300.0	60.803	0.016446	6.4757	7.1923	28.946	39.961	82.882	2300.3	0.00042046	7.3302e-05	0.11728	liquid
274.27	2300.0	60.788	0.016451	6.4810	7.1978	28.966	39.961	82.898	2299.1	0.00042733	7.3252e-05	0.11722	liquid
274.33	2300.0	60.772	0.016455	6.4863	7.2033	28.986	39.960	82.915	2297.9	0.00043420	7.3202e-05	0.11715	liquid
274.40	2300.0	60.756	0.016459	6.4917	7.2088	29.006	39.960	82.931	2296.7	0.00044109	7.3151e-05	0.11709	liquid
274.47	2300.0	60.740	0.016463	6.4970	7.2144	29.026	39.960	82.948	2295.5	0.00044799	7.3101e-05	0.11703	liquid
274.53	2300.0	60.725	0.016468	6.5024	7.2199	29.046	39.959	82.965	2294.3	0.00045490	7.3051e-05	0.11696	liquid
274.60	2300.0	60.709	0.016472	6.5077	7.2254	29.067	39.959	82.982	2293.1	0.00046182	7.3000e-05	0.11690	liquid
274.67	2300.0	60.693	0.016476	6.5131	7.2310	29.087	39.958	82.998	2291.9	0.00046875	7.2950e-05	0.11683	liquid
274.73	2300.0	60.677	0.016481	6.5184	7.2365	29.107	39.958	83.015	2290.7	0.00047569	7.2900e-05	0.11677	liquid
274.80	2300.0	60.662	0.016485	6.5238	7.2420	29.127	39.957	83.032	2289.5	0.00048265	7.2850e-05	0.11671	liquid
274.87	2300.0	60.646	0.016489	6.5291	7.2476	29.147	39.957	83.049	2288.2	0.00048962	7.2800e-05	0.11664	liquid
274.93	2300.0	60.630	0.016493	6.5345	7.2531	29.167	39.956	83.066	2287.0	0.00049660	7.2750e-05	0.11658	liquid
275.00	2300.0	60.614	0.016498	6.5398	7.2586	29.187	39.956	83.083	2285.8	0.00050359	7.2699e-05	0.11652	liquid
275.07	2300.0	60.599	0.016502	6.5452	7.2642	29.208	39.955	83.100	2284.6	0.00051060	7.2649e-05	0.11645	liquid
275.13	2300.0	60.583	0.016506	6.5505	7.2697	29.228	39.955	83.117	2283.4	0.00051761	7.2599e-05	0.11639	liquid
275.20	2300.0	60.567	0.016511	6.5559	7.2753	29.248	39.955	83.134	2282.2	0.00052464	7.2549e-05	0.11633	liquid
275.27	2300.0	60.551	0.016515	6.5612	7.2808	29.268	39.954	83.151	2281.0	0.00053168	7.2500e-05	0.11626	liquid
275.33	2300.0	60.535	0.016519	6.5666	7.2864	29.288	39.954	83.168	2279.8	0.00053873	7.2450e-05	0.11620	liquid
275.40	2300.0	60.520	0.016524	6.5719	7.2919	29.308	39.953	83.185	2278.6	0.00054579	7.2400e-05	0.11614	liquid
275.47	2300.0	60.504	0.016528	6.5773	7.2974	29.328	39.953	83.202	2277.4	0.00055287	7.2350e-05	0.11607	liquid
275.53	2300.0	60.488	0.016532	6.5827	7.3030	29.349	39.952	83.219	2276.2	0.00055995	7.2300e-05	0.11601	liquid
275.60	2300.0	60.472	0.016537	6.5880	7.3085	29.369	39.952	83.236	2275.0	0.00056705	7.2250e-05	0.11595	liquid
275.67	2300.0	60.456	0.016541	6.5934	7.3141	29.389	39.952	83.253	2273.8	0.00057417	7.2200e-05	0.11588	liquid
275.73	2300.0	60.440	0.016545	6.5987	7.3196	29.409	39.951	83.271	2272.6	0.00058129	7.2151e-05	0.11582	liquid
275.80	2300.0	60.424	0.016550	6.6041	7.3252	29.429	39.951	83.288	2271.4	0.00058843	7.2101e-05	0.11576	liquid
275.87	2300.0	60.409	0.016554	6.6095	7.3307	29.449	39.950	83.305	2270.1	0.00059557	7.2051e-05	0.11569	liquid
275.93	2300.0	60.393	0.016558	6.6148	7.3363	29.469	39.950	83.322	2268.9	0.00060273	7.2002e-05	0.11563	liquid
276.00	2300.0	60.377	0.016563	6.6202	7.3419	29.490	39.949	83.340	2267.7	0.00060991	7.1952e-05	0.11557	liquid
276.07	2300.0	60.361	0.016567	6.6256	7.3474	29.510	39.949	83.357	2266.5	0.00061709	7.1903e-05	0.11550	liquid
276.13	2300.0	60.345	0.016571	6.6309	7.3530	29.530	39.949	83.374	2265.3	0.00062429	7.1853e-05	0.11544	liquid
276.20	2300.0	60.329	0.016576	6.6363	7.3585	29.550	39.948	83.392	2264.1	0.00063150	7.1803e-05	0.11538	liquid
276.27	2300.0	60.313	0.016580	6.6417	7.3641	29.570	39.948	83.409	2262.9	0.00063872	7.1754e-05	0.11531	liquid
276.33	2300.0	60.297	0.016585	6.6470	7.3697	29.590	39.947	83.427	2261.7	0.00064595	7.1705e-05	0.11525	liquid
276.40	2300.0	60.281	0.016589	6.6524	7.3752	29.610	39.947	83.444	2260.5	0.00065320	7.1655e-05	0.11519	liquid
276.47	2300.0	60.265	0.016593	6.6578	7.3808	29.630	39.947	83.462	2259.3	0.00066046	7.1606e-05	0.11512	liquid
276.53	2300.0	60.249	0.016598	6.6631	7.3863	29.651	39.946	83.479	2258.1	0.00066773	7.1556e-05	0.11506	liquid
276.60	2300.0	60.233	0.016602	6.6685	7.3919	29.671	39.946	83.497	2256.9	0.00067501	7.1507e-05	0.11500	liquid
276.67	2300.0	60.217	0.016606	6.6739	7.3975	29.691	39.945	83.514	2255.6	0.00068231	7.1458e-05	0.11493	liquid
276.73	2300.0	60.201	0.016611	6.6793	7.4030	29.711	39.945	83.532	2254.4	0.00068962	7.1408e-05	0.11487	liquid
276.80	2300.0	60.185	0.016615	6.6847	7.4086	29.731	39.945	83.550	2253.2	0.00069694	7.1359e-05	0.11481	liquid
276.87	2300.0	60.169	0.016620	6.6900	7.4142	29.751	39.944	83.567	2252.0	0.00070427	7.1310e-05	0.11474	liquid
276.93	2300.0	60.153	0.016624	6.6954	7.4198	29.771	39.944	83.585	2250.8	0.00071162	7.1261e-05	0.11468	liquid
277.00	2300.0	60.137	0.016629	6.7008	7.4253	29.791	39.943	83.603	2249.6	0.00071898	7.1212e-05	0.11462	liquid
277.07	2300.0	60.121	0.016633	6.7062	7.4309	29.812	39.943	83.621	2248.4	0.00072635	7.1163e-05	0.11456	liquid
277.13	2300.0	60.105	0.016637	6.7116	7.4365	29.832	39.943	83.639	2247.2	0.00073373	7.1113e-05	0.11449	liquid
277.20	2300.0	60.089	0.016642	6.7169	7.4421	29.852	39.942	83.656	2246.0	0.00074113	7.1064e-05	0.11443	liquid
277.27	2300.0	60.073	0.016646	6.7223	7.4476	29.872	39.942	83.674	2244.8	0.00074854	7.1015e-05	0.11437	liquid
277.33	2300.0	60.057	0.016651	6.7277	7.4532	29.892	39.941	83.692	2243.6	0.00075596	7.0966e-05	0.11430	liquid
277.40	2300.0	60.041	0.016655	6.7331	7.4588	29.912	39.941	83.710	2242.4	0.00076340	7.0917e-05	0.11424	liquid
277.47	2300.0	60.025	0.016660	6.7385	7.4644	29.932	39.941	83.728	2241.1	0.00077085	7.0868e-05	0.11418	liquid
277.53	2300.0	60.009	0.016664	6.7439	7.4700	29.952	39.940	83.746	2239.9	0.00077831	7.0819e-05	0.11411	liquid
277.60	2300.0	59.993	0.016669	6.7493	7.4755	29.972	39.940	83.764	2238.7	0.00078578	7.0771e-05	0.11405	liquid
277.67	2300.0	59.977	0.016673	6.7546	7.4811	29.993	39.940	83.782	2237.5	0.00079327	7.0722e-05	0.11399	liquid
277.73	2300.0	59.961	0.016678	6.7600	7.4867	30.013	39.939	83.800	2236.3	0.00080077	7.0673e-05	0.11393	liquid
277.80	2300.0	59.945	0.016682	6.7654	7.4923	30.033	39.939	83.818	2235.1	0.00080829	7.0624e-05	0.11386	liquid
277.87	2300.0	59.929	0.016686	6.7708	7.4979	30.053	39.938	83.836	2233.9	0.00081581	7.0575e-05	0.11380	liquid
277.93	2300.0	59.913	0.016691	6.7762	7.5035	30.073	39.938	83.855	2232.7	0.00082335	7.0527e-05	0.11374	liquid
278.00	2300.0	59.896	0.016695	6.7816	7.5091	30.093	39.938	83.873	2231.5	0.00083090	7.0478e-05	0.11367	liquid
278.07	2300.0	59.880	0.016700	6.7870	7.5147	30.113	39.937	83.891	2230.3	0.00083847	7.0429e-05	0.11361	liquid
278.13	2300.0	59.864	0.016704	6.7924	7.5202	30.133	39.937	83.909	2229.0	0.00084605	7.0380e-05	0.11355	liquid
278.20	2300.0	59.848	0.016709	6.7978	7.5258	30.153	39.937	83.928	2227.8	0.00085364	7.0332e-05	0.11349	liquid
278.27	2300.0	59.832	0.016713	6.8032	7.5314	30.174	39.936	83.946	2226.6	0.00086125	7.0283e-05	0.11342	liquid
278.33	2300.0	59.816	0.016718	6.8086	7.5370	30.194	39.936	83.964	2225.4	0.00086886	7.0235e-05	0.11336	liquid
278.40	2300.0	59.800	0.016723	6.8140	7.5426	30.214	39.936	83.983	2224.2	0.00087650	7.0186e-05	0.11330	liquid
278.47	2300.0	59.783	0.016727	6.8194	7.5482	30.234	39.935	84.001	2223.0	0.00088414	7.0138e-05	0.11323	liquid
278.53	2300.0	59.767	0.016732	6.8248	7.5538	30.254	39.935	84.019	2221.8	0.00089180	7.0089e-05	0.11317	liquid
278.60	2300.0	59.751	0.016736	6.8302	7.5594	30.274	39.934	84.038	2220.6	0.00089947	7.0041e-05	0.11311	liquid
278.67	2300.0	59.735	0.016741	6.8356	7.5650	30.294	39.934	84.056	2219.4	0.00090716	6.9992e-05	0.11305	liquid
278.73	2300.0	59.719	0.016745	6.8410	7.5706	30.314	39.934	84.075	2218.2	0.00091486	6.9944e-05	0.11298	liquid
278.80	2300.0	59.702	0.016750	6.8464	7.5762	30.334	39.933	84.093	2216.9	0.00092257	6.9895e-05	0.11292	liquid
278.87	2300.0	59.686	0.016754	6.8518	7.5819	30.355	39.933	84.112	2215.7	0.00093029	6.9847e-05	0.11286	liquid
278.93	2300.0	59.670	0.016759	6.8573	7.5875	30.375	39.933	84.131	2214.5	0.00093803	6.9799e-05	0.11279	liquid
279.00	2300.0	59.654	0.016763	6.8627	7.5931	30.395	39.932	84.149	2213.3	0.00094578	6.9750e-05	0.11273	liquid
279.07	2300.0	59.638	0.016768	6.8681	7.5987	30.415	39.932	84.168	2212.1	0.00095355	6.9702e-05	0.11267	liquid
279.13	2300.0	59.621	0.016773	6.8735	7.6043	30.435	39.932	84.187	2210.9	0.00096133	6.9654e-05	0.11261	liquid
279.20	2300.0	59.605	0.016777	6.8789	7.6099	30.455	39.931	84.205	2209.7	0.00096912	6.9606e-05	0.11254	liquid
279.27	2300.0	59.589	0.016782	6.8843	7.6155	30.475	39.931	84.224	2208.5	0.00097693	6.9558e-05	0.11248	liquid
279.33	2300.0	59.572	0.016786	6.8897	7.6211	30.495	39.931	84.243	2207.3	0.00098475	6.9509e-05	0.11242	liquid
279.40	2300.0	59.556	0.016791	6.8951	7.6268	30.515	39.930	84.262	2206.0	0.00099259	6.9461e-05	0.11236	liquid
279.47	2300.0	59.540	0.016795	6.9006	7.6324	30.536	39.930	84.281	2204.8	0.0010004	6.9413e-05	0.11229	liquid
279.53	2300.0	59.524	0.016800	6.9060	7.6380	30.556	39.930	84.300	2203.6	0.0010083	6.9365e-05	0.11223	liquid
279.60	2300.0	59.507	0.016805	6.9114	7.6436	30.576	39.930	84.319	2202.4	0.0010162	6.9317e-05	0.11217	liquid
279.67	2300.0	59.491	0.016809	6.9168	7.6492	30.596	39.929	84.338	2201.2	0.0010241	6.9269e-05	0.11211	liquid
279.73	2300.0	59.475	0.016814	6.9222	7.6549	30.616	39.929	84.357	2200.0	0.0010320	6.9221e-05	0.11204	liquid
279.80	2300.0	59.458	0.016818	6.9277	7.6605	30.636	39.929	84.376	2198.8	0.0010399	6.9173e-05	0.11198	liquid
279.87	2300.0	59.442	0.016823	6.9331	7.6661	30.656	39.928	84.395	2197.6	0.0010478	6.9125e-05	0.11192	liquid
279.93	2300.0	59.426	0.016828	6.9385	7.6717	30.676	39.928	84.414	2196.4	0.0010558	6.9077e-05	0.11186	liquid
280.00	2300.0	59.409	0.016832	6.9439	7.6774	30.696	39.928	84.433	2195.1	0.0010637	6.9029e-05	0.11179	liquid
280.07	2300.0	59.393	0.016837	6.9494	7.6830	30.716	39.927	84.452	2193.9	0.0010717	6.8981e-05	0.11173	liquid
280.13	2300.0	59.377	0.016842	6.9548	7.6886	30.737	39.927	84.471	2192.7	0.0010797	6.8934e-05	0.11167	liquid
280.20	2300.0	59.360	0.016846	6.9602	7.6943	30.757	39.927	84.490	2191.5	0.0010877	6.8886e-05	0.11161	liquid
280.27	2300.0	59.344	0.016851	6.9657	7.6999	30.777	39.926	84.510	2190.3	0.0010957	6.8838e-05	0.11154	liquid
280.33	2300.0	59.327	0.016856	6.9711	7.7055	30.797	39.926	84.529	2189.1	0.0011037	6.8790e-05	0.11148	liquid
280.40	2300.0	59.311	0.016860	6.9765	7.7112	30.817	39.926	84.548	2187.9	0.0011118	6.8743e-05	0.11142	liquid
280.47	2300.0	59.295	0.016865	6.9820	7.7168	30.837	39.926	84.568	2186.7	0.0011198	6.8695e-05	0.11136	liquid
280.53	2300.0	59.278	0.016870	6.9874	7.7224	30.857	39.925	84.587	2185.4	0.0011279	6.8647e-05	0.11129	liquid
280.60	2300.0	59.262	0.016874	6.9928	7.7281	30.877	39.925	84.606	2184.2	0.0011360	6.8600e-05	0.11123	liquid
280.67	2300.0	59.245	0.016879	6.9983	7.7337	30.897	39.925	84.626	2183.0	0.0011441	6.8552e-05	0.11117	liquid
280.73	2300.0	59.229	0.016884	7.0037	7.7394	30.917	39.924	84.645	2181.8	0.0011522	6.8504e-05	0.11111	liquid
280.80	2300.0	59.212	0.016888	7.0091	7.7450	30.938	39.924	84.665	2180.6	0.0011604	6.8457e-05	0.11104	liquid
280.87	2300.0	59.196	0.016893	7.0146	7.7506	30.958	39.924	84.684	2179.4	0.0011685	6.8409e-05	0.11098	liquid
280.93	2300.0	59.179	0.016898	7.0200	7.7563	30.978	39.924	84.704	2178.2	0.0011767	6.8362e-05	0.11092	liquid
281.00	2300.0	59.163	0.016902	7.0255	7.7619	30.998	39.923	84.724	2177.0	0.0011848	6.8314e-05	0.11086	liquid
281.07	2300.0	59.147	0.016907	7.0309	7.7676	31.018	39.923	84.743	2175.7	0.0011930	6.8267e-05	0.11080	liquid
281.13	2300.0	59.130	0.016912	7.0364	7.7732	31.038	39.923	84.763	2174.5	0.0012012	6.8219e-05	0.11073	liquid
281.20	2300.0	59.114	0.016917	7.0418	7.7789	31.058	39.922	84.783	2173.3	0.0012095	6.8172e-05	0.11067	liquid
281.27	2300.0	59.097	0.016921	7.0473	7.7845	31.078	39.922	84.802	2172.1	0.0012177	6.8125e-05	0.11061	liquid
281.33	2300.0	59.081	0.016926	7.0527	7.7902	31.098	39.922	84.822	2170.9	0.0012259	6.8077e-05	0.11055	liquid
281.40	2300.0	59.064	0.016931	7.0582	7.7959	31.118	39.922	84.842	2169.7	0.0012342	6.8030e-05	0.11048	liquid
281.47	2300.0	59.047	0.016936	7.0636	7.8015	31.139	39.921	84.862	2168.5	0.0012425	6.7983e-05	0.11042	liquid
281.53	2300.0	59.031	0.016940	7.0691	7.8072	31.159	39.921	84.882	2167.2	0.0012508	6.7935e-05	0.11036	liquid
281.60	2300.0	59.014	0.016945	7.0745	7.8128	31.179	39.921	84.902	2166.0	0.0012591	6.7888e-05	0.11030	liquid
281.67	2300.0	58.998	0.016950	7.0800	7.8185	31.199	39.921	84.922	2164.8	0.0012674	6.7841e-05	0.11024	liquid
281.73	2300.0	58.981	0.016955	7.0854	7.8242	31.219	39.920	84.942	2163.6	0.0012757	6.7794e-05	0.11017	liquid
281.80	2300.0	58.965	0.016959	7.0909	7.8298	31.239	39.920	84.962	2162.4	0.0012841	6.7746e-05	0.11011	liquid
281.87	2300.0	58.948	0.016964	7.0963	7.8355	31.259	39.920	84.982	2161.2	0.0012925	6.7699e-05	0.11005	liquid
281.93	2300.0	58.931	0.016969	7.1018	7.8411	31.279	39.920	85.002	2160.0	0.0013008	6.7652e-05	0.10999	liquid
282.00	2300.0	58.915	0.016974	7.1072	7.8468	31.299	39.919	85.022	2158.7	0.0013092	6.7605e-05	0.10993	liquid
282.07	2300.0	58.898	0.016978	7.1127	7.8525	31.319	39.919	85.042	2157.5	0.0013177	6.7558e-05	0.10986	liquid
282.13	2300.0	58.882	0.016983	7.1182	7.8582	31.340	39.919	85.062	2156.3	0.0013261	6.7511e-05	0.10980	liquid
282.20	2300.0	58.865	0.016988	7.1236	7.8638	31.360	39.919	85.082	2155.1	0.0013345	6.7464e-05	0.10974	liquid
282.27	2300.0	58.848	0.016993	7.1291	7.8695	31.380	39.918	85.103	2153.9	0.0013430	6.7417e-05	0.10968	liquid
282.33	2300.0	58.832	0.016998	7.1346	7.8752	31.400	39.918	85.123	2152.7	0.0013515	6.7370e-05	0.10962	liquid
282.40	2300.0	58.815	0.017002	7.1400	7.8808	31.420	39.918	85.143	2151.5	0.0013599	6.7323e-05	0.10955	liquid
282.47	2300.0	58.798	0.017007	7.1455	7.8865	31.440	39.918	85.164	2150.2	0.0013685	6.7276e-05	0.10949	liquid
282.53	2300.0	58.782	0.017012	7.1510	7.8922	31.460	39.917	85.184	2149.0	0.0013770	6.7229e-05	0.10943	liquid
282.60	2300.0	58.765	0.017017	7.1564	7.8979	31.480	39.917	85.205	2147.8	0.0013855	6.7182e-05	0.10937	liquid
282.67	2300.0	58.748	0.017022	7.1619	7.9036	31.500	39.917	85.225	2146.6	0.0013941	6.7135e-05	0.10931	liquid
282.73	2300.0	58.732	0.017027	7.1674	7.9092	31.520	39.917	85.246	2145.4	0.0014026	6.7089e-05	0.10924	liquid
282.80	2300.0	58.715	0.017031	7.1728	7.9149	31.541	39.917	85.266	2144.2	0.0014112	6.7042e-05	0.10918	liquid
282.87	2300.0	58.698	0.017036	7.1783	7.9206	31.561	39.916	85.287	2142.9	0.0014198	6.6995e-05	0.10912	liquid
282.93	2300.0	58.682	0.017041	7.1838	7.9263	31.581	39.916	85.307	2141.7	0.0014284	6.6948e-05	0.10906	liquid
283.00	2300.0	58.665	0.017046	7.1893	7.9320	31.601	39.916	85.328	2140.5	0.0014370	6.6902e-05	0.10900	liquid
283.07	2300.0	58.648	0.017051	7.1947	7.9377	31.621	39.916	85.349	2139.3	0.0014457	6.6855e-05	0.10893	liquid
283.13	2300.0	58.631	0.017056	7.2002	7.9434	31.641	39.916	85.369	2138.1	0.0014544	6.6808e-05	0.10887	liquid
283.20	2300.0	58.615	0.017061	7.2057	7.9491	31.661	39.915	85.390	2136.9	0.0014630	6.6762e-05	0.10881	liquid
283.27	2300.0	58.598	0.017065	7.2112	7.9548	31.681	39.915	85.411	2135.7	0.0014717	6.6715e-05	0.10875	liquid
283.33	2300.0	58.581	0.017070	7.2167	7.9604	31.701	39.915	85.432	2134.4	0.0014804	6.6668e-05	0.10869	liquid
283.40	2300.0	58.564	0.017075	7.2221	7.9661	31.722	39.915	85.453	2133.2	0.0014892	6.6622e-05	0.10863	liquid
283.47	2300.0	58.547	0.017080	7.2276	7.9718	31.742	39.914	85.473	2132.0	0.0014979	6.6575e-05	0.10856	liquid
283.53	2300.0	58.531	0.017085	7.2331	7.9775	31.762	39.914	85.494	2130.8	0.0015066	6.6529e-05	0.10850	liquid
283.60	2300.0	58.514	0.017090	7.2386	7.9832	31.782	39.914	85.515	2129.6	0.0015154	6.6482e-05	0.10844	liquid
283.67	2300.0	58.497	0.017095	7.2441	7.9889	31.802	39.914	85.536	2128.4	0.0015242	6.6436e-05	0.10838	liquid
283.73	2300.0	58.480	0.017100	7.2496	7.9946	31.822	39.914	85.557	2127.1	0.0015330	6.6389e-05	0.10832	liquid
283.80	2300.0	58.463	0.017105	7.2551	8.0004	31.842	39.914	85.578	2125.9	0.0015418	6.6343e-05	0.10826	liquid
283.87	2300.0	58.447	0.017110	7.2606	8.0061	31.862	39.913	85.600	2124.7	0.0015507	6.6296e-05	0.10819	liquid
283.93	2300.0	58.430	0.017115	7.2661	8.0118	31.882	39.913	85.621	2123.5	0.0015595	6.6250e-05	0.10813	liquid
284.00	2300.0	58.413	0.017120	7.2715	8.0175	31.902	39.913	85.642	2122.3	0.0015684	6.6204e-05	0.10807	liquid
284.07	2300.0	58.396	0.017124	7.2770	8.0232	31.923	39.913	85.663	2121.0	0.0015773	6.6157e-05	0.10801	liquid
284.13	2300.0	58.379	0.017129	7.2825	8.0289	31.943	39.913	85.684	2119.8	0.0015862	6.6111e-05	0.10795	liquid
284.20	2300.0	58.362	0.017134	7.2880	8.0346	31.963	39.912	85.706	2118.6	0.0015951	6.6065e-05	0.10789	liquid
284.27	2300.0	58.345	0.017139	7.2935	8.0403	31.983	39.912	85.727	2117.4	0.0016040	6.6018e-05	0.10782	liquid
284.33	2300.0	58.328	0.017144	7.2990	8.0460	32.003	39.912	85.748	2116.2	0.0016130	6.5972e-05	0.10776	liquid
284.40	2300.0	58.311	0.017149	7.3045	8.0518	32.023	39.912	85.770	2115.0	0.0016219	6.5926e-05	0.10770	liquid
284.47	2300.0	58.295	0.017154	7.3100	8.0575	32.043	39.912	85.791	2113.7	0.0016309	6.5880e-05	0.10764	liquid
284.53	2300.0	58.278	0.017159	7.3155	8.0632	32.063	39.912	85.813	2112.5	0.0016399	6.5833e-05	0.10758	liquid
284.60	2300.0	58.261	0.017164	7.3210	8.0689	32.083	39.911	85.834	2111.3	0.0016489	6.5787e-05	0.10752	liquid
284.67	2300.0	58.244	0.017169	7.3265	8.0746	32.103	39.911	85.856	2110.1	0.0016580	6.5741e-05	0.10745	liquid
284.73	2300.0	58.227	0.017174	7.3321	8.0804	32.124	39.911	85.877	2108.9	0.0016670	6.5695e-05	0.10739	liquid
284.80	2300.0	58.210	0.017179	7.3376	8.0861	32.144	39.911	85.899	2107.6	0.0016761	6.5649e-05	0.10733	liquid
284.87	2300.0	58.193	0.017184	7.3431	8.0918	32.164	39.911	85.921	2106.4	0.0016852	6.5603e-05	0.10727	liquid
284.93	2300.0	58.176	0.017189	7.3486	8.0975	32.184	39.911	85.942	2105.2	0.0016943	6.5557e-05	0.10721	liquid
285.00	2300.0	58.159	0.017194	7.3541	8.1033	32.204	39.910	85.964	2104.0	0.0017034	6.5511e-05	0.10715	liquid
285.07	2300.0	58.142	0.017199	7.3596	8.1090	32.224	39.910	85.986	2102.8	0.0017125	6.5465e-05	0.10709	liquid
285.13	2300.0	58.125	0.017204	7.3651	8.1147	32.244	39.910	86.008	2101.6	0.0017217	6.5419e-05	0.10702	liquid
285.20	2300.0	58.108	0.017209	7.3706	8.1205	32.264	39.910	86.030	2100.3	0.0017309	6.5373e-05	0.10696	liquid
285.27	2300.0	58.091	0.017214	7.3761	8.1262	32.284	39.910	86.052	2099.1	0.0017400	6.5327e-05	0.10690	liquid
285.33	2300.0	58.074	0.017220	7.3817	8.1319	32.305	39.910	86.074	2097.9	0.0017492	6.5281e-05	0.10684	liquid
285.40	2300.0	58.057	0.017225	7.3872	8.1377	32.325	39.910	86.095	2096.7	0.0017585	6.5235e-05	0.10678	liquid
285.47	2300.0	58.040	0.017230	7.3927	8.1434	32.345	39.909	86.118	2095.5	0.0017677	6.5189e-05	0.10672	liquid
285.53	2300.0	58.022	0.017235	7.3982	8.1492	32.365	39.909	86.140	2094.2	0.0017770	6.5143e-05	0.10666	liquid
285.60	2300.0	58.005	0.017240	7.4037	8.1549	32.385	39.909	86.162	2093.0	0.0017862	6.5098e-05	0.10660	liquid
285.67	2300.0	57.988	0.017245	7.4093	8.1607	32.405	39.909	86.184	2091.8	0.0017955	6.5052e-05	0.10653	liquid
285.73	2300.0	57.971	0.017250	7.4148	8.1664	32.425	39.909	86.206	2090.6	0.0018048	6.5006e-05	0.10647	liquid
285.80	2300.0	57.954	0.017255	7.4203	8.1722	32.445	39.909	86.228	2089.4	0.0018141	6.4960e-05	0.10641	liquid
285.87	2300.0	57.937	0.017260	7.4258	8.1779	32.465	39.909	86.250	2088.1	0.0018235	6.4915e-05	0.10635	liquid
285.93	2300.0	57.920	0.017265	7.4314	8.1837	32.486	39.909	86.273	2086.9	0.0018328	6.4869e-05	0.10629	liquid
286.00	2300.0	57.903	0.017270	7.4369	8.1894	32.506	39.908	86.295	2085.7	0.0018422	6.4823e-05	0.10623	liquid
286.07	2300.0	57.886	0.017275	7.4424	8.1952	32.526	39.908	86.317	2084.5	0.0018516	6.4778e-05	0.10617	liquid
286.13	2300.0	57.868	0.017281	7.4480	8.2009	32.546	39.908	86.340	2083.3	0.0018610	6.4732e-05	0.10611	liquid
286.20	2300.0	57.851	0.017286	7.4535	8.2067	32.566	39.908	86.362	2082.0	0.0018705	6.4686e-05	0.10604	liquid
286.27	2300.0	57.834	0.017291	7.4590	8.2124	32.586	39.908	86.385	2080.8	0.0018799	6.4641e-05	0.10598	liquid
286.33	2300.0	57.817	0.017296	7.4646	8.2182	32.606	39.908	86.407	2079.6	0.0018894	6.4595e-05	0.10592	liquid
286.40	2300.0	57.800	0.017301	7.4701	8.2239	32.626	39.908	86.430	2078.4	0.0018988	6.4550e-05	0.10586	liquid
286.47	2300.0	57.783	0.017306	7.4756	8.2297	32.647	39.908	86.453	2077.1	0.0019083	6.4504e-05	0.10580	liquid
286.53	2300.0	57.765	0.017311	7.4812	8.2355	32.667	39.908	86.475	2075.9	0.0019179	6.4459e-05	0.10574	liquid
286.60	2300.0	57.748	0.017317	7.4867	8.2412	32.687	39.907	86.498	2074.7	0.0019274	6.4413e-05	0.10568	liquid
286.67	2300.0	57.731	0.017322	7.4923	8.2470	32.707	39.907	86.521	2073.5	0.0019370	6.4368e-05	0.10562	liquid
286.73	2300.0	57.714	0.017327	7.4978	8.2528	32.727	39.907	86.543	2072.3	0.0019465	6.4322e-05	0.10556	liquid
286.80	2300.0	57.696	0.017332	7.5034	8.2585	32.747	39.907	86.566	2071.0	0.0019561	6.4277e-05	0.10549	liquid
286.87	2300.0	57.679	0.017337	7.5089	8.2643	32.767	39.907	86.589	2069.8	0.0019657	6.4231e-05	0.10543	liquid
286.93	2300.0	57.662	0.017342	7.5145	8.2701	32.787	39.907	86.612	2068.6	0.0019753	6.4186e-05	0.10537	liquid
287.00	2300.0	57.645	0.017348	7.5200	8.2759	32.807	39.907	86.635	2067.4	0.0019850	6.4141e-05	0.10531	liquid
287.07	2300.0	57.627	0.017353	7.5255	8.2816	32.828	39.907	86.658	2066.1	0.0019947	6.4095e-05	0.10525	liquid
287.13	2300.0	57.610	0.017358	7.5311	8.2874	32.848	39.907	86.681	2064.9	0.0020043	6.4050e-05	0.10519	liquid
287.20	2300.0	57.593	0.017363	7.5367	8.2932	32.868	39.907	86.704	2063.7	0.0020140	6.4005e-05	0.10513	liquid
287.27	2300.0	57.575	0.017369	7.5422	8.2990	32.888	39.907	86.727	2062.5	0.0020238	6.3959e-05	0.10507	liquid
287.33	2300.0	57.558	0.017374	7.5478	8.3048	32.908	39.907	86.750	2061.3	0.0020335	6.3914e-05	0.10501	liquid
287.40	2300.0	57.541	0.017379	7.5533	8.3106	32.928	39.906	86.773	2060.0	0.0020432	6.3869e-05	0.10495	liquid
287.47	2300.0	57.523	0.017384	7.5589	8.3163	32.948	39.906	86.797	2058.8	0.0020530	6.3824e-05	0.10489	liquid
287.53	2300.0	57.506	0.017389	7.5644	8.3221	32.969	39.906	86.820	2057.6	0.0020628	6.3778e-05	0.10482	liquid
287.60	2300.0	57.489	0.017395	7.5700	8.3279	32.989	39.906	86.843	2056.4	0.0020726	6.3733e-05	0.10476	liquid
287.67	2300.0	57.471	0.017400	7.5756	8.3337	33.009	39.906	86.867	2055.1	0.0020824	6.3688e-05	0.10470	liquid
287.73	2300.0	57.454	0.017405	7.5811	8.3395	33.029	39.906	86.890	2053.9	0.0020923	6.3643e-05	0.10464	liquid
287.80	2300.0	57.436	0.017411	7.5867	8.3453	33.049	39.906	86.913	2052.7	0.0021022	6.3598e-05	0.10458	liquid
287.87	2300.0	57.419	0.017416	7.5922	8.3511	33.069	39.906	86.937	2051.5	0.0021120	6.3553e-05	0.10452	liquid
287.93	2300.0	57.402	0.017421	7.5978	8.3569	33.089	39.906	86.960	2050.2	0.0021220	6.3508e-05	0.10446	liquid
288.00	2300.0	57.384	0.017426	7.6034	8.3627	33.109	39.906	86.984	2049.0	0.0021319	6.3463e-05	0.10440	liquid
288.07	2300.0	57.367	0.017432	7.6089	8.3685	33.130	39.906	87.008	2047.8	0.0021418	6.3418e-05	0.10434	liquid
288.13	2300.0	57.349	0.017437	7.6145	8.3743	33.150	39.906	87.031	2046.6	0.0021518	6.3373e-05	0.10428	liquid
288.20	2300.0	57.332	0.017442	7.6201	8.3801	33.170	39.906	87.055	2045.4	0.0021618	6.3328e-05	0.10422	liquid
288.27	2300.0	57.314	0.017448	7.6257	8.3859	33.190	39.906	87.079	2044.1	0.0021718	6.3283e-05	0.10416	liquid
288.33	2300.0	57.297	0.017453	7.6312	8.3917	33.210	39.906	87.102	2042.9	0.0021818	6.3238e-05	0.10410	liquid
288.40	2300.0	57.279	0.017458	7.6368	8.3975	33.230	39.906	87.126	2041.7	0.0021918	6.3193e-05	0.10404	liquid
288.47	2300.0	57.262	0.017464	7.6424	8.4033	33.250	39.906	87.150	2040.5	0.0022019	6.3148e-05	0.10397	liquid
288.53	2300.0	57.244	0.017469	7.6480	8.4091	33.271	39.906	87.174	2039.2	0.0022119	6.3103e-05	0.10391	liquid
288.60	2300.0	57.227	0.017474	7.6535	8.4149	33.291	39.906	87.198	2038.0	0.0022220	6.3058e-05	0.10385	liquid
288.67	2300.0	57.209	0.017480	7.6591	8.4207	33.311	39.905	87.222	2036.8	0.0022322	6.3013e-05	0.10379	liquid
288.73	2300.0	57.192	0.017485	7.6647	8.4266	33.331	39.905	87.246	2035.6	0.0022423	6.2969e-05	0.10373	liquid
288.80	2300.0	57.174	0.017490	7.6703	8.4324	33.351	39.905	87.270	2034.3	0.0022524	6.2924e-05	0.10367	liquid
288.87	2300.0	57.157	0.017496	7.6759	8.4382	33.371	39.905	87.294	2033.1	0.0022626	6.2879e-05	0.10361	liquid
288.93	2300.0	57.139	0.017501	7.6815	8.4440	33.391	39.905	87.318	2031.9	0.0022728	6.2834e-05	0.10355	liquid
289.00	2300.0	57.122	0.017506	7.6871	8.4498	33.412	39.905	87.343	2030.6	0.0022830	6.2789e-05	0.10349	liquid
289.07	2300.0	57.104	0.017512	7.6926	8.4557	33.432	39.905	87.367	2029.4	0.0022933	6.2745e-05	0.10343	liquid
289.13	2300.0	57.086	0.017517	7.6982	8.4615	33.452	39.905	87.391	2028.2	0.0023035	6.2700e-05	0.10337	liquid
289.20	2300.0	57.069	0.017523	7.7038	8.4673	33.472	39.905	87.416	2027.0	0.0023138	6.2655e-05	0.10331	liquid
289.27	2300.0	57.051	0.017528	7.7094	8.4731	33.492	39.905	87.440	2025.7	0.0023241	6.2611e-05	0.10325	liquid
289.33	2300.0	57.034	0.017534	7.7150	8.4790	33.512	39.905	87.464	2024.5	0.0023344	6.2566e-05	0.10319	liquid
289.40	2300.0	57.016	0.017539	7.7206	8.4848	33.532	39.905	87.489	2023.3	0.0023447	6.2521e-05	0.10313	liquid
289.47	2300.0	56.998	0.017544	7.7262	8.4906	33.553	39.905	87.513	2022.1	0.0023551	6.2477e-05	0.10307	liquid
289.53	2300.0	56.981	0.017550	7.7318	8.4965	33.573	39.905	87.538	2020.8	0.0023654	6.2432e-05	0.10301	liquid
289.60	2300.0	56.963	0.017555	7.7374	8.5023	33.593	39.905	87.563	2019.6	0.0023758	6.2388e-05	0.10295	liquid
289.67	2300.0	56.945	0.017561	7.7430	8.5081	33.613	39.905	87.587	2018.4	0.0023863	6.2343e-05	0.10289	liquid
289.73	2300.0	56.928	0.017566	7.7486	8.5140	33.633	39.905	87.612	2017.2	0.0023967	6.2299e-05	0.10283	liquid
289.80	2300.0	56.910	0.017572	7.7542	8.5198	33.653	39.905	87.637	2015.9	0.0024071	6.2254e-05	0.10277	liquid
289.87	2300.0	56.892	0.017577	7.7598	8.5257	33.674	39.905	87.662	2014.7	0.0024176	6.2210e-05	0.10270	liquid
289.93	2300.0	56.875	0.017583	7.7654	8.5315	33.694	39.905	87.686	2013.5	0.0024281	6.2165e-05	0.10264	liquid
290.00	2300.0	56.857	0.017588	7.7710	8.5374	33.714	39.905	87.711	2012.2	0.0024386	6.2121e-05	0.10258	liquid
