Temperature (K)	Pressure (psia)	Density (lbm/ft3)	Volume (ft3/lbm)	Internal Energy (kJ/mol)	Enthalpy (kJ/mol)	Entropy (J/mol*K)	Cv (J/mol*K)	Cp (J/mol*K)	Sound Spd. (ft/s)	Joule-Thomson (F/psia)	Viscosity (lbm/ft*s)	Therm. Cond. (W/m*K)	Phase
250.00	2800.0	66.689	0.014995	4.4868	5.2822	21.092	40.315	77.135	2812.9	-0.0017379	9.6950e-05	0.14412	liquid
250.07	2800.0	66.676	0.014998	4.4918	5.2874	21.113	40.314	77.143	2811.7	-0.0017345	9.6882e-05	0.14405	liquid
250.13	2800.0	66.663	0.015001	4.4968	5.2925	21.133	40.313	77.151	2810.6	-0.0017311	9.6815e-05	0.14399	liquid
250.20	2800.0	66.650	0.015004	4.5018	5.2976	21.154	40.312	77.159	2809.4	-0.0017277	9.6748e-05	0.14392	liquid
250.27	2800.0	66.637	0.015007	4.5068	5.3028	21.174	40.310	77.167	2808.3	-0.0017243	9.6681e-05	0.14385	liquid
250.33	2800.0	66.624	0.015010	4.5118	5.3079	21.195	40.309	77.174	2807.1	-0.0017209	9.6613e-05	0.14379	liquid
250.40	2800.0	66.610	0.015013	4.5168	5.3131	21.215	40.308	77.182	2805.9	-0.0017174	9.6546e-05	0.14372	liquid
250.47	2800.0	66.597	0.015016	4.5217	5.3182	21.236	40.307	77.190	2804.8	-0.0017140	9.6479e-05	0.14366	liquid
250.53	2800.0	66.584	0.015019	4.5267	5.3234	21.257	40.306	77.198	2803.6	-0.0017106	9.6412e-05	0.14359	liquid
250.60	2800.0	66.571	0.015022	4.5317	5.3285	21.277	40.305	77.206	2802.5	-0.0017071	9.6345e-05	0.14352	liquid
250.67	2800.0	66.558	0.015025	4.5367	5.3337	21.298	40.304	77.214	2801.3	-0.0017037	9.6278e-05	0.14346	liquid
250.73	2800.0	66.545	0.015027	4.5417	5.3388	21.318	40.302	77.222	2800.2	-0.0017002	9.6212e-05	0.14339	liquid
250.80	2800.0	66.532	0.015030	4.5467	5.3440	21.339	40.301	77.230	2799.0	-0.0016968	9.6145e-05	0.14333	liquid
250.87	2800.0	66.518	0.015033	4.5517	5.3491	21.359	40.300	77.237	2797.9	-0.0016933	9.6078e-05	0.14326	liquid
250.93	2800.0	66.505	0.015036	4.5567	5.3543	21.380	40.299	77.245	2796.7	-0.0016899	9.6012e-05	0.14319	liquid
251.00	2800.0	66.492	0.015039	4.5617	5.3594	21.400	40.298	77.253	2795.6	-0.0016864	9.5945e-05	0.14313	liquid
251.07	2800.0	66.479	0.015042	4.5667	5.3646	21.421	40.297	77.261	2794.4	-0.0016829	9.5879e-05	0.14306	liquid
251.13	2800.0	66.466	0.015045	4.5716	5.3697	21.441	40.296	77.269	2793.3	-0.0016794	9.5812e-05	0.14300	liquid
251.20	2800.0	66.452	0.015048	4.5766	5.3749	21.462	40.295	77.277	2792.1	-0.0016759	9.5746e-05	0.14293	liquid
251.27	2800.0	66.439	0.015051	4.5816	5.3800	21.482	40.293	77.285	2791.0	-0.0016725	9.5680e-05	0.14286	liquid
251.33	2800.0	66.426	0.015054	4.5866	5.3852	21.503	40.292	77.293	2789.8	-0.0016690	9.5613e-05	0.14280	liquid
251.40	2800.0	66.413	0.015057	4.5916	5.3903	21.523	40.291	77.301	2788.6	-0.0016655	9.5547e-05	0.14273	liquid
251.47	2800.0	66.400	0.015060	4.5966	5.3955	21.544	40.290	77.309	2787.5	-0.0016620	9.5481e-05	0.14267	liquid
251.53	2800.0	66.387	0.015063	4.6016	5.4006	21.564	40.289	77.317	2786.3	-0.0016585	9.5415e-05	0.14260	liquid
251.60	2800.0	66.373	0.015066	4.6066	5.4058	21.585	40.288	77.325	2785.2	-0.0016550	9.5349e-05	0.14254	liquid
251.67	2800.0	66.360	0.015069	4.6116	5.4109	21.605	40.287	77.333	2784.0	-0.0016514	9.5283e-05	0.14247	liquid
251.73	2800.0	66.347	0.015072	4.6166	5.4161	21.626	40.286	77.341	2782.9	-0.0016479	9.5218e-05	0.14240	liquid
251.80	2800.0	66.334	0.015075	4.6216	5.4213	21.646	40.285	77.349	2781.7	-0.0016444	9.5152e-05	0.14234	liquid
251.87	2800.0	66.320	0.015078	4.6266	5.4264	21.667	40.283	77.358	2780.6	-0.0016409	9.5086e-05	0.14227	liquid
251.93	2800.0	66.307	0.015081	4.6316	5.4316	21.687	40.282	77.366	2779.4	-0.0016373	9.5020e-05	0.14221	liquid
252.00	2800.0	66.294	0.015084	4.6366	5.4367	21.708	40.281	77.374	2778.3	-0.0016338	9.4955e-05	0.14214	liquid
252.07	2800.0	66.281	0.015087	4.6416	5.4419	21.728	40.280	77.382	2777.1	-0.0016303	9.4889e-05	0.14207	liquid
252.13	2800.0	66.268	0.015090	4.6466	5.4470	21.749	40.279	77.390	2776.0	-0.0016267	9.4824e-05	0.14201	liquid
252.20	2800.0	66.254	0.015093	4.6516	5.4522	21.769	40.278	77.398	2774.8	-0.0016232	9.4759e-05	0.14194	liquid
252.27	2800.0	66.241	0.015096	4.6566	5.4574	21.789	40.277	77.406	2773.7	-0.0016196	9.4693e-05	0.14188	liquid
252.33	2800.0	66.228	0.015099	4.6616	5.4625	21.810	40.276	77.414	2772.5	-0.0016160	9.4628e-05	0.14181	liquid
252.40	2800.0	66.215	0.015102	4.6666	5.4677	21.830	40.275	77.423	2771.4	-0.0016125	9.4563e-05	0.14175	liquid
252.47	2800.0	66.201	0.015105	4.6716	5.4728	21.851	40.274	77.431	2770.2	-0.0016089	9.4498e-05	0.14168	liquid
252.53	2800.0	66.188	0.015108	4.6766	5.4780	21.871	40.273	77.439	2769.1	-0.0016053	9.4433e-05	0.14161	liquid
252.60	2800.0	66.175	0.015111	4.6816	5.4832	21.892	40.271	77.447	2767.9	-0.0016017	9.4367e-05	0.14155	liquid
252.67	2800.0	66.162	0.015115	4.6866	5.4883	21.912	40.270	77.455	2766.8	-0.0015982	9.4303e-05	0.14148	liquid
252.73	2800.0	66.148	0.015118	4.6916	5.4935	21.933	40.269	77.464	2765.6	-0.0015946	9.4238e-05	0.14142	liquid
252.80	2800.0	66.135	0.015121	4.6966	5.4987	21.953	40.268	77.472	2764.5	-0.0015910	9.4173e-05	0.14135	liquid
252.87	2800.0	66.122	0.015124	4.7016	5.5038	21.973	40.267	77.480	2763.3	-0.0015874	9.4108e-05	0.14129	liquid
252.93	2800.0	66.108	0.015127	4.7066	5.5090	21.994	40.266	77.488	2762.2	-0.0015838	9.4043e-05	0.14122	liquid
253.00	2800.0	66.095	0.015130	4.7116	5.5142	22.014	40.265	77.497	2761.0	-0.0015801	9.3979e-05	0.14116	liquid
253.07	2800.0	66.082	0.015133	4.7166	5.5193	22.035	40.264	77.505	2759.9	-0.0015765	9.3914e-05	0.14109	liquid
253.13	2800.0	66.069	0.015136	4.7216	5.5245	22.055	40.263	77.513	2758.7	-0.0015729	9.3850e-05	0.14102	liquid
253.20	2800.0	66.055	0.015139	4.7266	5.5297	22.076	40.262	77.521	2757.6	-0.0015693	9.3785e-05	0.14096	liquid
253.27	2800.0	66.042	0.015142	4.7316	5.5348	22.096	40.261	77.530	2756.4	-0.0015657	9.3721e-05	0.14089	liquid
253.33	2800.0	66.029	0.015145	4.7367	5.5400	22.116	40.260	77.538	2755.3	-0.0015620	9.3656e-05	0.14083	liquid
253.40	2800.0	66.015	0.015148	4.7417	5.5452	22.137	40.259	77.546	2754.1	-0.0015584	9.3592e-05	0.14076	liquid
253.47	2800.0	66.002	0.015151	4.7467	5.5503	22.157	40.258	77.555	2752.9	-0.0015547	9.3528e-05	0.14070	liquid
253.53	2800.0	65.989	0.015154	4.7517	5.5555	22.178	40.256	77.563	2751.8	-0.0015511	9.3464e-05	0.14063	liquid
253.60	2800.0	65.975	0.015157	4.7567	5.5607	22.198	40.255	77.571	2750.6	-0.0015474	9.3400e-05	0.14057	liquid
253.67	2800.0	65.962	0.015160	4.7617	5.5659	22.218	40.254	77.580	2749.5	-0.0015438	9.3335e-05	0.14050	liquid
253.73	2800.0	65.949	0.015163	4.7667	5.5710	22.239	40.253	77.588	2748.3	-0.0015401	9.3271e-05	0.14043	liquid
253.80	2800.0	65.936	0.015166	4.7717	5.5762	22.259	40.252	77.597	2747.2	-0.0015365	9.3208e-05	0.14037	liquid
253.87	2800.0	65.922	0.015169	4.7767	5.5814	22.279	40.251	77.605	2746.0	-0.0015328	9.3144e-05	0.14030	liquid
253.93	2800.0	65.909	0.015172	4.7817	5.5865	22.300	40.250	77.613	2744.9	-0.0015291	9.3080e-05	0.14024	liquid
254.00	2800.0	65.896	0.015176	4.7867	5.5917	22.320	40.249	77.622	2743.7	-0.0015254	9.3016e-05	0.14017	liquid
254.07	2800.0	65.882	0.015179	4.7918	5.5969	22.341	40.248	77.630	2742.6	-0.0015217	9.2952e-05	0.14011	liquid
254.13	2800.0	65.869	0.015182	4.7968	5.6021	22.361	40.247	77.639	2741.4	-0.0015180	9.2889e-05	0.14004	liquid
254.20	2800.0	65.856	0.015185	4.8018	5.6072	22.381	40.246	77.647	2740.3	-0.0015143	9.2825e-05	0.13998	liquid
254.27	2800.0	65.842	0.015188	4.8068	5.6124	22.402	40.245	77.656	2739.1	-0.0015106	9.2762e-05	0.13991	liquid
254.33	2800.0	65.829	0.015191	4.8118	5.6176	22.422	40.244	77.664	2738.0	-0.0015069	9.2698e-05	0.13985	liquid
254.40	2800.0	65.815	0.015194	4.8168	5.6228	22.442	40.243	77.673	2736.9	-0.0015032	9.2635e-05	0.13978	liquid
254.47	2800.0	65.802	0.015197	4.8218	5.6280	22.463	40.242	77.681	2735.7	-0.0014995	9.2571e-05	0.13972	liquid
254.53	2800.0	65.789	0.015200	4.8269	5.6331	22.483	40.241	77.690	2734.6	-0.0014958	9.2508e-05	0.13965	liquid
254.60	2800.0	65.775	0.015203	4.8319	5.6383	22.503	40.240	77.698	2733.4	-0.0014921	9.2445e-05	0.13959	liquid
254.67	2800.0	65.762	0.015206	4.8369	5.6435	22.524	40.239	77.707	2732.3	-0.0014883	9.2382e-05	0.13952	liquid
254.73	2800.0	65.749	0.015209	4.8419	5.6487	22.544	40.238	77.715	2731.1	-0.0014846	9.2319e-05	0.13945	liquid
254.80	2800.0	65.735	0.015213	4.8469	5.6539	22.565	40.237	77.724	2730.0	-0.0014808	9.2256e-05	0.13939	liquid
254.87	2800.0	65.722	0.015216	4.8519	5.6590	22.585	40.236	77.733	2728.8	-0.0014771	9.2193e-05	0.13932	liquid
254.93	2800.0	65.708	0.015219	4.8570	5.6642	22.605	40.235	77.741	2727.7	-0.0014733	9.2130e-05	0.13926	liquid
255.00	2800.0	65.695	0.015222	4.8620	5.6694	22.625	40.234	77.750	2726.5	-0.0014696	9.2067e-05	0.13919	liquid
255.07	2800.0	65.682	0.015225	4.8670	5.6746	22.646	40.233	77.758	2725.4	-0.0014658	9.2004e-05	0.13913	liquid
255.13	2800.0	65.668	0.015228	4.8720	5.6798	22.666	40.232	77.767	2724.2	-0.0014620	9.1941e-05	0.13906	liquid
255.20	2800.0	65.655	0.015231	4.8770	5.6850	22.686	40.231	77.776	2723.1	-0.0014583	9.1879e-05	0.13900	liquid
255.27	2800.0	65.641	0.015234	4.8821	5.6901	22.707	40.229	77.784	2721.9	-0.0014545	9.1816e-05	0.13893	liquid
255.33	2800.0	65.628	0.015237	4.8871	5.6953	22.727	40.228	77.793	2720.8	-0.0014507	9.1753e-05	0.13887	liquid
255.40	2800.0	65.615	0.015241	4.8921	5.7005	22.747	40.227	77.802	2719.6	-0.0014469	9.1691e-05	0.13880	liquid
255.47	2800.0	65.601	0.015244	4.8971	5.7057	22.768	40.226	77.810	2718.5	-0.0014431	9.1628e-05	0.13874	liquid
255.53	2800.0	65.588	0.015247	4.9021	5.7109	22.788	40.225	77.819	2717.3	-0.0014393	9.1566e-05	0.13867	liquid
255.60	2800.0	65.574	0.015250	4.9072	5.7161	22.808	40.224	77.828	2716.2	-0.0014355	9.1504e-05	0.13861	liquid
255.67	2800.0	65.561	0.015253	4.9122	5.7213	22.829	40.223	77.836	2715.0	-0.0014317	9.1441e-05	0.13854	liquid
255.73	2800.0	65.547	0.015256	4.9172	5.7265	22.849	40.222	77.845	2713.9	-0.0014279	9.1379e-05	0.13848	liquid
255.80	2800.0	65.534	0.015259	4.9222	5.7316	22.869	40.221	77.854	2712.7	-0.0014241	9.1317e-05	0.13841	liquid
255.87	2800.0	65.521	0.015262	4.9273	5.7368	22.889	40.220	77.863	2711.6	-0.0014203	9.1255e-05	0.13835	liquid
255.93	2800.0	65.507	0.015266	4.9323	5.7420	22.910	40.219	77.871	2710.4	-0.0014164	9.1193e-05	0.13828	liquid
256.00	2800.0	65.494	0.015269	4.9373	5.7472	22.930	40.218	77.880	2709.3	-0.0014126	9.1131e-05	0.13822	liquid
256.07	2800.0	65.480	0.015272	4.9423	5.7524	22.950	40.217	77.889	2708.1	-0.0014088	9.1069e-05	0.13815	liquid
256.13	2800.0	65.467	0.015275	4.9474	5.7576	22.971	40.216	77.898	2707.0	-0.0014049	9.1007e-05	0.13809	liquid
256.20	2800.0	65.453	0.015278	4.9524	5.7628	22.991	40.215	77.907	2705.8	-0.0014011	9.0945e-05	0.13802	liquid
256.27	2800.0	65.440	0.015281	4.9574	5.7680	23.011	40.214	77.915	2704.7	-0.0013972	9.0883e-05	0.13796	liquid
256.33	2800.0	65.426	0.015284	4.9624	5.7732	23.031	40.213	77.924	2703.5	-0.0013934	9.0821e-05	0.13789	liquid
256.40	2800.0	65.413	0.015288	4.9675	5.7784	23.052	40.212	77.933	2702.4	-0.0013895	9.0760e-05	0.13783	liquid
256.47	2800.0	65.399	0.015291	4.9725	5.7836	23.072	40.211	77.942	2701.2	-0.0013856	9.0698e-05	0.13776	liquid
256.53	2800.0	65.386	0.015294	4.9775	5.7888	23.092	40.210	77.951	2700.1	-0.0013817	9.0636e-05	0.13770	liquid
256.60	2800.0	65.372	0.015297	4.9826	5.7940	23.112	40.210	77.960	2699.0	-0.0013779	9.0575e-05	0.13763	liquid
256.67	2800.0	65.359	0.015300	4.9876	5.7992	23.133	40.209	77.969	2697.8	-0.0013740	9.0513e-05	0.13757	liquid
256.73	2800.0	65.345	0.015303	4.9926	5.8044	23.153	40.208	77.977	2696.7	-0.0013701	9.0452e-05	0.13750	liquid
256.80	2800.0	65.332	0.015306	4.9977	5.8096	23.173	40.207	77.986	2695.5	-0.0013662	9.0391e-05	0.13744	liquid
256.87	2800.0	65.318	0.015310	5.0027	5.8148	23.193	40.206	77.995	2694.4	-0.0013623	9.0329e-05	0.13737	liquid
256.93	2800.0	65.305	0.015313	5.0077	5.8200	23.214	40.205	78.004	2693.2	-0.0013584	9.0268e-05	0.13731	liquid
257.00	2800.0	65.291	0.015316	5.0127	5.8252	23.234	40.204	78.013	2692.1	-0.0013545	9.0207e-05	0.13724	liquid
257.07	2800.0	65.278	0.015319	5.0178	5.8304	23.254	40.203	78.022	2690.9	-0.0013506	9.0146e-05	0.13718	liquid
257.13	2800.0	65.264	0.015322	5.0228	5.8356	23.274	40.202	78.031	2689.8	-0.0013466	9.0085e-05	0.13711	liquid
257.20	2800.0	65.251	0.015325	5.0278	5.8408	23.295	40.201	78.040	2688.6	-0.0013427	9.0024e-05	0.13705	liquid
257.27	2800.0	65.237	0.015329	5.0329	5.8460	23.315	40.200	78.049	2687.5	-0.0013388	8.9963e-05	0.13698	liquid
257.33	2800.0	65.224	0.015332	5.0379	5.8512	23.335	40.199	78.058	2686.3	-0.0013348	8.9902e-05	0.13692	liquid
257.40	2800.0	65.210	0.015335	5.0430	5.8564	23.355	40.198	78.067	2685.2	-0.0013309	8.9841e-05	0.13685	liquid
257.47	2800.0	65.197	0.015338	5.0480	5.8616	23.376	40.197	78.076	2684.0	-0.0013269	8.9780e-05	0.13679	liquid
257.53	2800.0	65.183	0.015341	5.0530	5.8668	23.396	40.196	78.085	2682.9	-0.0013230	8.9719e-05	0.13672	liquid
257.60	2800.0	65.170	0.015345	5.0581	5.8720	23.416	40.195	78.094	2681.8	-0.0013190	8.9659e-05	0.13666	liquid
257.67	2800.0	65.156	0.015348	5.0631	5.8772	23.436	40.194	78.103	2680.6	-0.0013151	8.9598e-05	0.13659	liquid
257.73	2800.0	65.143	0.015351	5.0681	5.8824	23.456	40.193	78.112	2679.5	-0.0013111	8.9537e-05	0.13653	liquid
257.80	2800.0	65.129	0.015354	5.0732	5.8876	23.477	40.192	78.121	2678.3	-0.0013071	8.9477e-05	0.13647	liquid
257.87	2800.0	65.116	0.015357	5.0782	5.8928	23.497	40.191	78.131	2677.2	-0.0013031	8.9416e-05	0.13640	liquid
257.93	2800.0	65.102	0.015361	5.0833	5.8980	23.517	40.190	78.140	2676.0	-0.0012991	8.9356e-05	0.13634	liquid
258.00	2800.0	65.088	0.015364	5.0883	5.9032	23.537	40.189	78.149	2674.9	-0.0012951	8.9296e-05	0.13627	liquid
258.07	2800.0	65.075	0.015367	5.0933	5.9085	23.557	40.188	78.158	2673.7	-0.0012911	8.9235e-05	0.13621	liquid
258.13	2800.0	65.061	0.015370	5.0984	5.9137	23.578	40.187	78.167	2672.6	-0.0012871	8.9175e-05	0.13614	liquid
258.20	2800.0	65.048	0.015373	5.1034	5.9189	23.598	40.186	78.176	2671.4	-0.0012831	8.9115e-05	0.13608	liquid
258.27	2800.0	65.034	0.015377	5.1085	5.9241	23.618	40.185	78.185	2670.3	-0.0012791	8.9055e-05	0.13601	liquid
258.33	2800.0	65.020	0.015380	5.1135	5.9293	23.638	40.184	78.195	2669.1	-0.0012751	8.8995e-05	0.13595	liquid
258.40	2800.0	65.007	0.015383	5.1185	5.9345	23.658	40.184	78.204	2668.0	-0.0012711	8.8934e-05	0.13588	liquid
258.47	2800.0	64.993	0.015386	5.1236	5.9397	23.678	40.183	78.213	2666.9	-0.0012670	8.8874e-05	0.13582	liquid
258.53	2800.0	64.980	0.015389	5.1286	5.9449	23.699	40.182	78.222	2665.7	-0.0012630	8.8815e-05	0.13575	liquid
258.60	2800.0	64.966	0.015393	5.1337	5.9502	23.719	40.181	78.231	2664.6	-0.0012590	8.8755e-05	0.13569	liquid
258.67	2800.0	64.952	0.015396	5.1387	5.9554	23.739	40.180	78.241	2663.4	-0.0012549	8.8695e-05	0.13563	liquid
258.73	2800.0	64.939	0.015399	5.1438	5.9606	23.759	40.179	78.250	2662.3	-0.0012509	8.8635e-05	0.13556	liquid
258.80	2800.0	64.925	0.015402	5.1488	5.9658	23.779	40.178	78.259	2661.1	-0.0012468	8.8575e-05	0.13550	liquid
258.87	2800.0	64.912	0.015406	5.1539	5.9710	23.799	40.177	78.269	2660.0	-0.0012427	8.8516e-05	0.13543	liquid
258.93	2800.0	64.898	0.015409	5.1589	5.9762	23.820	40.176	78.278	2658.8	-0.0012387	8.8456e-05	0.13537	liquid
259.00	2800.0	64.884	0.015412	5.1639	5.9815	23.840	40.175	78.287	2657.7	-0.0012346	8.8396e-05	0.13530	liquid
259.07	2800.0	64.871	0.015415	5.1690	5.9867	23.860	40.174	78.296	2656.5	-0.0012305	8.8337e-05	0.13524	liquid
259.13	2800.0	64.857	0.015419	5.1740	5.9919	23.880	40.173	78.306	2655.4	-0.0012264	8.8277e-05	0.13517	liquid
259.20	2800.0	64.843	0.015422	5.1791	5.9971	23.900	40.172	78.315	2654.3	-0.0012223	8.8218e-05	0.13511	liquid
259.27	2800.0	64.830	0.015425	5.1841	6.0023	23.920	40.171	78.324	2653.1	-0.0012182	8.8158e-05	0.13504	liquid
259.33	2800.0	64.816	0.015428	5.1892	6.0076	23.940	40.171	78.334	2652.0	-0.0012141	8.8099e-05	0.13498	liquid
259.40	2800.0	64.803	0.015431	5.1942	6.0128	23.961	40.170	78.343	2650.8	-0.0012100	8.8040e-05	0.13492	liquid
259.47	2800.0	64.789	0.015435	5.1993	6.0180	23.981	40.169	78.353	2649.7	-0.0012059	8.7981e-05	0.13485	liquid
259.53	2800.0	64.775	0.015438	5.2043	6.0232	24.001	40.168	78.362	2648.5	-0.0012018	8.7921e-05	0.13479	liquid
259.60	2800.0	64.762	0.015441	5.2094	6.0285	24.021	40.167	78.371	2647.4	-0.0011977	8.7862e-05	0.13472	liquid
259.67	2800.0	64.748	0.015445	5.2144	6.0337	24.041	40.166	78.381	2646.2	-0.0011935	8.7803e-05	0.13466	liquid
259.73	2800.0	64.734	0.015448	5.2195	6.0389	24.061	40.165	78.390	2645.1	-0.0011894	8.7744e-05	0.13459	liquid
259.80	2800.0	64.721	0.015451	5.2246	6.0441	24.081	40.164	78.400	2644.0	-0.0011853	8.7685e-05	0.13453	liquid
259.87	2800.0	64.707	0.015454	5.2296	6.0494	24.101	40.163	78.409	2642.8	-0.0011811	8.7626e-05	0.13447	liquid
259.93	2800.0	64.693	0.015458	5.2347	6.0546	24.122	40.162	78.419	2641.7	-0.0011770	8.7567e-05	0.13440	liquid
260.00	2800.0	64.679	0.015461	5.2397	6.0598	24.142	40.161	78.428	2640.5	-0.0011728	8.7509e-05	0.13434	liquid
260.07	2800.0	64.666	0.015464	5.2448	6.0650	24.162	40.161	78.438	2639.4	-0.0011686	8.7450e-05	0.13427	liquid
260.13	2800.0	64.652	0.015467	5.2498	6.0703	24.182	40.160	78.447	2638.2	-0.0011645	8.7391e-05	0.13421	liquid
260.20	2800.0	64.638	0.015471	5.2549	6.0755	24.202	40.159	78.457	2637.1	-0.0011603	8.7333e-05	0.13414	liquid
260.27	2800.0	64.625	0.015474	5.2599	6.0807	24.222	40.158	78.466	2635.9	-0.0011561	8.7274e-05	0.13408	liquid
260.33	2800.0	64.611	0.015477	5.2650	6.0860	24.242	40.157	78.476	2634.8	-0.0011519	8.7215e-05	0.13402	liquid
260.40	2800.0	64.597	0.015481	5.2701	6.0912	24.262	40.156	78.485	2633.7	-0.0011477	8.7157e-05	0.13395	liquid
260.47	2800.0	64.584	0.015484	5.2751	6.0964	24.282	40.155	78.495	2632.5	-0.0011435	8.7098e-05	0.13389	liquid
260.53	2800.0	64.570	0.015487	5.2802	6.1017	24.302	40.154	78.505	2631.4	-0.0011393	8.7040e-05	0.13382	liquid
260.60	2800.0	64.556	0.015490	5.2852	6.1069	24.323	40.153	78.514	2630.2	-0.0011351	8.6982e-05	0.13376	liquid
260.67	2800.0	64.542	0.015494	5.2903	6.1121	24.343	40.153	78.524	2629.1	-0.0011309	8.6923e-05	0.13369	liquid
260.73	2800.0	64.529	0.015497	5.2954	6.1174	24.363	40.152	78.533	2627.9	-0.0011267	8.6865e-05	0.13363	liquid
260.80	2800.0	64.515	0.015500	5.3004	6.1226	24.383	40.151	78.543	2626.8	-0.0011224	8.6807e-05	0.13357	liquid
260.87	2800.0	64.501	0.015504	5.3055	6.1278	24.403	40.150	78.553	2625.7	-0.0011182	8.6749e-05	0.13350	liquid
260.93	2800.0	64.487	0.015507	5.3105	6.1331	24.423	40.149	78.562	2624.5	-0.0011140	8.6690e-05	0.13344	liquid
261.00	2800.0	64.474	0.015510	5.3156	6.1383	24.443	40.148	78.572	2623.4	-0.0011097	8.6632e-05	0.13337	liquid
261.07	2800.0	64.460	0.015514	5.3207	6.1436	24.463	40.147	78.582	2622.2	-0.0011055	8.6574e-05	0.13331	liquid
261.13	2800.0	64.446	0.015517	5.3257	6.1488	24.483	40.146	78.591	2621.1	-0.0011012	8.6516e-05	0.13325	liquid
261.20	2800.0	64.432	0.015520	5.3308	6.1540	24.503	40.146	78.601	2619.9	-0.0010970	8.6459e-05	0.13318	liquid
261.27	2800.0	64.419	0.015523	5.3359	6.1593	24.523	40.145	78.611	2618.8	-0.0010927	8.6401e-05	0.13312	liquid
261.33	2800.0	64.405	0.015527	5.3409	6.1645	24.543	40.144	78.621	2617.7	-0.0010884	8.6343e-05	0.13305	liquid
261.40	2800.0	64.391	0.015530	5.3460	6.1698	24.563	40.143	78.630	2616.5	-0.0010841	8.6285e-05	0.13299	liquid
261.47	2800.0	64.377	0.015533	5.3511	6.1750	24.583	40.142	78.640	2615.4	-0.0010798	8.6227e-05	0.13293	liquid
261.53	2800.0	64.363	0.015537	5.3561	6.1802	24.604	40.141	78.650	2614.2	-0.0010756	8.6170e-05	0.13286	liquid
261.60	2800.0	64.350	0.015540	5.3612	6.1855	24.624	40.140	78.660	2613.1	-0.0010713	8.6112e-05	0.13280	liquid
261.67	2800.0	64.336	0.015543	5.3663	6.1907	24.644	40.139	78.670	2611.9	-0.0010670	8.6054e-05	0.13273	liquid
261.73	2800.0	64.322	0.015547	5.3713	6.1960	24.664	40.139	78.679	2610.8	-0.0010626	8.5997e-05	0.13267	liquid
261.80	2800.0	64.308	0.015550	5.3764	6.2012	24.684	40.138	78.689	2609.7	-0.0010583	8.5939e-05	0.13261	liquid
261.87	2800.0	64.295	0.015553	5.3815	6.2065	24.704	40.137	78.699	2608.5	-0.0010540	8.5882e-05	0.13254	liquid
261.93	2800.0	64.281	0.015557	5.3865	6.2117	24.724	40.136	78.709	2607.4	-0.0010497	8.5825e-05	0.13248	liquid
262.00	2800.0	64.267	0.015560	5.3916	6.2170	24.744	40.135	78.719	2606.2	-0.0010453	8.5767e-05	0.13241	liquid
262.07	2800.0	64.253	0.015563	5.3967	6.2222	24.764	40.134	78.729	2605.1	-0.0010410	8.5710e-05	0.13235	liquid
262.13	2800.0	64.239	0.015567	5.4017	6.2275	24.784	40.133	78.739	2603.9	-0.0010367	8.5653e-05	0.13229	liquid
262.20	2800.0	64.225	0.015570	5.4068	6.2327	24.804	40.133	78.748	2602.8	-0.0010323	8.5596e-05	0.13222	liquid
262.27	2800.0	64.212	0.015574	5.4119	6.2380	24.824	40.132	78.758	2601.7	-0.0010280	8.5538e-05	0.13216	liquid
262.33	2800.0	64.198	0.015577	5.4170	6.2432	24.844	40.131	78.768	2600.5	-0.0010236	8.5481e-05	0.13209	liquid
262.40	2800.0	64.184	0.015580	5.4220	6.2485	24.864	40.130	78.778	2599.4	-0.0010192	8.5424e-05	0.13203	liquid
262.47	2800.0	64.170	0.015584	5.4271	6.2537	24.884	40.129	78.788	2598.2	-0.0010148	8.5367e-05	0.13197	liquid
262.53	2800.0	64.156	0.015587	5.4322	6.2590	24.904	40.128	78.798	2597.1	-0.0010105	8.5310e-05	0.13190	liquid
262.60	2800.0	64.142	0.015590	5.4373	6.2642	24.924	40.128	78.808	2595.9	-0.0010061	8.5253e-05	0.13184	liquid
262.67	2800.0	64.129	0.015594	5.4423	6.2695	24.944	40.127	78.818	2594.8	-0.0010017	8.5196e-05	0.13178	liquid
262.73	2800.0	64.115	0.015597	5.4474	6.2747	24.964	40.126	78.828	2593.7	-0.00099728	8.5140e-05	0.13171	liquid
262.80	2800.0	64.101	0.015600	5.4525	6.2800	24.984	40.125	78.838	2592.5	-0.00099287	8.5083e-05	0.13165	liquid
262.87	2800.0	64.087	0.015604	5.4576	6.2852	25.004	40.124	78.848	2591.4	-0.00098846	8.5026e-05	0.13158	liquid
262.93	2800.0	64.073	0.015607	5.4626	6.2905	25.024	40.123	78.858	2590.2	-0.00098404	8.4970e-05	0.13152	liquid
263.00	2800.0	64.059	0.015611	5.4677	6.2958	25.044	40.123	78.868	2589.1	-0.00097962	8.4913e-05	0.13146	liquid
263.07	2800.0	64.045	0.015614	5.4728	6.3010	25.064	40.122	78.878	2588.0	-0.00097519	8.4856e-05	0.13139	liquid
263.13	2800.0	64.031	0.015617	5.4779	6.3063	25.084	40.121	78.888	2586.8	-0.00097075	8.4800e-05	0.13133	liquid
263.20	2800.0	64.017	0.015621	5.4830	6.3115	25.104	40.120	78.899	2585.7	-0.00096631	8.4743e-05	0.13127	liquid
263.27	2800.0	64.004	0.015624	5.4880	6.3168	25.124	40.119	78.909	2584.5	-0.00096186	8.4687e-05	0.13120	liquid
263.33	2800.0	63.990	0.015628	5.4931	6.3221	25.144	40.118	78.919	2583.4	-0.00095741	8.4630e-05	0.13114	liquid
263.40	2800.0	63.976	0.015631	5.4982	6.3273	25.164	40.118	78.929	2582.3	-0.00095295	8.4574e-05	0.13107	liquid
263.47	2800.0	63.962	0.015634	5.5033	6.3326	25.184	40.117	78.939	2581.1	-0.00094848	8.4518e-05	0.13101	liquid
263.53	2800.0	63.948	0.015638	5.5084	6.3378	25.204	40.116	78.949	2580.0	-0.00094400	8.4462e-05	0.13095	liquid
263.60	2800.0	63.934	0.015641	5.5134	6.3431	25.224	40.115	78.959	2578.8	-0.00093953	8.4405e-05	0.13088	liquid
263.67	2800.0	63.920	0.015645	5.5185	6.3484	25.244	40.114	78.970	2577.7	-0.00093504	8.4349e-05	0.13082	liquid
263.73	2800.0	63.906	0.015648	5.5236	6.3536	25.264	40.113	78.980	2576.5	-0.00093055	8.4293e-05	0.13076	liquid
263.80	2800.0	63.892	0.015651	5.5287	6.3589	25.284	40.113	78.990	2575.4	-0.00092605	8.4237e-05	0.13069	liquid
263.87	2800.0	63.878	0.015655	5.5338	6.3642	25.304	40.112	79.000	2574.3	-0.00092154	8.4181e-05	0.13063	liquid
263.93	2800.0	63.864	0.015658	5.5389	6.3694	25.324	40.111	79.011	2573.1	-0.00091703	8.4125e-05	0.13057	liquid
264.00	2800.0	63.850	0.015662	5.5440	6.3747	25.344	40.110	79.021	2572.0	-0.00091252	8.4069e-05	0.13050	liquid
264.07	2800.0	63.836	0.015665	5.5490	6.3800	25.364	40.109	79.031	2570.8	-0.00090799	8.4013e-05	0.13044	liquid
264.13	2800.0	63.823	0.015668	5.5541	6.3852	25.383	40.109	79.041	2569.7	-0.00090346	8.3957e-05	0.13038	liquid
264.20	2800.0	63.809	0.015672	5.5592	6.3905	25.403	40.108	79.052	2568.6	-0.00089893	8.3902e-05	0.13031	liquid
264.27	2800.0	63.795	0.015675	5.5643	6.3958	25.423	40.107	79.062	2567.4	-0.00089439	8.3846e-05	0.13025	liquid
264.33	2800.0	63.781	0.015679	5.5694	6.4011	25.443	40.106	79.072	2566.3	-0.00088984	8.3790e-05	0.13019	liquid
264.40	2800.0	63.767	0.015682	5.5745	6.4063	25.463	40.105	79.083	2565.1	-0.00088528	8.3734e-05	0.13012	liquid
264.47	2800.0	63.753	0.015686	5.5796	6.4116	25.483	40.105	79.093	2564.0	-0.00088072	8.3679e-05	0.13006	liquid
264.53	2800.0	63.739	0.015689	5.5847	6.4169	25.503	40.104	79.103	2562.9	-0.00087615	8.3623e-05	0.12999	liquid
264.60	2800.0	63.725	0.015692	5.5898	6.4221	25.523	40.103	79.114	2561.7	-0.00087158	8.3568e-05	0.12993	liquid
264.67	2800.0	63.711	0.015696	5.5948	6.4274	25.543	40.102	79.124	2560.6	-0.00086700	8.3512e-05	0.12987	liquid
264.73	2800.0	63.697	0.015699	5.5999	6.4327	25.563	40.101	79.135	2559.4	-0.00086241	8.3457e-05	0.12980	liquid
264.80	2800.0	63.683	0.015703	5.6050	6.4380	25.583	40.101	79.145	2558.3	-0.00085782	8.3401e-05	0.12974	liquid
264.87	2800.0	63.669	0.015706	5.6101	6.4432	25.603	40.100	79.155	2557.2	-0.00085322	8.3346e-05	0.12968	liquid
264.93	2800.0	63.655	0.015710	5.6152	6.4485	25.623	40.099	79.166	2556.0	-0.00084861	8.3291e-05	0.12961	liquid
265.00	2800.0	63.641	0.015713	5.6203	6.4538	25.643	40.098	79.176	2554.9	-0.00084400	8.3235e-05	0.12955	liquid
265.07	2800.0	63.627	0.015717	5.6254	6.4591	25.663	40.098	79.187	2553.7	-0.00083938	8.3180e-05	0.12949	liquid
265.13	2800.0	63.613	0.015720	5.6305	6.4644	25.682	40.097	79.197	2552.6	-0.00083476	8.3125e-05	0.12942	liquid
265.20	2800.0	63.599	0.015724	5.6356	6.4696	25.702	40.096	79.208	2551.5	-0.00083012	8.3070e-05	0.12936	liquid
265.27	2800.0	63.585	0.015727	5.6407	6.4749	25.722	40.095	79.218	2550.3	-0.00082549	8.3015e-05	0.12930	liquid
265.33	2800.0	63.571	0.015731	5.6458	6.4802	25.742	40.094	79.229	2549.2	-0.00082084	8.2960e-05	0.12923	liquid
265.40	2800.0	63.557	0.015734	5.6509	6.4855	25.762	40.094	79.239	2548.0	-0.00081619	8.2905e-05	0.12917	liquid
265.47	2800.0	63.543	0.015737	5.6560	6.4908	25.782	40.093	79.250	2546.9	-0.00081153	8.2850e-05	0.12911	liquid
265.53	2800.0	63.528	0.015741	5.6611	6.4961	25.802	40.092	79.260	2545.8	-0.00080687	8.2795e-05	0.12904	liquid
265.60	2800.0	63.514	0.015744	5.6662	6.5013	25.822	40.091	79.271	2544.6	-0.00080220	8.2740e-05	0.12898	liquid
265.67	2800.0	63.500	0.015748	5.6713	6.5066	25.842	40.091	79.282	2543.5	-0.00079752	8.2685e-05	0.12892	liquid
265.73	2800.0	63.486	0.015751	5.6764	6.5119	25.862	40.090	79.292	2542.3	-0.00079284	8.2631e-05	0.12886	liquid
265.80	2800.0	63.472	0.015755	5.6815	6.5172	25.881	40.089	79.303	2541.2	-0.00078815	8.2576e-05	0.12879	liquid
265.87	2800.0	63.458	0.015758	5.6866	6.5225	25.901	40.088	79.314	2540.1	-0.00078345	8.2521e-05	0.12873	liquid
265.93	2800.0	63.444	0.015762	5.6917	6.5278	25.921	40.088	79.324	2538.9	-0.00077875	8.2467e-05	0.12867	liquid
266.00	2800.0	63.430	0.015765	5.6968	6.5331	25.941	40.087	79.335	2537.8	-0.00077404	8.2412e-05	0.12860	liquid
266.07	2800.0	63.416	0.015769	5.7019	6.5383	25.961	40.086	79.346	2536.6	-0.00076932	8.2357e-05	0.12854	liquid
266.13	2800.0	63.402	0.015772	5.7070	6.5436	25.981	40.085	79.356	2535.5	-0.00076460	8.2303e-05	0.12848	liquid
266.20	2800.0	63.388	0.015776	5.7121	6.5489	26.001	40.084	79.367	2534.4	-0.00075987	8.2248e-05	0.12841	liquid
266.27	2800.0	63.374	0.015779	5.7172	6.5542	26.021	40.084	79.378	2533.2	-0.00075513	8.2194e-05	0.12835	liquid
266.33	2800.0	63.360	0.015783	5.7223	6.5595	26.041	40.083	79.388	2532.1	-0.00075039	8.2140e-05	0.12829	liquid
266.40	2800.0	63.345	0.015786	5.7274	6.5648	26.060	40.082	79.399	2531.0	-0.00074564	8.2085e-05	0.12822	liquid
266.47	2800.0	63.331	0.015790	5.7325	6.5701	26.080	40.081	79.410	2529.8	-0.00074088	8.2031e-05	0.12816	liquid
266.53	2800.0	63.317	0.015793	5.7376	6.5754	26.100	40.081	79.421	2528.7	-0.00073612	8.1977e-05	0.12810	liquid
266.60	2800.0	63.303	0.015797	5.7428	6.5807	26.120	40.080	79.431	2527.5	-0.00073135	8.1922e-05	0.12804	liquid
266.67	2800.0	63.289	0.015801	5.7479	6.5860	26.140	40.079	79.442	2526.4	-0.00072657	8.1868e-05	0.12797	liquid
266.73	2800.0	63.275	0.015804	5.7530	6.5913	26.160	40.078	79.453	2525.3	-0.00072179	8.1814e-05	0.12791	liquid
266.80	2800.0	63.261	0.015808	5.7581	6.5966	26.180	40.078	79.464	2524.1	-0.00071700	8.1760e-05	0.12785	liquid
266.87	2800.0	63.247	0.015811	5.7632	6.6019	26.199	40.077	79.475	2523.0	-0.00071220	8.1706e-05	0.12778	liquid
266.93	2800.0	63.232	0.015815	5.7683	6.6072	26.219	40.076	79.486	2521.8	-0.00070740	8.1652e-05	0.12772	liquid
267.00	2800.0	63.218	0.015818	5.7734	6.6125	26.239	40.076	79.497	2520.7	-0.00070259	8.1598e-05	0.12766	liquid
267.07	2800.0	63.204	0.015822	5.7785	6.6178	26.259	40.075	79.507	2519.6	-0.00069777	8.1544e-05	0.12759	liquid
267.13	2800.0	63.190	0.015825	5.7836	6.6231	26.279	40.074	79.518	2518.4	-0.00069295	8.1490e-05	0.12753	liquid
267.20	2800.0	63.176	0.015829	5.7888	6.6284	26.299	40.073	79.529	2517.3	-0.00068812	8.1436e-05	0.12747	liquid
267.27	2800.0	63.162	0.015832	5.7939	6.6337	26.318	40.073	79.540	2516.2	-0.00068328	8.1383e-05	0.12741	liquid
267.33	2800.0	63.147	0.015836	5.7990	6.6390	26.338	40.072	79.551	2515.0	-0.00067843	8.1329e-05	0.12734	liquid
267.40	2800.0	63.133	0.015839	5.8041	6.6443	26.358	40.071	79.562	2513.9	-0.00067358	8.1275e-05	0.12728	liquid
267.47	2800.0	63.119	0.015843	5.8092	6.6496	26.378	40.070	79.573	2512.7	-0.00066872	8.1222e-05	0.12722	liquid
267.53	2800.0	63.105	0.015847	5.8143	6.6549	26.398	40.070	79.584	2511.6	-0.00066386	8.1168e-05	0.12715	liquid
267.60	2800.0	63.091	0.015850	5.8194	6.6602	26.418	40.069	79.595	2510.5	-0.00065899	8.1114e-05	0.12709	liquid
267.67	2800.0	63.077	0.015854	5.8246	6.6655	26.438	40.068	79.606	2509.3	-0.00065411	8.1061e-05	0.12703	liquid
267.73	2800.0	63.062	0.015857	5.8297	6.6708	26.457	40.068	79.617	2508.2	-0.00064922	8.1007e-05	0.12697	liquid
267.80	2800.0	63.048	0.015861	5.8348	6.6761	26.477	40.067	79.628	2507.0	-0.00064433	8.0954e-05	0.12690	liquid
267.87	2800.0	63.034	0.015864	5.8399	6.6814	26.497	40.066	79.639	2505.9	-0.00063943	8.0900e-05	0.12684	liquid
267.93	2800.0	63.020	0.015868	5.8450	6.6867	26.517	40.065	79.650	2504.8	-0.00063453	8.0847e-05	0.12678	liquid
268.00	2800.0	63.006	0.015872	5.8502	6.6921	26.537	40.065	79.661	2503.6	-0.00062961	8.0794e-05	0.12671	liquid
268.07	2800.0	62.991	0.015875	5.8553	6.6974	26.556	40.064	79.672	2502.5	-0.00062469	8.0740e-05	0.12665	liquid
268.13	2800.0	62.977	0.015879	5.8604	6.7027	26.576	40.063	79.684	2501.4	-0.00061977	8.0687e-05	0.12659	liquid
268.20	2800.0	62.963	0.015882	5.8655	6.7080	26.596	40.063	79.695	2500.2	-0.00061483	8.0634e-05	0.12653	liquid
268.27	2800.0	62.949	0.015886	5.8706	6.7133	26.616	40.062	79.706	2499.1	-0.00060989	8.0581e-05	0.12646	liquid
268.33	2800.0	62.934	0.015890	5.8758	6.7186	26.636	40.061	79.717	2497.9	-0.00060494	8.0528e-05	0.12640	liquid
268.40	2800.0	62.920	0.015893	5.8809	6.7239	26.655	40.060	79.728	2496.8	-0.00059999	8.0475e-05	0.12634	liquid
268.47	2800.0	62.906	0.015897	5.8860	6.7292	26.675	40.060	79.739	2495.7	-0.00059503	8.0422e-05	0.12628	liquid
268.53	2800.0	62.892	0.015900	5.8911	6.7346	26.695	40.059	79.751	2494.5	-0.00059006	8.0369e-05	0.12621	liquid
268.60	2800.0	62.877	0.015904	5.8963	6.7399	26.715	40.058	79.762	2493.4	-0.00058508	8.0316e-05	0.12615	liquid
268.67	2800.0	62.863	0.015908	5.9014	6.7452	26.735	40.058	79.773	2492.3	-0.00058010	8.0263e-05	0.12609	liquid
268.73	2800.0	62.849	0.015911	5.9065	6.7505	26.754	40.057	79.784	2491.1	-0.00057511	8.0210e-05	0.12603	liquid
268.80	2800.0	62.835	0.015915	5.9116	6.7558	26.774	40.056	79.796	2490.0	-0.00057011	8.0157e-05	0.12596	liquid
268.87	2800.0	62.820	0.015918	5.9168	6.7612	26.794	40.055	79.807	2488.9	-0.00056511	8.0104e-05	0.12590	liquid
268.93	2800.0	62.806	0.015922	5.9219	6.7665	26.814	40.055	79.818	2487.7	-0.00056009	8.0051e-05	0.12584	liquid
269.00	2800.0	62.792	0.015926	5.9270	6.7718	26.834	40.054	79.829	2486.6	-0.00055507	7.9999e-05	0.12578	liquid
269.07	2800.0	62.777	0.015929	5.9322	6.7771	26.853	40.053	79.841	2485.4	-0.00055005	7.9946e-05	0.12571	liquid
269.13	2800.0	62.763	0.015933	5.9373	6.7824	26.873	40.053	79.852	2484.3	-0.00054502	7.9893e-05	0.12565	liquid
269.20	2800.0	62.749	0.015937	5.9424	6.7878	26.893	40.052	79.863	2483.2	-0.00053998	7.9841e-05	0.12559	liquid
269.27	2800.0	62.734	0.015940	5.9476	6.7931	26.913	40.051	79.875	2482.0	-0.00053493	7.9788e-05	0.12553	liquid
269.33	2800.0	62.720	0.015944	5.9527	6.7984	26.933	40.051	79.886	2480.9	-0.00052987	7.9736e-05	0.12546	liquid
269.40	2800.0	62.706	0.015947	5.9578	6.8037	26.952	40.050	79.898	2479.8	-0.00052481	7.9683e-05	0.12540	liquid
269.47	2800.0	62.692	0.015951	5.9630	6.8091	26.972	40.049	79.909	2478.6	-0.00051974	7.9631e-05	0.12534	liquid
269.53	2800.0	62.677	0.015955	5.9681	6.8144	26.992	40.049	79.920	2477.5	-0.00051467	7.9578e-05	0.12528	liquid
269.60	2800.0	62.663	0.015958	5.9732	6.8197	27.012	40.048	79.932	2476.3	-0.00050958	7.9526e-05	0.12521	liquid
269.67	2800.0	62.649	0.015962	5.9784	6.8251	27.031	40.047	79.943	2475.2	-0.00050449	7.9474e-05	0.12515	liquid
269.73	2800.0	62.634	0.015966	5.9835	6.8304	27.051	40.047	79.955	2474.1	-0.00049940	7.9421e-05	0.12509	liquid
269.80	2800.0	62.620	0.015969	5.9886	6.8357	27.071	40.046	79.966	2472.9	-0.00049429	7.9369e-05	0.12503	liquid
269.87	2800.0	62.605	0.015973	5.9938	6.8410	27.091	40.045	79.978	2471.8	-0.00048918	7.9317e-05	0.12496	liquid
269.93	2800.0	62.591	0.015977	5.9989	6.8464	27.110	40.045	79.989	2470.7	-0.00048406	7.9265e-05	0.12490	liquid
270.00	2800.0	62.577	0.015980	6.0040	6.8517	27.130	40.044	80.001	2469.5	-0.00047893	7.9213e-05	0.12484	liquid
270.07	2800.0	62.562	0.015984	6.0092	6.8570	27.150	40.043	80.012	2468.4	-0.00047380	7.9160e-05	0.12478	liquid
270.13	2800.0	62.548	0.015988	6.0143	6.8624	27.170	40.043	80.024	2467.3	-0.00046865	7.9108e-05	0.12471	liquid
270.20	2800.0	62.534	0.015991	6.0195	6.8677	27.189	40.042	80.035	2466.1	-0.00046351	7.9056e-05	0.12465	liquid
270.27	2800.0	62.519	0.015995	6.0246	6.8731	27.209	40.041	80.047	2465.0	-0.00045835	7.9004e-05	0.12459	liquid
270.33	2800.0	62.505	0.015999	6.0298	6.8784	27.229	40.041	80.059	2463.9	-0.00045319	7.8953e-05	0.12453	liquid
270.40	2800.0	62.490	0.016002	6.0349	6.8837	27.249	40.040	80.070	2462.7	-0.00044801	7.8901e-05	0.12447	liquid
270.47	2800.0	62.476	0.016006	6.0400	6.8891	27.268	40.039	80.082	2461.6	-0.00044284	7.8849e-05	0.12440	liquid
270.53	2800.0	62.462	0.016010	6.0452	6.8944	27.288	40.039	80.093	2460.4	-0.00043765	7.8797e-05	0.12434	liquid
270.60	2800.0	62.447	0.016014	6.0503	6.8997	27.308	40.038	80.105	2459.3	-0.00043246	7.8745e-05	0.12428	liquid
270.67	2800.0	62.433	0.016017	6.0555	6.9051	27.328	40.037	80.117	2458.2	-0.00042725	7.8693e-05	0.12422	liquid
270.73	2800.0	62.418	0.016021	6.0606	6.9104	27.347	40.037	80.129	2457.0	-0.00042205	7.8642e-05	0.12415	liquid
270.80	2800.0	62.404	0.016025	6.0658	6.9158	27.367	40.036	80.140	2455.9	-0.00041683	7.8590e-05	0.12409	liquid
270.87	2800.0	62.390	0.016028	6.0709	6.9211	27.387	40.035	80.152	2454.8	-0.00041161	7.8538e-05	0.12403	liquid
270.93	2800.0	62.375	0.016032	6.0761	6.9265	27.406	40.035	80.164	2453.6	-0.00040638	7.8487e-05	0.12397	liquid
271.00	2800.0	62.361	0.016036	6.0812	6.9318	27.426	40.034	80.175	2452.5	-0.00040114	7.8435e-05	0.12391	liquid
271.07	2800.0	62.346	0.016039	6.0863	6.9371	27.446	40.033	80.187	2451.4	-0.00039589	7.8384e-05	0.12384	liquid
271.13	2800.0	62.332	0.016043	6.0915	6.9425	27.466	40.033	80.199	2450.2	-0.00039064	7.8332e-05	0.12378	liquid
271.20	2800.0	62.317	0.016047	6.0966	6.9478	27.485	40.032	80.211	2449.1	-0.00038538	7.8281e-05	0.12372	liquid
271.27	2800.0	62.303	0.016051	6.1018	6.9532	27.505	40.031	80.223	2448.0	-0.00038011	7.8229e-05	0.12366	liquid
271.33	2800.0	62.288	0.016054	6.1069	6.9585	27.525	40.031	80.234	2446.8	-0.00037483	7.8178e-05	0.12360	liquid
271.40	2800.0	62.274	0.016058	6.1121	6.9639	27.545	40.030	80.246	2445.7	-0.00036955	7.8127e-05	0.12353	liquid
271.47	2800.0	62.260	0.016062	6.1173	6.9692	27.564	40.030	80.258	2444.5	-0.00036426	7.8076e-05	0.12347	liquid
271.53	2800.0	62.245	0.016066	6.1224	6.9746	27.584	40.029	80.270	2443.4	-0.00035896	7.8024e-05	0.12341	liquid
271.60	2800.0	62.231	0.016069	6.1276	6.9799	27.604	40.028	80.282	2442.3	-0.00035365	7.7973e-05	0.12335	liquid
271.67	2800.0	62.216	0.016073	6.1327	6.9853	27.623	40.028	80.294	2441.1	-0.00034834	7.7922e-05	0.12329	liquid
271.73	2800.0	62.202	0.016077	6.1379	6.9906	27.643	40.027	80.306	2440.0	-0.00034302	7.7871e-05	0.12322	liquid
271.80	2800.0	62.187	0.016081	6.1430	6.9960	27.663	40.026	80.318	2438.9	-0.00033769	7.7820e-05	0.12316	liquid
271.87	2800.0	62.173	0.016084	6.1482	7.0014	27.682	40.026	80.330	2437.7	-0.00033235	7.7769e-05	0.12310	liquid
271.93	2800.0	62.158	0.016088	6.1533	7.0067	27.702	40.025	80.342	2436.6	-0.00032700	7.7718e-05	0.12304	liquid
272.00	2800.0	62.144	0.016092	6.1585	7.0121	27.722	40.025	80.354	2435.5	-0.00032165	7.7667e-05	0.12298	liquid
272.07	2800.0	62.129	0.016096	6.1637	7.0174	27.742	40.024	80.366	2434.3	-0.00031629	7.7616e-05	0.12291	liquid
272.13	2800.0	62.115	0.016099	6.1688	7.0228	27.761	40.023	80.378	2433.2	-0.00031092	7.7565e-05	0.12285	liquid
272.20	2800.0	62.100	0.016103	6.1740	7.0281	27.781	40.023	80.390	2432.1	-0.00030555	7.7514e-05	0.12279	liquid
272.27	2800.0	62.085	0.016107	6.1791	7.0335	27.801	40.022	80.402	2430.9	-0.00030016	7.7463e-05	0.12273	liquid
272.33	2800.0	62.071	0.016111	6.1843	7.0389	27.820	40.021	80.414	2429.8	-0.00029477	7.7412e-05	0.12267	liquid
272.40	2800.0	62.056	0.016114	6.1895	7.0442	27.840	40.021	80.426	2428.7	-0.00028937	7.7361e-05	0.12260	liquid
272.47	2800.0	62.042	0.016118	6.1946	7.0496	27.860	40.020	80.438	2427.5	-0.00028397	7.7311e-05	0.12254	liquid
272.53	2800.0	62.027	0.016122	6.1998	7.0549	27.879	40.020	80.450	2426.4	-0.00027855	7.7260e-05	0.12248	liquid
272.60	2800.0	62.013	0.016126	6.2049	7.0603	27.899	40.019	80.462	2425.3	-0.00027313	7.7209e-05	0.12242	liquid
272.67	2800.0	61.998	0.016130	6.2101	7.0657	27.919	40.018	80.474	2424.1	-0.00026770	7.7159e-05	0.12236	liquid
272.73	2800.0	61.984	0.016133	6.2153	7.0710	27.938	40.018	80.487	2423.0	-0.00026226	7.7108e-05	0.12230	liquid
272.80	2800.0	61.969	0.016137	6.2204	7.0764	27.958	40.017	80.499	2421.9	-0.00025681	7.7058e-05	0.12223	liquid
272.87	2800.0	61.954	0.016141	6.2256	7.0818	27.978	40.017	80.511	2420.7	-0.00025136	7.7007e-05	0.12217	liquid
272.93	2800.0	61.940	0.016145	6.2308	7.0871	27.997	40.016	80.523	2419.6	-0.00024590	7.6957e-05	0.12211	liquid
273.00	2800.0	61.925	0.016148	6.2359	7.0925	28.017	40.015	80.535	2418.4	-0.00024043	7.6906e-05	0.12205	liquid
273.07	2800.0	61.911	0.016152	6.2411	7.0979	28.037	40.015	80.548	2417.3	-0.00023495	7.6856e-05	0.12199	liquid
273.13	2800.0	61.896	0.016156	6.2463	7.1032	28.056	40.014	80.560	2416.2	-0.00022946	7.6805e-05	0.12193	liquid
273.20	2800.0	61.882	0.016160	6.2514	7.1086	28.076	40.014	80.572	2415.0	-0.00022397	7.6755e-05	0.12186	liquid
273.27	2800.0	61.867	0.016164	6.2566	7.1140	28.096	40.013	80.584	2413.9	-0.00021847	7.6705e-05	0.12180	liquid
273.33	2800.0	61.852	0.016168	6.2618	7.1194	28.115	40.012	80.597	2412.8	-0.00021296	7.6655e-05	0.12174	liquid
273.40	2800.0	61.838	0.016171	6.2669	7.1247	28.135	40.012	80.609	2411.6	-0.00020744	7.6604e-05	0.12168	liquid
273.47	2800.0	61.823	0.016175	6.2721	7.1301	28.155	40.011	80.621	2410.5	-0.00020191	7.6554e-05	0.12162	liquid
273.53	2800.0	61.808	0.016179	6.2773	7.1355	28.174	40.011	80.634	2409.4	-0.00019638	7.6504e-05	0.12156	liquid
273.60	2800.0	61.794	0.016183	6.2825	7.1409	28.194	40.010	80.646	2408.2	-0.00019084	7.6454e-05	0.12149	liquid
273.67	2800.0	61.779	0.016187	6.2876	7.1462	28.214	40.009	80.658	2407.1	-0.00018529	7.6404e-05	0.12143	liquid
273.73	2800.0	61.764	0.016191	6.2928	7.1516	28.233	40.009	80.671	2406.0	-0.00017973	7.6354e-05	0.12137	liquid
273.80	2800.0	61.750	0.016194	6.2980	7.1570	28.253	40.008	80.683	2404.8	-0.00017416	7.6304e-05	0.12131	liquid
273.87	2800.0	61.735	0.016198	6.3032	7.1624	28.273	40.008	80.696	2403.7	-0.00016859	7.6254e-05	0.12125	liquid
273.93	2800.0	61.721	0.016202	6.3083	7.1678	28.292	40.007	80.708	2402.6	-0.00016301	7.6204e-05	0.12119	liquid
274.00	2800.0	61.706	0.016206	6.3135	7.1731	28.312	40.007	80.721	2401.4	-0.00015742	7.6154e-05	0.12113	liquid
274.07	2800.0	61.691	0.016210	6.3187	7.1785	28.331	40.006	80.733	2400.3	-0.00015182	7.6104e-05	0.12106	liquid
274.13	2800.0	61.677	0.016214	6.3239	7.1839	28.351	40.005	80.746	2399.2	-0.00014621	7.6054e-05	0.12100	liquid
274.20	2800.0	61.662	0.016217	6.3290	7.1893	28.371	40.005	80.758	2398.0	-0.00014060	7.6004e-05	0.12094	liquid
274.27	2800.0	61.647	0.016221	6.3342	7.1947	28.390	40.004	80.771	2396.9	-0.00013497	7.5955e-05	0.12088	liquid
274.33	2800.0	61.632	0.016225	6.3394	7.2001	28.410	40.004	80.783	2395.8	-0.00012934	7.5905e-05	0.12082	liquid
274.40	2800.0	61.618	0.016229	6.3446	7.2054	28.430	40.003	80.796	2394.6	-0.00012370	7.5855e-05	0.12076	liquid
274.47	2800.0	61.603	0.016233	6.3498	7.2108	28.449	40.003	80.808	2393.5	-0.00011805	7.5806e-05	0.12070	liquid
274.53	2800.0	61.588	0.016237	6.3549	7.2162	28.469	40.002	80.821	2392.4	-0.00011240	7.5756e-05	0.12063	liquid
274.60	2800.0	61.574	0.016241	6.3601	7.2216	28.489	40.001	80.833	2391.2	-0.00010673	7.5706e-05	0.12057	liquid
274.67	2800.0	61.559	0.016245	6.3653	7.2270	28.508	40.001	80.846	2390.1	-0.00010106	7.5657e-05	0.12051	liquid
274.73	2800.0	61.544	0.016248	6.3705	7.2324	28.528	40.000	80.859	2389.0	-9.5377e-05	7.5607e-05	0.12045	liquid
274.80	2800.0	61.529	0.016252	6.3757	7.2378	28.547	40.000	80.871	2387.8	-8.9688e-05	7.5558e-05	0.12039	liquid
274.87	2800.0	61.515	0.016256	6.3809	7.2432	28.567	39.999	80.884	2386.7	-8.3990e-05	7.5508e-05	0.12033	liquid
274.93	2800.0	61.500	0.016260	6.3861	7.2486	28.587	39.999	80.897	2385.6	-7.8284e-05	7.5459e-05	0.12027	liquid
275.00	2800.0	61.485	0.016264	6.3912	7.2539	28.606	39.998	80.909	2384.4	-7.2569e-05	7.5410e-05	0.12020	liquid
275.07	2800.0	61.470	0.016268	6.3964	7.2593	28.626	39.998	80.922	2383.3	-6.6846e-05	7.5360e-05	0.12014	liquid
275.13	2800.0	61.456	0.016272	6.4016	7.2647	28.645	39.997	80.935	2382.2	-6.1115e-05	7.5311e-05	0.12008	liquid
275.20	2800.0	61.441	0.016276	6.4068	7.2701	28.665	39.996	80.948	2381.0	-5.5375e-05	7.5262e-05	0.12002	liquid
275.27	2800.0	61.426	0.016280	6.4120	7.2755	28.685	39.996	80.961	2379.9	-4.9627e-05	7.5212e-05	0.11996	liquid
275.33	2800.0	61.411	0.016284	6.4172	7.2809	28.704	39.995	80.973	2378.8	-4.3870e-05	7.5163e-05	0.11990	liquid
275.40	2800.0	61.397	0.016288	6.4224	7.2863	28.724	39.995	80.986	2377.6	-3.8105e-05	7.5114e-05	0.11984	liquid
275.47	2800.0	61.382	0.016291	6.4276	7.2917	28.744	39.994	80.999	2376.5	-3.2331e-05	7.5065e-05	0.11978	liquid
275.53	2800.0	61.367	0.016295	6.4328	7.2971	28.763	39.994	81.012	2375.4	-2.6549e-05	7.5016e-05	0.11972	liquid
275.60	2800.0	61.352	0.016299	6.4380	7.3025	28.783	39.993	81.025	2374.2	-2.0759e-05	7.4967e-05	0.11965	liquid
275.67	2800.0	61.337	0.016303	6.4431	7.3079	28.802	39.993	81.038	2373.1	-1.4959e-05	7.4918e-05	0.11959	liquid
275.73	2800.0	61.323	0.016307	6.4483	7.3133	28.822	39.992	81.050	2372.0	-9.1518e-06	7.4869e-05	0.11953	liquid
275.80	2800.0	61.308	0.016311	6.4535	7.3187	28.842	39.992	81.063	2370.8	-3.3355e-06	7.4820e-05	0.11947	liquid
275.87	2800.0	61.293	0.016315	6.4587	7.3241	28.861	39.991	81.076	2369.7	2.4893e-06	7.4771e-05	0.11941	liquid
275.93	2800.0	61.278	0.016319	6.4639	7.3295	28.881	39.990	81.089	2368.6	8.3227e-06	7.4722e-05	0.11935	liquid
276.00	2800.0	61.263	0.016323	6.4691	7.3350	28.900	39.990	81.102	2367.5	1.4165e-05	7.4673e-05	0.11929	liquid
276.07	2800.0	61.249	0.016327	6.4743	7.3404	28.920	39.989	81.115	2366.3	2.0015e-05	7.4624e-05	0.11923	liquid
276.13	2800.0	61.234	0.016331	6.4795	7.3458	28.939	39.989	81.128	2365.2	2.5875e-05	7.4575e-05	0.11917	liquid
276.20	2800.0	61.219	0.016335	6.4847	7.3512	28.959	39.988	81.141	2364.1	3.1742e-05	7.4527e-05	0.11910	liquid
276.27	2800.0	61.204	0.016339	6.4899	7.3566	28.979	39.988	81.154	2362.9	3.7619e-05	7.4478e-05	0.11904	liquid
276.33	2800.0	61.189	0.016343	6.4951	7.3620	28.998	39.987	81.167	2361.8	4.3504e-05	7.4429e-05	0.11898	liquid
276.40	2800.0	61.174	0.016347	6.5003	7.3674	29.018	39.987	81.180	2360.7	4.9398e-05	7.4380e-05	0.11892	liquid
276.47	2800.0	61.159	0.016351	6.5055	7.3728	29.037	39.986	81.193	2359.5	5.5301e-05	7.4332e-05	0.11886	liquid
276.53	2800.0	61.145	0.016355	6.5107	7.3782	29.057	39.986	81.206	2358.4	6.1212e-05	7.4283e-05	0.11880	liquid
276.60	2800.0	61.130	0.016359	6.5159	7.3837	29.077	39.985	81.220	2357.3	6.7132e-05	7.4235e-05	0.11874	liquid
276.67	2800.0	61.115	0.016363	6.5211	7.3891	29.096	39.985	81.233	2356.1	7.3061e-05	7.4186e-05	0.11868	liquid
276.73	2800.0	61.100	0.016367	6.5263	7.3945	29.116	39.984	81.246	2355.0	7.8999e-05	7.4138e-05	0.11862	liquid
276.80	2800.0	61.085	0.016371	6.5315	7.3999	29.135	39.984	81.259	2353.9	8.4946e-05	7.4089e-05	0.11856	liquid
276.87	2800.0	61.070	0.016375	6.5367	7.4053	29.155	39.983	81.272	2352.7	9.0901e-05	7.4041e-05	0.11850	liquid
276.93	2800.0	61.055	0.016379	6.5420	7.4107	29.174	39.983	81.285	2351.6	9.6865e-05	7.3992e-05	0.11843	liquid
277.00	2800.0	61.040	0.016383	6.5472	7.4162	29.194	39.982	81.299	2350.5	0.00010284	7.3944e-05	0.11837	liquid
277.07	2800.0	61.025	0.016387	6.5524	7.4216	29.214	39.982	81.312	2349.3	0.00010882	7.3896e-05	0.11831	liquid
277.13	2800.0	61.011	0.016391	6.5576	7.4270	29.233	39.981	81.325	2348.2	0.00011481	7.3847e-05	0.11825	liquid
277.20	2800.0	60.996	0.016395	6.5628	7.4324	29.253	39.981	81.338	2347.1	0.00012081	7.3799e-05	0.11819	liquid
277.27	2800.0	60.981	0.016399	6.5680	7.4378	29.272	39.980	81.352	2345.9	0.00012682	7.3751e-05	0.11813	liquid
277.33	2800.0	60.966	0.016403	6.5732	7.4433	29.292	39.980	81.365	2344.8	0.00013284	7.3702e-05	0.11807	liquid
277.40	2800.0	60.951	0.016407	6.5784	7.4487	29.311	39.979	81.378	2343.7	0.00013886	7.3654e-05	0.11801	liquid
277.47	2800.0	60.936	0.016411	6.5836	7.4541	29.331	39.979	81.392	2342.5	0.00014490	7.3606e-05	0.11795	liquid
277.53	2800.0	60.921	0.016415	6.5888	7.4595	29.350	39.978	81.405	2341.4	0.00015094	7.3558e-05	0.11789	liquid
277.60	2800.0	60.906	0.016419	6.5941	7.4650	29.370	39.978	81.418	2340.3	0.00015700	7.3510e-05	0.11783	liquid
277.67	2800.0	60.891	0.016423	6.5993	7.4704	29.390	39.977	81.432	2339.2	0.00016306	7.3462e-05	0.11777	liquid
277.73	2800.0	60.876	0.016427	6.6045	7.4758	29.409	39.977	81.445	2338.0	0.00016913	7.3414e-05	0.11771	liquid
277.80	2800.0	60.861	0.016431	6.6097	7.4813	29.429	39.976	81.459	2336.9	0.00017521	7.3366e-05	0.11765	liquid
277.87	2800.0	60.846	0.016435	6.6149	7.4867	29.448	39.976	81.472	2335.8	0.00018130	7.3318e-05	0.11758	liquid
277.93	2800.0	60.831	0.016439	6.6201	7.4921	29.468	39.975	81.486	2334.6	0.00018740	7.3270e-05	0.11752	liquid
278.00	2800.0	60.816	0.016443	6.6254	7.4976	29.487	39.975	81.499	2333.5	0.00019351	7.3222e-05	0.11746	liquid
278.07	2800.0	60.801	0.016447	6.6306	7.5030	29.507	39.974	81.513	2332.4	0.00019962	7.3174e-05	0.11740	liquid
278.13	2800.0	60.786	0.016451	6.6358	7.5084	29.526	39.974	81.526	2331.2	0.00020575	7.3126e-05	0.11734	liquid
278.20	2800.0	60.771	0.016455	6.6410	7.5139	29.546	39.973	81.540	2330.1	0.00021188	7.3079e-05	0.11728	liquid
278.27	2800.0	60.756	0.016459	6.6462	7.5193	29.565	39.973	81.553	2329.0	0.00021803	7.3031e-05	0.11722	liquid
278.33	2800.0	60.741	0.016463	6.6515	7.5247	29.585	39.972	81.567	2327.8	0.00022418	7.2983e-05	0.11716	liquid
278.40	2800.0	60.726	0.016467	6.6567	7.5302	29.605	39.972	81.580	2326.7	0.00023034	7.2935e-05	0.11710	liquid
278.47	2800.0	60.711	0.016471	6.6619	7.5356	29.624	39.971	81.594	2325.6	0.00023652	7.2888e-05	0.11704	liquid
278.53	2800.0	60.696	0.016476	6.6671	7.5410	29.644	39.971	81.608	2324.4	0.00024270	7.2840e-05	0.11698	liquid
278.60	2800.0	60.681	0.016480	6.6723	7.5465	29.663	39.970	81.621	2323.3	0.00024889	7.2792e-05	0.11692	liquid
278.67	2800.0	60.666	0.016484	6.6776	7.5519	29.683	39.970	81.635	2322.2	0.00025509	7.2745e-05	0.11686	liquid
278.73	2800.0	60.651	0.016488	6.6828	7.5574	29.702	39.969	81.649	2321.1	0.00026130	7.2697e-05	0.11680	liquid
278.80	2800.0	60.636	0.016492	6.6880	7.5628	29.722	39.969	81.662	2319.9	0.00026751	7.2650e-05	0.11674	liquid
278.87	2800.0	60.621	0.016496	6.6932	7.5683	29.741	39.969	81.676	2318.8	0.00027374	7.2602e-05	0.11668	liquid
278.93	2800.0	60.606	0.016500	6.6985	7.5737	29.761	39.968	81.690	2317.7	0.00027998	7.2555e-05	0.11662	liquid
279.00	2800.0	60.591	0.016504	6.7037	7.5792	29.780	39.968	81.704	2316.5	0.00028622	7.2507e-05	0.11656	liquid
279.07	2800.0	60.575	0.016508	6.7089	7.5846	29.800	39.967	81.717	2315.4	0.00029248	7.2460e-05	0.11650	liquid
279.13	2800.0	60.560	0.016512	6.7142	7.5901	29.819	39.967	81.731	2314.3	0.00029874	7.2413e-05	0.11644	liquid
279.20	2800.0	60.545	0.016517	6.7194	7.5955	29.839	39.966	81.745	2313.1	0.00030502	7.2365e-05	0.11638	liquid
279.27	2800.0	60.530	0.016521	6.7246	7.6009	29.858	39.966	81.759	2312.0	0.00031130	7.2318e-05	0.11631	liquid
279.33	2800.0	60.515	0.016525	6.7299	7.6064	29.878	39.965	81.773	2310.9	0.00031760	7.2271e-05	0.11625	liquid
279.40	2800.0	60.500	0.016529	6.7351	7.6119	29.897	39.965	81.786	2309.7	0.00032390	7.2224e-05	0.11619	liquid
279.47	2800.0	60.485	0.016533	6.7403	7.6173	29.917	39.964	81.800	2308.6	0.00033021	7.2176e-05	0.11613	liquid
279.53	2800.0	60.470	0.016537	6.7456	7.6228	29.936	39.964	81.814	2307.5	0.00033653	7.2129e-05	0.11607	liquid
279.60	2800.0	60.455	0.016541	6.7508	7.6282	29.956	39.963	81.828	2306.4	0.00034286	7.2082e-05	0.11601	liquid
279.67	2800.0	60.439	0.016545	6.7560	7.6337	29.975	39.963	81.842	2305.2	0.00034920	7.2035e-05	0.11595	liquid
279.73	2800.0	60.424	0.016550	6.7613	7.6391	29.995	39.963	81.856	2304.1	0.00035555	7.1988e-05	0.11589	liquid
279.80	2800.0	60.409	0.016554	6.7665	7.6446	30.014	39.962	81.870	2303.0	0.00036191	7.1941e-05	0.11583	liquid
279.87	2800.0	60.394	0.016558	6.7717	7.6500	30.034	39.962	81.884	2301.8	0.00036828	7.1894e-05	0.11577	liquid
279.93	2800.0	60.379	0.016562	6.7770	7.6555	30.053	39.961	81.898	2300.7	0.00037466	7.1847e-05	0.11571	liquid
280.00	2800.0	60.364	0.016566	6.7822	7.6610	30.073	39.961	81.912	2299.6	0.00038105	7.1800e-05	0.11565	liquid
280.07	2800.0	60.349	0.016570	6.7875	7.6664	30.092	39.960	81.926	2298.4	0.00038745	7.1753e-05	0.11559	liquid
280.13	2800.0	60.333	0.016575	6.7927	7.6719	30.112	39.960	81.940	2297.3	0.00039386	7.1706e-05	0.11553	liquid
280.20	2800.0	60.318	0.016579	6.7979	7.6773	30.131	39.960	81.954	2296.2	0.00040028	7.1659e-05	0.11547	liquid
280.27	2800.0	60.303	0.016583	6.8032	7.6828	30.151	39.959	81.968	2295.1	0.00040670	7.1612e-05	0.11541	liquid
280.33	2800.0	60.288	0.016587	6.8084	7.6883	30.170	39.959	81.983	2293.9	0.00041314	7.1565e-05	0.11535	liquid
280.40	2800.0	60.273	0.016591	6.8137	7.6937	30.190	39.958	81.997	2292.8	0.00041959	7.1519e-05	0.11529	liquid
280.47	2800.0	60.257	0.016595	6.8189	7.6992	30.209	39.958	82.011	2291.7	0.00042604	7.1472e-05	0.11523	liquid
280.53	2800.0	60.242	0.016600	6.8242	7.7047	30.229	39.957	82.025	2290.5	0.00043251	7.1425e-05	0.11517	liquid
280.60	2800.0	60.227	0.016604	6.8294	7.7101	30.248	39.957	82.039	2289.4	0.00043899	7.1378e-05	0.11511	liquid
280.67	2800.0	60.212	0.016608	6.8347	7.7156	30.268	39.957	82.053	2288.3	0.00044547	7.1332e-05	0.11505	liquid
280.73	2800.0	60.197	0.016612	6.8399	7.7211	30.287	39.956	82.068	2287.1	0.00045197	7.1285e-05	0.11499	liquid
280.80	2800.0	60.181	0.016616	6.8452	7.7266	30.307	39.956	82.082	2286.0	0.00045847	7.1238e-05	0.11493	liquid
280.87	2800.0	60.166	0.016621	6.8504	7.7320	30.326	39.955	82.096	2284.9	0.00046499	7.1192e-05	0.11487	liquid
280.93	2800.0	60.151	0.016625	6.8557	7.7375	30.346	39.955	82.110	2283.8	0.00047151	7.1145e-05	0.11481	liquid
281.00	2800.0	60.136	0.016629	6.8609	7.7430	30.365	39.954	82.125	2282.6	0.00047805	7.1099e-05	0.11475	liquid
281.07	2800.0	60.120	0.016633	6.8662	7.7485	30.385	39.954	82.139	2281.5	0.00048460	7.1052e-05	0.11469	liquid
281.13	2800.0	60.105	0.016638	6.8714	7.7539	30.404	39.954	82.153	2280.4	0.00049115	7.1006e-05	0.11463	liquid
281.20	2800.0	60.090	0.016642	6.8767	7.7594	30.424	39.953	82.168	2279.2	0.00049772	7.0959e-05	0.11457	liquid
281.27	2800.0	60.074	0.016646	6.8819	7.7649	30.443	39.953	82.182	2278.1	0.00050429	7.0913e-05	0.11451	liquid
281.33	2800.0	60.059	0.016650	6.8872	7.7704	30.463	39.952	82.197	2277.0	0.00051088	7.0867e-05	0.11445	liquid
281.40	2800.0	60.044	0.016654	6.8924	7.7758	30.482	39.952	82.211	2275.8	0.00051747	7.0820e-05	0.11439	liquid
281.47	2800.0	60.029	0.016659	6.8977	7.7813	30.502	39.952	82.226	2274.7	0.00052408	7.0774e-05	0.11433	liquid
281.53	2800.0	60.013	0.016663	6.9029	7.7868	30.521	39.951	82.240	2273.6	0.00053069	7.0728e-05	0.11427	liquid
281.60	2800.0	59.998	0.016667	6.9082	7.7923	30.541	39.951	82.254	2272.5	0.00053732	7.0681e-05	0.11421	liquid
281.67	2800.0	59.983	0.016671	6.9135	7.7978	30.560	39.950	82.269	2271.3	0.00054395	7.0635e-05	0.11415	liquid
281.73	2800.0	59.967	0.016676	6.9187	7.8033	30.580	39.950	82.284	2270.2	0.00055060	7.0589e-05	0.11409	liquid
281.80	2800.0	59.952	0.016680	6.9240	7.8087	30.599	39.950	82.298	2269.1	0.00055725	7.0543e-05	0.11403	liquid
281.87	2800.0	59.937	0.016684	6.9292	7.8142	30.619	39.949	82.313	2267.9	0.00056392	7.0497e-05	0.11397	liquid
281.93	2800.0	59.921	0.016689	6.9345	7.8197	30.638	39.949	82.327	2266.8	0.00057060	7.0451e-05	0.11392	liquid
282.00	2800.0	59.906	0.016693	6.9398	7.8252	30.658	39.948	82.342	2265.7	0.00057728	7.0404e-05	0.11386	liquid
282.07	2800.0	59.891	0.016697	6.9450	7.8307	30.677	39.948	82.356	2264.5	0.00058398	7.0358e-05	0.11380	liquid
282.13	2800.0	59.875	0.016701	6.9503	7.8362	30.696	39.948	82.371	2263.4	0.00059069	7.0312e-05	0.11374	liquid
282.20	2800.0	59.860	0.016706	6.9556	7.8417	30.716	39.947	82.386	2262.3	0.00059740	7.0266e-05	0.11368	liquid
282.27	2800.0	59.845	0.016710	6.9608	7.8472	30.735	39.947	82.400	2261.2	0.00060413	7.0220e-05	0.11362	liquid
282.33	2800.0	59.829	0.016714	6.9661	7.8527	30.755	39.946	82.415	2260.0	0.00061087	7.0174e-05	0.11356	liquid
282.40	2800.0	59.814	0.016719	6.9714	7.8582	30.774	39.946	82.430	2258.9	0.00061761	7.0129e-05	0.11350	liquid
282.47	2800.0	59.798	0.016723	6.9766	7.8637	30.794	39.946	82.445	2257.8	0.00062437	7.0083e-05	0.11344	liquid
282.53	2800.0	59.783	0.016727	6.9819	7.8692	30.813	39.945	82.459	2256.6	0.00063114	7.0037e-05	0.11338	liquid
282.60	2800.0	59.768	0.016731	6.9872	7.8747	30.833	39.945	82.474	2255.5	0.00063792	6.9991e-05	0.11332	liquid
282.67	2800.0	59.752	0.016736	6.9924	7.8802	30.852	39.944	82.489	2254.4	0.00064471	6.9945e-05	0.11326	liquid
282.73	2800.0	59.737	0.016740	6.9977	7.8857	30.872	39.944	82.504	2253.3	0.00065151	6.9899e-05	0.11320	liquid
282.80	2800.0	59.721	0.016744	7.0030	7.8912	30.891	39.944	82.519	2252.1	0.00065832	6.9854e-05	0.11314	liquid
282.87	2800.0	59.706	0.016749	7.0082	7.8967	30.910	39.943	82.533	2251.0	0.00066514	6.9808e-05	0.11308	liquid
282.93	2800.0	59.691	0.016753	7.0135	7.9022	30.930	39.943	82.548	2249.9	0.00067197	6.9762e-05	0.11302	liquid
283.00	2800.0	59.675	0.016757	7.0188	7.9077	30.949	39.943	82.563	2248.7	0.00067881	6.9717e-05	0.11296	liquid
283.07	2800.0	59.660	0.016762	7.0241	7.9132	30.969	39.942	82.578	2247.6	0.00068566	6.9671e-05	0.11290	liquid
283.13	2800.0	59.644	0.016766	7.0293	7.9187	30.988	39.942	82.593	2246.5	0.00069253	6.9625e-05	0.11284	liquid
283.20	2800.0	59.629	0.016770	7.0346	7.9242	31.008	39.942	82.608	2245.4	0.00069940	6.9580e-05	0.11278	liquid
283.27	2800.0	59.613	0.016775	7.0399	7.9297	31.027	39.941	82.623	2244.2	0.00070628	6.9534e-05	0.11272	liquid
283.33	2800.0	59.598	0.016779	7.0452	7.9352	31.047	39.941	82.638	2243.1	0.00071318	6.9489e-05	0.11267	liquid
283.40	2800.0	59.582	0.016783	7.0504	7.9407	31.066	39.940	82.653	2242.0	0.00072008	6.9443e-05	0.11261	liquid
283.47	2800.0	59.567	0.016788	7.0557	7.9462	31.085	39.940	82.668	2240.8	0.00072700	6.9398e-05	0.11255	liquid
283.53	2800.0	59.551	0.016792	7.0610	7.9517	31.105	39.940	82.683	2239.7	0.00073393	6.9352e-05	0.11249	liquid
283.60	2800.0	59.536	0.016797	7.0663	7.9572	31.124	39.939	82.698	2238.6	0.00074086	6.9307e-05	0.11243	liquid
283.67	2800.0	59.521	0.016801	7.0716	7.9628	31.144	39.939	82.713	2237.5	0.00074781	6.9261e-05	0.11237	liquid
283.73	2800.0	59.505	0.016805	7.0769	7.9683	31.163	39.939	82.728	2236.3	0.00075477	6.9216e-05	0.11231	liquid
283.80	2800.0	59.490	0.016810	7.0821	7.9738	31.183	39.938	82.744	2235.2	0.00076174	6.9171e-05	0.11225	liquid
283.87	2800.0	59.474	0.016814	7.0874	7.9793	31.202	39.938	82.759	2234.1	0.00076872	6.9125e-05	0.11219	liquid
283.93	2800.0	59.458	0.016818	7.0927	7.9848	31.222	39.938	82.774	2232.9	0.00077571	6.9080e-05	0.11213	liquid
284.00	2800.0	59.443	0.016823	7.0980	7.9903	31.241	39.937	82.789	2231.8	0.00078271	6.9035e-05	0.11207	liquid
284.07	2800.0	59.427	0.016827	7.1033	7.9959	31.260	39.937	82.804	2230.7	0.00078972	6.8990e-05	0.11201	liquid
284.13	2800.0	59.412	0.016832	7.1086	8.0014	31.280	39.937	82.820	2229.6	0.00079674	6.8944e-05	0.11195	liquid
284.20	2800.0	59.396	0.016836	7.1139	8.0069	31.299	39.936	82.835	2228.4	0.00080378	6.8899e-05	0.11190	liquid
284.27	2800.0	59.381	0.016840	7.1191	8.0124	31.319	39.936	82.850	2227.3	0.00081082	6.8854e-05	0.11184	liquid
284.33	2800.0	59.365	0.016845	7.1244	8.0180	31.338	39.936	82.865	2226.2	0.00081788	6.8809e-05	0.11178	liquid
284.40	2800.0	59.350	0.016849	7.1297	8.0235	31.358	39.935	82.881	2225.0	0.00082495	6.8764e-05	0.11172	liquid
284.47	2800.0	59.334	0.016854	7.1350	8.0290	31.377	39.935	82.896	2223.9	0.00083202	6.8719e-05	0.11166	liquid
284.53	2800.0	59.319	0.016858	7.1403	8.0345	31.396	39.935	82.911	2222.8	0.00083911	6.8674e-05	0.11160	liquid
284.60	2800.0	59.303	0.016863	7.1456	8.0401	31.416	39.934	82.927	2221.7	0.00084621	6.8629e-05	0.11154	liquid
284.67	2800.0	59.287	0.016867	7.1509	8.0456	31.435	39.934	82.942	2220.5	0.00085332	6.8584e-05	0.11148	liquid
284.73	2800.0	59.272	0.016871	7.1562	8.0511	31.455	39.934	82.958	2219.4	0.00086044	6.8539e-05	0.11142	liquid
284.80	2800.0	59.256	0.016876	7.1615	8.0566	31.474	39.933	82.973	2218.3	0.00086758	6.8494e-05	0.11136	liquid
284.87	2800.0	59.241	0.016880	7.1668	8.0622	31.494	39.933	82.989	2217.1	0.00087472	6.8449e-05	0.11131	liquid
284.93	2800.0	59.225	0.016885	7.1721	8.0677	31.513	39.933	83.004	2216.0	0.00088188	6.8404e-05	0.11125	liquid
285.00	2800.0	59.209	0.016889	7.1774	8.0732	31.532	39.932	83.020	2214.9	0.00088904	6.8359e-05	0.11119	liquid
285.07	2800.0	59.194	0.016894	7.1827	8.0788	31.552	39.932	83.035	2213.8	0.00089622	6.8315e-05	0.11113	liquid
285.13	2800.0	59.178	0.016898	7.1880	8.0843	31.571	39.932	83.051	2212.6	0.00090341	6.8270e-05	0.11107	liquid
285.20	2800.0	59.162	0.016903	7.1933	8.0899	31.591	39.931	83.066	2211.5	0.00091061	6.8225e-05	0.11101	liquid
285.27	2800.0	59.147	0.016907	7.1986	8.0954	31.610	39.931	83.082	2210.4	0.00091782	6.8180e-05	0.11095	liquid
285.33	2800.0	59.131	0.016912	7.2039	8.1009	31.629	39.931	83.098	2209.2	0.00092504	6.8135e-05	0.11089	liquid
285.40	2800.0	59.115	0.016916	7.2092	8.1065	31.649	39.930	83.113	2208.1	0.00093227	6.8091e-05	0.11083	liquid
285.47	2800.0	59.100	0.016921	7.2145	8.1120	31.668	39.930	83.129	2207.0	0.00093952	6.8046e-05	0.11078	liquid
285.53	2800.0	59.084	0.016925	7.2198	8.1176	31.688	39.930	83.145	2205.9	0.00094677	6.8001e-05	0.11072	liquid
285.60	2800.0	59.068	0.016930	7.2251	8.1231	31.707	39.929	83.160	2204.7	0.00095404	6.7957e-05	0.11066	liquid
285.67	2800.0	59.053	0.016934	7.2304	8.1286	31.727	39.929	83.176	2203.6	0.00096132	6.7912e-05	0.11060	liquid
285.73	2800.0	59.037	0.016939	7.2357	8.1342	31.746	39.929	83.192	2202.5	0.00096861	6.7868e-05	0.11054	liquid
285.80	2800.0	59.021	0.016943	7.2410	8.1397	31.765	39.928	83.207	2201.4	0.00097591	6.7823e-05	0.11048	liquid
285.87	2800.0	59.006	0.016948	7.2463	8.1453	31.785	39.928	83.223	2200.2	0.00098322	6.7779e-05	0.11042	liquid
285.93	2800.0	58.990	0.016952	7.2516	8.1508	31.804	39.928	83.239	2199.1	0.00099055	6.7734e-05	0.11036	liquid
286.00	2800.0	58.974	0.016957	7.2569	8.1564	31.824	39.928	83.255	2198.0	0.00099788	6.7690e-05	0.11031	liquid
286.07	2800.0	58.958	0.016961	7.2623	8.1619	31.843	39.927	83.271	2196.8	0.0010052	6.7645e-05	0.11025	liquid
286.13	2800.0	58.943	0.016966	7.2676	8.1675	31.862	39.927	83.287	2195.7	0.0010126	6.7601e-05	0.11019	liquid
286.20	2800.0	58.927	0.016970	7.2729	8.1730	31.882	39.927	83.302	2194.6	0.0010200	6.7556e-05	0.11013	liquid
286.27	2800.0	58.911	0.016975	7.2782	8.1786	31.901	39.926	83.318	2193.5	0.0010273	6.7512e-05	0.11007	liquid
286.33	2800.0	58.895	0.016979	7.2835	8.1841	31.921	39.926	83.334	2192.3	0.0010347	6.7468e-05	0.11001	liquid
286.40	2800.0	58.880	0.016984	7.2888	8.1897	31.940	39.926	83.350	2191.2	0.0010421	6.7423e-05	0.10995	liquid
286.47	2800.0	58.864	0.016988	7.2941	8.1953	31.959	39.926	83.366	2190.1	0.0010496	6.7379e-05	0.10989	liquid
286.53	2800.0	58.848	0.016993	7.2995	8.2008	31.979	39.925	83.382	2189.0	0.0010570	6.7335e-05	0.10984	liquid
286.60	2800.0	58.832	0.016997	7.3048	8.2064	31.998	39.925	83.398	2187.8	0.0010644	6.7291e-05	0.10978	liquid
286.67	2800.0	58.817	0.017002	7.3101	8.2119	32.018	39.925	83.414	2186.7	0.0010719	6.7246e-05	0.10972	liquid
286.73	2800.0	58.801	0.017007	7.3154	8.2175	32.037	39.924	83.430	2185.6	0.0010793	6.7202e-05	0.10966	liquid
286.80	2800.0	58.785	0.017011	7.3207	8.2231	32.056	39.924	83.447	2184.4	0.0010868	6.7158e-05	0.10960	liquid
286.87	2800.0	58.769	0.017016	7.3260	8.2286	32.076	39.924	83.463	2183.3	0.0010943	6.7114e-05	0.10954	liquid
286.93	2800.0	58.753	0.017020	7.3314	8.2342	32.095	39.924	83.479	2182.2	0.0011018	6.7070e-05	0.10949	liquid
287.00	2800.0	58.738	0.017025	7.3367	8.2398	32.115	39.923	83.495	2181.1	0.0011093	6.7026e-05	0.10943	liquid
287.07	2800.0	58.722	0.017029	7.3420	8.2453	32.134	39.923	83.511	2179.9	0.0011168	6.6982e-05	0.10937	liquid
287.13	2800.0	58.706	0.017034	7.3473	8.2509	32.153	39.923	83.527	2178.8	0.0011244	6.6938e-05	0.10931	liquid
287.20	2800.0	58.690	0.017039	7.3527	8.2565	32.173	39.922	83.544	2177.7	0.0011319	6.6894e-05	0.10925	liquid
287.27	2800.0	58.674	0.017043	7.3580	8.2620	32.192	39.922	83.560	2176.6	0.0011395	6.6850e-05	0.10919	liquid
287.33	2800.0	58.658	0.017048	7.3633	8.2676	32.212	39.922	83.576	2175.4	0.0011470	6.6806e-05	0.10913	liquid
287.40	2800.0	58.643	0.017052	7.3686	8.2732	32.231	39.922	83.592	2174.3	0.0011546	6.6762e-05	0.10908	liquid
287.47	2800.0	58.627	0.017057	7.3740	8.2787	32.250	39.921	83.609	2173.2	0.0011622	6.6718e-05	0.10902	liquid
287.53	2800.0	58.611	0.017062	7.3793	8.2843	32.270	39.921	83.625	2172.0	0.0011698	6.6674e-05	0.10896	liquid
287.60	2800.0	58.595	0.017066	7.3846	8.2899	32.289	39.921	83.641	2170.9	0.0011774	6.6630e-05	0.10890	liquid
287.67	2800.0	58.579	0.017071	7.3900	8.2955	32.309	39.921	83.658	2169.8	0.0011851	6.6586e-05	0.10884	liquid
287.73	2800.0	58.563	0.017076	7.3953	8.3011	32.328	39.920	83.674	2168.7	0.0011927	6.6543e-05	0.10879	liquid
287.80	2800.0	58.547	0.017080	7.4006	8.3066	32.347	39.920	83.691	2167.5	0.0012004	6.6499e-05	0.10873	liquid
287.87	2800.0	58.531	0.017085	7.4060	8.3122	32.367	39.920	83.707	2166.4	0.0012080	6.6455e-05	0.10867	liquid
287.93	2800.0	58.515	0.017090	7.4113	8.3178	32.386	39.920	83.723	2165.3	0.0012157	6.6411e-05	0.10861	liquid
288.00	2800.0	58.500	0.017094	7.4166	8.3234	32.405	39.919	83.740	2164.2	0.0012234	6.6368e-05	0.10855	liquid
288.07	2800.0	58.484	0.017099	7.4220	8.3290	32.425	39.919	83.756	2163.0	0.0012311	6.6324e-05	0.10849	liquid
288.13	2800.0	58.468	0.017103	7.4273	8.3345	32.444	39.919	83.773	2161.9	0.0012388	6.6280e-05	0.10844	liquid
288.20	2800.0	58.452	0.017108	7.4326	8.3401	32.464	39.919	83.790	2160.8	0.0012465	6.6237e-05	0.10838	liquid
288.27	2800.0	58.436	0.017113	7.4380	8.3457	32.483	39.918	83.806	2159.7	0.0012543	6.6193e-05	0.10832	liquid
288.33	2800.0	58.420	0.017117	7.4433	8.3513	32.502	39.918	83.823	2158.5	0.0012620	6.6149e-05	0.10826	liquid
288.40	2800.0	58.404	0.017122	7.4487	8.3569	32.522	39.918	83.839	2157.4	0.0012698	6.6106e-05	0.10820	liquid
288.47	2800.0	58.388	0.017127	7.4540	8.3625	32.541	39.918	83.856	2156.3	0.0012776	6.6062e-05	0.10815	liquid
288.53	2800.0	58.372	0.017132	7.4593	8.3681	32.561	39.917	83.873	2155.1	0.0012854	6.6019e-05	0.10809	liquid
288.60	2800.0	58.356	0.017136	7.4647	8.3737	32.580	39.917	83.889	2154.0	0.0012932	6.5975e-05	0.10803	liquid
288.67	2800.0	58.340	0.017141	7.4700	8.3793	32.599	39.917	83.906	2152.9	0.0013010	6.5932e-05	0.10797	liquid
288.73	2800.0	58.324	0.017146	7.4754	8.3848	32.619	39.917	83.923	2151.8	0.0013088	6.5888e-05	0.10791	liquid
288.80	2800.0	58.308	0.017150	7.4807	8.3904	32.638	39.916	83.940	2150.6	0.0013166	6.5845e-05	0.10786	liquid
288.87	2800.0	58.292	0.017155	7.4861	8.3960	32.657	39.916	83.956	2149.5	0.0013245	6.5801e-05	0.10780	liquid
288.93	2800.0	58.276	0.017160	7.4914	8.4016	32.677	39.916	83.973	2148.4	0.0013324	6.5758e-05	0.10774	liquid
289.00	2800.0	58.260	0.017164	7.4968	8.4072	32.696	39.916	83.990	2147.3	0.0013402	6.5715e-05	0.10768	liquid
289.07	2800.0	58.244	0.017169	7.5021	8.4128	32.716	39.916	84.007	2146.1	0.0013481	6.5671e-05	0.10762	liquid
289.13	2800.0	58.228	0.017174	7.5075	8.4184	32.735	39.915	84.024	2145.0	0.0013560	6.5628e-05	0.10757	liquid
289.20	2800.0	58.212	0.017179	7.5128	8.4240	32.754	39.915	84.041	2143.9	0.0013639	6.5585e-05	0.10751	liquid
289.27	2800.0	58.196	0.017183	7.5182	8.4296	32.774	39.915	84.058	2142.8	0.0013719	6.5542e-05	0.10745	liquid
289.33	2800.0	58.180	0.017188	7.5235	8.4352	32.793	39.915	84.074	2141.6	0.0013798	6.5498e-05	0.10739	liquid
289.40	2800.0	58.164	0.017193	7.5289	8.4409	32.812	39.914	84.091	2140.5	0.0013878	6.5455e-05	0.10733	liquid
289.47	2800.0	58.148	0.017198	7.5342	8.4465	32.832	39.914	84.108	2139.4	0.0013957	6.5412e-05	0.10728	liquid
289.53	2800.0	58.132	0.017202	7.5396	8.4521	32.851	39.914	84.125	2138.2	0.0014037	6.5369e-05	0.10722	liquid
289.60	2800.0	58.115	0.017207	7.5449	8.4577	32.870	39.914	84.143	2137.1	0.0014117	6.5326e-05	0.10716	liquid
289.67	2800.0	58.099	0.017212	7.5503	8.4633	32.890	39.914	84.160	2136.0	0.0014197	6.5283e-05	0.10710	liquid
289.73	2800.0	58.083	0.017217	7.5557	8.4689	32.909	39.913	84.177	2134.9	0.0014277	6.5239e-05	0.10705	liquid
289.80	2800.0	58.067	0.017221	7.5610	8.4745	32.929	39.913	84.194	2133.7	0.0014357	6.5196e-05	0.10699	liquid
289.87	2800.0	58.051	0.017226	7.5664	8.4801	32.948	39.913	84.211	2132.6	0.0014438	6.5153e-05	0.10693	liquid
289.93	2800.0	58.035	0.017231	7.5717	8.4857	32.967	39.913	84.228	2131.5	0.0014518	6.5110e-05	0.10687	liquid
290.00	2800.0	58.019	0.017236	7.5771	8.4914	32.987	39.913	84.245	2130.4	0.0014599	6.5067e-05	0.10681	liquid
