Temperature (K)	Pressure (psia)	Density (lbm/ft3)	Volume (ft3/lbm)	Internal Energy (kJ/mol)	Enthalpy (kJ/mol)	Entropy (J/mol*K)	Cv (J/mol*K)	Cp (J/mol*K)	Sound Spd. (ft/s)	Joule-Thomson (F/psia)	Viscosity (lbm/ft*s)	Therm. Cond. (W/m*K)	Phase
250.00	3000.0	66.910	0.014945	4.4481	5.2975	20.926	40.343	76.733	2842.2	-0.0018345	9.7977e-05	0.14526	liquid
250.07	3000.0	66.897	0.014948	4.4531	5.3026	20.947	40.342	76.740	2841.0	-0.0018313	9.7909e-05	0.14520	liquid
250.13	3000.0	66.885	0.014951	4.4580	5.3077	20.967	40.341	76.747	2839.9	-0.0018281	9.7842e-05	0.14513	liquid
250.20	3000.0	66.872	0.014954	4.4630	5.3128	20.988	40.340	76.754	2838.8	-0.0018248	9.7774e-05	0.14507	liquid
250.27	3000.0	66.859	0.014957	4.4679	5.3180	21.008	40.339	76.761	2837.6	-0.0018216	9.7707e-05	0.14500	liquid
250.33	3000.0	66.846	0.014960	4.4729	5.3231	21.029	40.337	76.769	2836.5	-0.0018183	9.7639e-05	0.14494	liquid
250.40	3000.0	66.833	0.014963	4.4778	5.3282	21.049	40.336	76.776	2835.3	-0.0018151	9.7572e-05	0.14487	liquid
250.47	3000.0	66.820	0.014966	4.4828	5.3333	21.069	40.335	76.783	2834.2	-0.0018118	9.7505e-05	0.14481	liquid
250.53	3000.0	66.807	0.014969	4.4877	5.3384	21.090	40.334	76.790	2833.1	-0.0018086	9.7438e-05	0.14474	liquid
250.60	3000.0	66.794	0.014971	4.4927	5.3435	21.110	40.333	76.798	2831.9	-0.0018053	9.7371e-05	0.14468	liquid
250.67	3000.0	66.781	0.014974	4.4976	5.3487	21.131	40.332	76.805	2830.8	-0.0018020	9.7304e-05	0.14461	liquid
250.73	3000.0	66.768	0.014977	4.5026	5.3538	21.151	40.330	76.812	2829.7	-0.0017988	9.7237e-05	0.14454	liquid
250.80	3000.0	66.755	0.014980	4.5075	5.3589	21.172	40.329	76.820	2828.5	-0.0017955	9.7170e-05	0.14448	liquid
250.87	3000.0	66.742	0.014983	4.5125	5.3640	21.192	40.328	76.827	2827.4	-0.0017922	9.7104e-05	0.14441	liquid
250.93	3000.0	66.729	0.014986	4.5175	5.3692	21.212	40.327	76.834	2826.3	-0.0017889	9.7037e-05	0.14435	liquid
251.00	3000.0	66.716	0.014989	4.5224	5.3743	21.233	40.326	76.841	2825.1	-0.0017856	9.6970e-05	0.14428	liquid
251.07	3000.0	66.703	0.014992	4.5274	5.3794	21.253	40.325	76.849	2824.0	-0.0017824	9.6904e-05	0.14422	liquid
251.13	3000.0	66.690	0.014995	4.5323	5.3845	21.274	40.324	76.856	2822.8	-0.0017791	9.6837e-05	0.14415	liquid
251.20	3000.0	66.677	0.014998	4.5373	5.3896	21.294	40.323	76.863	2821.7	-0.0017758	9.6771e-05	0.14409	liquid
251.27	3000.0	66.664	0.015001	4.5423	5.3948	21.314	40.321	76.871	2820.6	-0.0017725	9.6704e-05	0.14402	liquid
251.33	3000.0	66.651	0.015003	4.5472	5.3999	21.335	40.320	76.878	2819.4	-0.0017691	9.6638e-05	0.14396	liquid
251.40	3000.0	66.638	0.015006	4.5522	5.4050	21.355	40.319	76.886	2818.3	-0.0017658	9.6572e-05	0.14389	liquid
251.47	3000.0	66.625	0.015009	4.5571	5.4101	21.376	40.318	76.893	2817.2	-0.0017625	9.6506e-05	0.14383	liquid
251.53	3000.0	66.612	0.015012	4.5621	5.4153	21.396	40.317	76.900	2816.0	-0.0017592	9.6440e-05	0.14376	liquid
251.60	3000.0	66.599	0.015015	4.5670	5.4204	21.416	40.316	76.908	2814.9	-0.0017559	9.6374e-05	0.14370	liquid
251.67	3000.0	66.586	0.015018	4.5720	5.4255	21.437	40.315	76.915	2813.8	-0.0017525	9.6308e-05	0.14363	liquid
251.73	3000.0	66.573	0.015021	4.5770	5.4307	21.457	40.314	76.923	2812.6	-0.0017492	9.6242e-05	0.14357	liquid
251.80	3000.0	66.560	0.015024	4.5819	5.4358	21.477	40.312	76.930	2811.5	-0.0017459	9.6176e-05	0.14350	liquid
251.87	3000.0	66.547	0.015027	4.5869	5.4409	21.498	40.311	76.937	2810.4	-0.0017425	9.6110e-05	0.14344	liquid
251.93	3000.0	66.534	0.015030	4.5919	5.4460	21.518	40.310	76.945	2809.2	-0.0017392	9.6044e-05	0.14337	liquid
252.00	3000.0	66.521	0.015033	4.5968	5.4512	21.539	40.309	76.952	2808.1	-0.0017358	9.5979e-05	0.14330	liquid
252.07	3000.0	66.508	0.015036	4.6018	5.4563	21.559	40.308	76.960	2807.0	-0.0017325	9.5913e-05	0.14324	liquid
252.13	3000.0	66.495	0.015039	4.6067	5.4614	21.579	40.307	76.967	2805.8	-0.0017291	9.5847e-05	0.14317	liquid
252.20	3000.0	66.482	0.015042	4.6117	5.4666	21.600	40.306	76.975	2804.7	-0.0017257	9.5782e-05	0.14311	liquid
252.27	3000.0	66.469	0.015045	4.6167	5.4717	21.620	40.305	76.982	2803.5	-0.0017224	9.5717e-05	0.14304	liquid
252.33	3000.0	66.456	0.015047	4.6216	5.4768	21.640	40.304	76.990	2802.4	-0.0017190	9.5651e-05	0.14298	liquid
252.40	3000.0	66.443	0.015050	4.6266	5.4820	21.661	40.302	76.997	2801.3	-0.0017156	9.5586e-05	0.14291	liquid
252.47	3000.0	66.430	0.015053	4.6316	5.4871	21.681	40.301	77.005	2800.1	-0.0017122	9.5521e-05	0.14285	liquid
252.53	3000.0	66.417	0.015056	4.6365	5.4922	21.701	40.300	77.012	2799.0	-0.0017088	9.5456e-05	0.14278	liquid
252.60	3000.0	66.404	0.015059	4.6415	5.4974	21.722	40.299	77.020	2797.9	-0.0017055	9.5390e-05	0.14272	liquid
252.67	3000.0	66.391	0.015062	4.6465	5.5025	21.742	40.298	77.028	2796.7	-0.0017021	9.5325e-05	0.14265	liquid
252.73	3000.0	66.378	0.015065	4.6514	5.5076	21.762	40.297	77.035	2795.6	-0.0016987	9.5260e-05	0.14259	liquid
252.80	3000.0	66.365	0.015068	4.6564	5.5128	21.783	40.296	77.043	2794.5	-0.0016953	9.5196e-05	0.14252	liquid
252.87	3000.0	66.352	0.015071	4.6614	5.5179	21.803	40.295	77.050	2793.3	-0.0016919	9.5131e-05	0.14246	liquid
252.93	3000.0	66.339	0.015074	4.6663	5.5230	21.823	40.294	77.058	2792.2	-0.0016884	9.5066e-05	0.14239	liquid
253.00	3000.0	66.326	0.015077	4.6713	5.5282	21.844	40.293	77.065	2791.1	-0.0016850	9.5001e-05	0.14233	liquid
253.07	3000.0	66.313	0.015080	4.6763	5.5333	21.864	40.292	77.073	2789.9	-0.0016816	9.4936e-05	0.14226	liquid
253.13	3000.0	66.300	0.015083	4.6812	5.5385	21.884	40.290	77.081	2788.8	-0.0016782	9.4872e-05	0.14220	liquid
253.20	3000.0	66.287	0.015086	4.6862	5.5436	21.904	40.289	77.088	2787.7	-0.0016747	9.4807e-05	0.14213	liquid
253.27	3000.0	66.274	0.015089	4.6912	5.5487	21.925	40.288	77.096	2786.5	-0.0016713	9.4743e-05	0.14207	liquid
253.33	3000.0	66.261	0.015092	4.6962	5.5539	21.945	40.287	77.104	2785.4	-0.0016679	9.4678e-05	0.14200	liquid
253.40	3000.0	66.247	0.015095	4.7011	5.5590	21.965	40.286	77.111	2784.3	-0.0016644	9.4614e-05	0.14194	liquid
253.47	3000.0	66.234	0.015098	4.7061	5.5642	21.986	40.285	77.119	2783.1	-0.0016610	9.4550e-05	0.14187	liquid
253.53	3000.0	66.221	0.015101	4.7111	5.5693	22.006	40.284	77.127	2782.0	-0.0016575	9.4486e-05	0.14181	liquid
253.60	3000.0	66.208	0.015104	4.7160	5.5744	22.026	40.283	77.134	2780.9	-0.0016541	9.4421e-05	0.14175	liquid
253.67	3000.0	66.195	0.015107	4.7210	5.5796	22.046	40.282	77.142	2779.7	-0.0016506	9.4357e-05	0.14168	liquid
253.73	3000.0	66.182	0.015110	4.7260	5.5847	22.067	40.281	77.150	2778.6	-0.0016471	9.4293e-05	0.14162	liquid
253.80	3000.0	66.169	0.015113	4.7310	5.5899	22.087	40.280	77.158	2777.5	-0.0016437	9.4229e-05	0.14155	liquid
253.87	3000.0	66.156	0.015116	4.7359	5.5950	22.107	40.279	77.165	2776.4	-0.0016402	9.4165e-05	0.14149	liquid
253.93	3000.0	66.143	0.015119	4.7409	5.6002	22.128	40.278	77.173	2775.2	-0.0016367	9.4101e-05	0.14142	liquid
254.00	3000.0	66.130	0.015122	4.7459	5.6053	22.148	40.276	77.181	2774.1	-0.0016332	9.4038e-05	0.14136	liquid
254.07	3000.0	66.116	0.015125	4.7509	5.6104	22.168	40.275	77.189	2773.0	-0.0016297	9.3974e-05	0.14129	liquid
254.13	3000.0	66.103	0.015128	4.7558	5.6156	22.188	40.274	77.196	2771.8	-0.0016262	9.3910e-05	0.14123	liquid
254.20	3000.0	66.090	0.015131	4.7608	5.6207	22.209	40.273	77.204	2770.7	-0.0016227	9.3846e-05	0.14116	liquid
254.27	3000.0	66.077	0.015134	4.7658	5.6259	22.229	40.272	77.212	2769.6	-0.0016192	9.3783e-05	0.14110	liquid
254.33	3000.0	66.064	0.015137	4.7708	5.6310	22.249	40.271	77.220	2768.4	-0.0016157	9.3719e-05	0.14103	liquid
254.40	3000.0	66.051	0.015140	4.7757	5.6362	22.269	40.270	77.228	2767.3	-0.0016122	9.3656e-05	0.14097	liquid
254.47	3000.0	66.038	0.015143	4.7807	5.6413	22.289	40.269	77.235	2766.2	-0.0016087	9.3592e-05	0.14090	liquid
254.53	3000.0	66.025	0.015146	4.7857	5.6465	22.310	40.268	77.243	2765.0	-0.0016052	9.3529e-05	0.14084	liquid
254.60	3000.0	66.011	0.015149	4.7907	5.6516	22.330	40.267	77.251	2763.9	-0.0016017	9.3466e-05	0.14077	liquid
254.67	3000.0	65.998	0.015152	4.7957	5.6568	22.350	40.266	77.259	2762.8	-0.0015981	9.3403e-05	0.14071	liquid
254.73	3000.0	65.985	0.015155	4.8006	5.6619	22.370	40.265	77.267	2761.6	-0.0015946	9.3339e-05	0.14064	liquid
254.80	3000.0	65.972	0.015158	4.8056	5.6671	22.391	40.264	77.275	2760.5	-0.0015911	9.3276e-05	0.14058	liquid
254.87	3000.0	65.959	0.015161	4.8106	5.6722	22.411	40.263	77.283	2759.4	-0.0015875	9.3213e-05	0.14052	liquid
254.93	3000.0	65.946	0.015164	4.8156	5.6774	22.431	40.262	77.290	2758.2	-0.0015840	9.3150e-05	0.14045	liquid
255.00	3000.0	65.932	0.015167	4.8206	5.6825	22.451	40.261	77.298	2757.1	-0.0015804	9.3087e-05	0.14039	liquid
255.07	3000.0	65.919	0.015170	4.8255	5.6877	22.471	40.260	77.306	2756.0	-0.0015769	9.3025e-05	0.14032	liquid
255.13	3000.0	65.906	0.015173	4.8305	5.6929	22.492	40.259	77.314	2754.9	-0.0015733	9.2962e-05	0.14026	liquid
255.20	3000.0	65.893	0.015176	4.8355	5.6980	22.512	40.258	77.322	2753.7	-0.0015697	9.2899e-05	0.14019	liquid
255.27	3000.0	65.880	0.015179	4.8405	5.7032	22.532	40.257	77.330	2752.6	-0.0015662	9.2836e-05	0.14013	liquid
255.33	3000.0	65.867	0.015182	4.8455	5.7083	22.552	40.256	77.338	2751.5	-0.0015626	9.2774e-05	0.14006	liquid
255.40	3000.0	65.853	0.015185	4.8505	5.7135	22.572	40.255	77.346	2750.3	-0.0015590	9.2711e-05	0.14000	liquid
255.47	3000.0	65.840	0.015188	4.8554	5.7186	22.593	40.254	77.354	2749.2	-0.0015554	9.2649e-05	0.13993	liquid
255.53	3000.0	65.827	0.015191	4.8604	5.7238	22.613	40.253	77.362	2748.1	-0.0015518	9.2586e-05	0.13987	liquid
255.60	3000.0	65.814	0.015194	4.8654	5.7289	22.633	40.251	77.370	2746.9	-0.0015482	9.2524e-05	0.13981	liquid
255.67	3000.0	65.801	0.015197	4.8704	5.7341	22.653	40.250	77.378	2745.8	-0.0015446	9.2461e-05	0.13974	liquid
255.73	3000.0	65.787	0.015200	4.8754	5.7393	22.673	40.249	77.386	2744.7	-0.0015410	9.2399e-05	0.13968	liquid
255.80	3000.0	65.774	0.015204	4.8804	5.7444	22.694	40.248	77.394	2743.6	-0.0015374	9.2337e-05	0.13961	liquid
255.87	3000.0	65.761	0.015207	4.8853	5.7496	22.714	40.247	77.402	2742.4	-0.0015338	9.2275e-05	0.13955	liquid
255.93	3000.0	65.748	0.015210	4.8903	5.7547	22.734	40.246	77.410	2741.3	-0.0015302	9.2212e-05	0.13948	liquid
256.00	3000.0	65.735	0.015213	4.8953	5.7599	22.754	40.245	77.418	2740.2	-0.0015266	9.2150e-05	0.13942	liquid
256.07	3000.0	65.721	0.015216	4.9003	5.7651	22.774	40.244	77.426	2739.0	-0.0015229	9.2088e-05	0.13935	liquid
256.13	3000.0	65.708	0.015219	4.9053	5.7702	22.794	40.243	77.434	2737.9	-0.0015193	9.2026e-05	0.13929	liquid
256.20	3000.0	65.695	0.015222	4.9103	5.7754	22.815	40.242	77.442	2736.8	-0.0015157	9.1965e-05	0.13923	liquid
256.27	3000.0	65.682	0.015225	4.9153	5.7806	22.835	40.241	77.450	2735.6	-0.0015120	9.1903e-05	0.13916	liquid
256.33	3000.0	65.668	0.015228	4.9203	5.7857	22.855	40.240	77.459	2734.5	-0.0015084	9.1841e-05	0.13910	liquid
256.40	3000.0	65.655	0.015231	4.9253	5.7909	22.875	40.239	77.467	2733.4	-0.0015047	9.1779e-05	0.13903	liquid
256.47	3000.0	65.642	0.015234	4.9302	5.7960	22.895	40.238	77.475	2732.3	-0.0015011	9.1718e-05	0.13897	liquid
256.53	3000.0	65.629	0.015237	4.9352	5.8012	22.915	40.237	77.483	2731.1	-0.0014974	9.1656e-05	0.13890	liquid
256.60	3000.0	65.615	0.015240	4.9402	5.8064	22.935	40.236	77.491	2730.0	-0.0014938	9.1594e-05	0.13884	liquid
256.67	3000.0	65.602	0.015243	4.9452	5.8115	22.955	40.235	77.499	2728.9	-0.0014901	9.1533e-05	0.13878	liquid
256.73	3000.0	65.589	0.015246	4.9502	5.8167	22.976	40.234	77.507	2727.7	-0.0014864	9.1471e-05	0.13871	liquid
256.80	3000.0	65.576	0.015250	4.9552	5.8219	22.996	40.233	77.516	2726.6	-0.0014827	9.1410e-05	0.13865	liquid
256.87	3000.0	65.562	0.015253	4.9602	5.8270	23.016	40.232	77.524	2725.5	-0.0014791	9.1349e-05	0.13858	liquid
256.93	3000.0	65.549	0.015256	4.9652	5.8322	23.036	40.231	77.532	2724.4	-0.0014754	9.1287e-05	0.13852	liquid
257.00	3000.0	65.536	0.015259	4.9702	5.8374	23.056	40.230	77.540	2723.2	-0.0014717	9.1226e-05	0.13845	liquid
257.07	3000.0	65.523	0.015262	4.9752	5.8426	23.076	40.229	77.548	2722.1	-0.0014680	9.1165e-05	0.13839	liquid
257.13	3000.0	65.509	0.015265	4.9802	5.8477	23.096	40.228	77.557	2721.0	-0.0014643	9.1104e-05	0.13833	liquid
257.20	3000.0	65.496	0.015268	4.9852	5.8529	23.116	40.227	77.565	2719.8	-0.0014606	9.1043e-05	0.13826	liquid
257.27	3000.0	65.483	0.015271	4.9902	5.8581	23.137	40.226	77.573	2718.7	-0.0014568	9.0982e-05	0.13820	liquid
257.33	3000.0	65.469	0.015274	4.9952	5.8632	23.157	40.225	77.581	2717.6	-0.0014531	9.0921e-05	0.13813	liquid
257.40	3000.0	65.456	0.015277	5.0002	5.8684	23.177	40.224	77.590	2716.5	-0.0014494	9.0860e-05	0.13807	liquid
257.47	3000.0	65.443	0.015280	5.0051	5.8736	23.197	40.223	77.598	2715.3	-0.0014457	9.0799e-05	0.13801	liquid
257.53	3000.0	65.430	0.015284	5.0101	5.8788	23.217	40.223	77.606	2714.2	-0.0014419	9.0738e-05	0.13794	liquid
257.60	3000.0	65.416	0.015287	5.0151	5.8839	23.237	40.222	77.615	2713.1	-0.0014382	9.0678e-05	0.13788	liquid
257.67	3000.0	65.403	0.015290	5.0201	5.8891	23.257	40.221	77.623	2712.0	-0.0014345	9.0617e-05	0.13781	liquid
257.73	3000.0	65.390	0.015293	5.0251	5.8943	23.277	40.220	77.631	2710.8	-0.0014307	9.0556e-05	0.13775	liquid
257.80	3000.0	65.376	0.015296	5.0301	5.8995	23.297	40.219	77.640	2709.7	-0.0014270	9.0496e-05	0.13769	liquid
257.87	3000.0	65.363	0.015299	5.0351	5.9046	23.317	40.218	77.648	2708.6	-0.0014232	9.0435e-05	0.13762	liquid
257.93	3000.0	65.350	0.015302	5.0401	5.9098	23.337	40.217	77.656	2707.4	-0.0014195	9.0375e-05	0.13756	liquid
258.00	3000.0	65.336	0.015305	5.0451	5.9150	23.357	40.216	77.665	2706.3	-0.0014157	9.0315e-05	0.13749	liquid
258.07	3000.0	65.323	0.015309	5.0501	5.9202	23.378	40.215	77.673	2705.2	-0.0014119	9.0254e-05	0.13743	liquid
258.13	3000.0	65.310	0.015312	5.0551	5.9253	23.398	40.214	77.681	2704.1	-0.0014081	9.0194e-05	0.13736	liquid
258.20	3000.0	65.296	0.015315	5.0601	5.9305	23.418	40.213	77.690	2702.9	-0.0014044	9.0134e-05	0.13730	liquid
258.27	3000.0	65.283	0.015318	5.0651	5.9357	23.438	40.212	77.698	2701.8	-0.0014006	9.0073e-05	0.13724	liquid
258.33	3000.0	65.270	0.015321	5.0701	5.9409	23.458	40.211	77.707	2700.7	-0.0013968	9.0013e-05	0.13717	liquid
258.40	3000.0	65.256	0.015324	5.0751	5.9461	23.478	40.210	77.715	2699.6	-0.0013930	8.9953e-05	0.13711	liquid
258.47	3000.0	65.243	0.015327	5.0801	5.9512	23.498	40.209	77.724	2698.4	-0.0013892	8.9893e-05	0.13705	liquid
258.53	3000.0	65.230	0.015330	5.0852	5.9564	23.518	40.208	77.732	2697.3	-0.0013854	8.9833e-05	0.13698	liquid
258.60	3000.0	65.216	0.015334	5.0902	5.9616	23.538	40.207	77.740	2696.2	-0.0013816	8.9773e-05	0.13692	liquid
258.67	3000.0	65.203	0.015337	5.0952	5.9668	23.558	40.206	77.749	2695.1	-0.0013777	8.9713e-05	0.13685	liquid
258.73	3000.0	65.190	0.015340	5.1002	5.9720	23.578	40.205	77.757	2693.9	-0.0013739	8.9654e-05	0.13679	liquid
258.80	3000.0	65.176	0.015343	5.1052	5.9772	23.598	40.204	77.766	2692.8	-0.0013701	8.9594e-05	0.13673	liquid
258.87	3000.0	65.163	0.015346	5.1102	5.9823	23.618	40.203	77.774	2691.7	-0.0013663	8.9534e-05	0.13666	liquid
258.93	3000.0	65.149	0.015349	5.1152	5.9875	23.638	40.202	77.783	2690.5	-0.0013624	8.9475e-05	0.13660	liquid
259.00	3000.0	65.136	0.015352	5.1202	5.9927	23.658	40.201	77.791	2689.4	-0.0013586	8.9415e-05	0.13653	liquid
259.07	3000.0	65.123	0.015356	5.1252	5.9979	23.678	40.200	77.800	2688.3	-0.0013547	8.9355e-05	0.13647	liquid
259.13	3000.0	65.109	0.015359	5.1302	6.0031	23.698	40.200	77.809	2687.2	-0.0013509	8.9296e-05	0.13641	liquid
259.20	3000.0	65.096	0.015362	5.1352	6.0083	23.718	40.199	77.817	2686.0	-0.0013470	8.9236e-05	0.13634	liquid
259.27	3000.0	65.083	0.015365	5.1402	6.0135	23.738	40.198	77.826	2684.9	-0.0013432	8.9177e-05	0.13628	liquid
259.33	3000.0	65.069	0.015368	5.1452	6.0186	23.758	40.197	77.834	2683.8	-0.0013393	8.9118e-05	0.13622	liquid
259.40	3000.0	65.056	0.015371	5.1502	6.0238	23.778	40.196	77.843	2682.7	-0.0013354	8.9058e-05	0.13615	liquid
259.47	3000.0	65.042	0.015375	5.1552	6.0290	23.798	40.195	77.851	2681.5	-0.0013316	8.8999e-05	0.13609	liquid
259.53	3000.0	65.029	0.015378	5.1603	6.0342	23.818	40.194	77.860	2680.4	-0.0013277	8.8940e-05	0.13602	liquid
259.60	3000.0	65.016	0.015381	5.1653	6.0394	23.838	40.193	77.869	2679.3	-0.0013238	8.8881e-05	0.13596	liquid
259.67	3000.0	65.002	0.015384	5.1703	6.0446	23.858	40.192	77.877	2678.2	-0.0013199	8.8822e-05	0.13590	liquid
259.73	3000.0	64.989	0.015387	5.1753	6.0498	23.878	40.191	77.886	2677.0	-0.0013160	8.8763e-05	0.13583	liquid
259.80	3000.0	64.975	0.015390	5.1803	6.0550	23.898	40.190	77.895	2675.9	-0.0013121	8.8704e-05	0.13577	liquid
259.87	3000.0	64.962	0.015394	5.1853	6.0602	23.918	40.189	77.903	2674.8	-0.0013082	8.8645e-05	0.13571	liquid
259.93	3000.0	64.948	0.015397	5.1903	6.0654	23.938	40.188	77.912	2673.7	-0.0013043	8.8586e-05	0.13564	liquid
260.00	3000.0	64.935	0.015400	5.1953	6.0706	23.958	40.187	77.921	2672.5	-0.0013004	8.8527e-05	0.13558	liquid
260.07	3000.0	64.922	0.015403	5.2004	6.0758	23.978	40.187	77.929	2671.4	-0.0012964	8.8469e-05	0.13551	liquid
260.13	3000.0	64.908	0.015406	5.2054	6.0810	23.998	40.186	77.938	2670.3	-0.0012925	8.8410e-05	0.13545	liquid
260.20	3000.0	64.895	0.015410	5.2104	6.0862	24.018	40.185	77.947	2669.2	-0.0012886	8.8351e-05	0.13539	liquid
260.27	3000.0	64.881	0.015413	5.2154	6.0913	24.038	40.184	77.956	2668.0	-0.0012846	8.8293e-05	0.13532	liquid
260.33	3000.0	64.868	0.015416	5.2204	6.0965	24.058	40.183	77.964	2666.9	-0.0012807	8.8234e-05	0.13526	liquid
260.40	3000.0	64.854	0.015419	5.2254	6.1017	24.078	40.182	77.973	2665.8	-0.0012767	8.8175e-05	0.13520	liquid
260.47	3000.0	64.841	0.015422	5.2304	6.1069	24.098	40.181	77.982	2664.7	-0.0012728	8.8117e-05	0.13513	liquid
260.53	3000.0	64.827	0.015426	5.2355	6.1121	24.118	40.180	77.991	2663.6	-0.0012688	8.8059e-05	0.13507	liquid
260.60	3000.0	64.814	0.015429	5.2405	6.1173	24.138	40.179	77.999	2662.4	-0.0012649	8.8000e-05	0.13501	liquid
260.67	3000.0	64.800	0.015432	5.2455	6.1225	24.158	40.178	78.008	2661.3	-0.0012609	8.7942e-05	0.13494	liquid
260.73	3000.0	64.787	0.015435	5.2505	6.1277	24.178	40.177	78.017	2660.2	-0.0012569	8.7884e-05	0.13488	liquid
260.80	3000.0	64.773	0.015438	5.2555	6.1329	24.198	40.177	78.026	2659.1	-0.0012529	8.7825e-05	0.13482	liquid
260.87	3000.0	64.760	0.015442	5.2606	6.1381	24.218	40.176	78.035	2657.9	-0.0012490	8.7767e-05	0.13475	liquid
260.93	3000.0	64.746	0.015445	5.2656	6.1433	24.238	40.175	78.043	2656.8	-0.0012450	8.7709e-05	0.13469	liquid
261.00	3000.0	64.733	0.015448	5.2706	6.1486	24.258	40.174	78.052	2655.7	-0.0012410	8.7651e-05	0.13463	liquid
261.07	3000.0	64.719	0.015451	5.2756	6.1538	24.277	40.173	78.061	2654.6	-0.0012370	8.7593e-05	0.13456	liquid
261.13	3000.0	64.706	0.015455	5.2806	6.1590	24.297	40.172	78.070	2653.4	-0.0012330	8.7535e-05	0.13450	liquid
261.20	3000.0	64.692	0.015458	5.2857	6.1642	24.317	40.171	78.079	2652.3	-0.0012290	8.7477e-05	0.13444	liquid
261.27	3000.0	64.679	0.015461	5.2907	6.1694	24.337	40.170	78.088	2651.2	-0.0012249	8.7419e-05	0.13437	liquid
261.33	3000.0	64.665	0.015464	5.2957	6.1746	24.357	40.169	78.097	2650.1	-0.0012209	8.7362e-05	0.13431	liquid
261.40	3000.0	64.652	0.015467	5.3007	6.1798	24.377	40.169	78.106	2648.9	-0.0012169	8.7304e-05	0.13425	liquid
261.47	3000.0	64.638	0.015471	5.3058	6.1850	24.397	40.168	78.115	2647.8	-0.0012129	8.7246e-05	0.13418	liquid
261.53	3000.0	64.625	0.015474	5.3108	6.1902	24.417	40.167	78.123	2646.7	-0.0012088	8.7188e-05	0.13412	liquid
261.60	3000.0	64.611	0.015477	5.3158	6.1954	24.437	40.166	78.132	2645.6	-0.0012048	8.7131e-05	0.13406	liquid
261.67	3000.0	64.598	0.015480	5.3208	6.2006	24.457	40.165	78.141	2644.5	-0.0012007	8.7073e-05	0.13399	liquid
261.73	3000.0	64.584	0.015484	5.3258	6.2058	24.477	40.164	78.150	2643.3	-0.0011967	8.7016e-05	0.13393	liquid
261.80	3000.0	64.571	0.015487	5.3309	6.2110	24.497	40.163	78.159	2642.2	-0.0011926	8.6958e-05	0.13387	liquid
261.87	3000.0	64.557	0.015490	5.3359	6.2162	24.516	40.162	78.168	2641.1	-0.0011885	8.6901e-05	0.13380	liquid
261.93	3000.0	64.544	0.015493	5.3409	6.2215	24.536	40.162	78.177	2640.0	-0.0011845	8.6844e-05	0.13374	liquid
262.00	3000.0	64.530	0.015497	5.3460	6.2267	24.556	40.161	78.186	2638.8	-0.0011804	8.6786e-05	0.13368	liquid
262.07	3000.0	64.517	0.015500	5.3510	6.2319	24.576	40.160	78.195	2637.7	-0.0011763	8.6729e-05	0.13361	liquid
262.13	3000.0	64.503	0.015503	5.3560	6.2371	24.596	40.159	78.204	2636.6	-0.0011722	8.6672e-05	0.13355	liquid
262.20	3000.0	64.489	0.015506	5.3610	6.2423	24.616	40.158	78.213	2635.5	-0.0011681	8.6615e-05	0.13349	liquid
262.27	3000.0	64.476	0.015510	5.3661	6.2475	24.636	40.157	78.223	2634.4	-0.0011640	8.6558e-05	0.13342	liquid
262.33	3000.0	64.462	0.015513	5.3711	6.2527	24.656	40.156	78.232	2633.2	-0.0011599	8.6500e-05	0.13336	liquid
262.40	3000.0	64.449	0.015516	5.3761	6.2580	24.676	40.155	78.241	2632.1	-0.0011558	8.6443e-05	0.13330	liquid
262.47	3000.0	64.435	0.015519	5.3812	6.2632	24.695	40.155	78.250	2631.0	-0.0011517	8.6386e-05	0.13323	liquid
262.53	3000.0	64.422	0.015523	5.3862	6.2684	24.715	40.154	78.259	2629.9	-0.0011476	8.6330e-05	0.13317	liquid
262.60	3000.0	64.408	0.015526	5.3912	6.2736	24.735	40.153	78.268	2628.7	-0.0011435	8.6273e-05	0.13311	liquid
262.67	3000.0	64.394	0.015529	5.3963	6.2788	24.755	40.152	78.277	2627.6	-0.0011393	8.6216e-05	0.13304	liquid
262.73	3000.0	64.381	0.015533	5.4013	6.2840	24.775	40.151	78.286	2626.5	-0.0011352	8.6159e-05	0.13298	liquid
262.80	3000.0	64.367	0.015536	5.4063	6.2893	24.795	40.150	78.295	2625.4	-0.0011311	8.6102e-05	0.13292	liquid
262.87	3000.0	64.354	0.015539	5.4114	6.2945	24.815	40.149	78.305	2624.3	-0.0011269	8.6046e-05	0.13285	liquid
262.93	3000.0	64.340	0.015542	5.4164	6.2997	24.835	40.149	78.314	2623.1	-0.0011228	8.5989e-05	0.13279	liquid
263.00	3000.0	64.326	0.015546	5.4214	6.3049	24.854	40.148	78.323	2622.0	-0.0011186	8.5932e-05	0.13273	liquid
263.07	3000.0	64.313	0.015549	5.4265	6.3101	24.874	40.147	78.332	2620.9	-0.0011145	8.5876e-05	0.13267	liquid
263.13	3000.0	64.299	0.015552	5.4315	6.3154	24.894	40.146	78.341	2619.8	-0.0011103	8.5819e-05	0.13260	liquid
263.20	3000.0	64.286	0.015556	5.4365	6.3206	24.914	40.145	78.351	2618.7	-0.0011061	8.5763e-05	0.13254	liquid
263.27	3000.0	64.272	0.015559	5.4416	6.3258	24.934	40.144	78.360	2617.5	-0.0011019	8.5706e-05	0.13248	liquid
263.33	3000.0	64.258	0.015562	5.4466	6.3310	24.954	40.144	78.369	2616.4	-0.0010977	8.5650e-05	0.13241	liquid
263.40	3000.0	64.245	0.015565	5.4516	6.3363	24.973	40.143	78.378	2615.3	-0.0010936	8.5594e-05	0.13235	liquid
263.47	3000.0	64.231	0.015569	5.4567	6.3415	24.993	40.142	78.388	2614.2	-0.0010894	8.5538e-05	0.13229	liquid
263.53	3000.0	64.217	0.015572	5.4617	6.3467	25.013	40.141	78.397	2613.1	-0.0010852	8.5481e-05	0.13222	liquid
263.60	3000.0	64.204	0.015575	5.4668	6.3519	25.033	40.140	78.406	2611.9	-0.0010810	8.5425e-05	0.13216	liquid
263.67	3000.0	64.190	0.015579	5.4718	6.3572	25.053	40.139	78.415	2610.8	-0.0010767	8.5369e-05	0.13210	liquid
263.73	3000.0	64.176	0.015582	5.4768	6.3624	25.073	40.138	78.425	2609.7	-0.0010725	8.5313e-05	0.13204	liquid
263.80	3000.0	64.163	0.015585	5.4819	6.3676	25.092	40.138	78.434	2608.6	-0.0010683	8.5257e-05	0.13197	liquid
263.87	3000.0	64.149	0.015589	5.4869	6.3729	25.112	40.137	78.443	2607.5	-0.0010641	8.5201e-05	0.13191	liquid
263.93	3000.0	64.135	0.015592	5.4920	6.3781	25.132	40.136	78.453	2606.3	-0.0010598	8.5145e-05	0.13185	liquid
264.00	3000.0	64.122	0.015595	5.4970	6.3833	25.152	40.135	78.462	2605.2	-0.0010556	8.5089e-05	0.13178	liquid
264.07	3000.0	64.108	0.015599	5.5020	6.3885	25.172	40.134	78.471	2604.1	-0.0010513	8.5033e-05	0.13172	liquid
264.13	3000.0	64.094	0.015602	5.5071	6.3938	25.192	40.134	78.481	2603.0	-0.0010471	8.4978e-05	0.13166	liquid
264.20	3000.0	64.081	0.015605	5.5121	6.3990	25.211	40.133	78.490	2601.9	-0.0010428	8.4922e-05	0.13160	liquid
264.27	3000.0	64.067	0.015609	5.5172	6.4042	25.231	40.132	78.500	2600.7	-0.0010386	8.4866e-05	0.13153	liquid
264.33	3000.0	64.053	0.015612	5.5222	6.4095	25.251	40.131	78.509	2599.6	-0.0010343	8.4810e-05	0.13147	liquid
264.40	3000.0	64.040	0.015615	5.5273	6.4147	25.271	40.130	78.518	2598.5	-0.0010300	8.4755e-05	0.13141	liquid
264.47	3000.0	64.026	0.015619	5.5323	6.4199	25.291	40.129	78.528	2597.4	-0.0010257	8.4699e-05	0.13135	liquid
264.53	3000.0	64.012	0.015622	5.5373	6.4252	25.310	40.129	78.537	2596.3	-0.0010215	8.4644e-05	0.13128	liquid
264.60	3000.0	63.999	0.015625	5.5424	6.4304	25.330	40.128	78.547	2595.1	-0.0010172	8.4588e-05	0.13122	liquid
264.67	3000.0	63.985	0.015629	5.5474	6.4357	25.350	40.127	78.556	2594.0	-0.0010129	8.4533e-05	0.13116	liquid
264.73	3000.0	63.971	0.015632	5.5525	6.4409	25.370	40.126	78.566	2592.9	-0.0010086	8.4478e-05	0.13109	liquid
264.80	3000.0	63.957	0.015635	5.5575	6.4461	25.389	40.125	78.575	2591.8	-0.0010043	8.4422e-05	0.13103	liquid
264.87	3000.0	63.944	0.015639	5.5626	6.4514	25.409	40.125	78.585	2590.7	-0.00099994	8.4367e-05	0.13097	liquid
264.93	3000.0	63.930	0.015642	5.5676	6.4566	25.429	40.124	78.594	2589.5	-0.00099561	8.4312e-05	0.13091	liquid
265.00	3000.0	63.916	0.015645	5.5727	6.4619	25.449	40.123	78.604	2588.4	-0.00099129	8.4256e-05	0.13084	liquid
265.07	3000.0	63.903	0.015649	5.5777	6.4671	25.469	40.122	78.613	2587.3	-0.00098695	8.4201e-05	0.13078	liquid
265.13	3000.0	63.889	0.015652	5.5828	6.4723	25.488	40.121	78.623	2586.2	-0.00098262	8.4146e-05	0.13072	liquid
265.20	3000.0	63.875	0.015656	5.5878	6.4776	25.508	40.121	78.632	2585.1	-0.00097827	8.4091e-05	0.13066	liquid
265.27	3000.0	63.861	0.015659	5.5929	6.4828	25.528	40.120	78.642	2583.9	-0.00097392	8.4036e-05	0.13059	liquid
265.33	3000.0	63.848	0.015662	5.5979	6.4881	25.548	40.119	78.652	2582.8	-0.00096957	8.3981e-05	0.13053	liquid
265.40	3000.0	63.834	0.015666	5.6030	6.4933	25.567	40.118	78.661	2581.7	-0.00096520	8.3926e-05	0.13047	liquid
265.47	3000.0	63.820	0.015669	5.6080	6.4985	25.587	40.117	78.671	2580.6	-0.00096084	8.3871e-05	0.13041	liquid
265.53	3000.0	63.806	0.015672	5.6131	6.5038	25.607	40.117	78.680	2579.5	-0.00095646	8.3817e-05	0.13034	liquid
265.60	3000.0	63.793	0.015676	5.6181	6.5090	25.627	40.116	78.690	2578.4	-0.00095208	8.3762e-05	0.13028	liquid
265.67	3000.0	63.779	0.015679	5.6232	6.5143	25.646	40.115	78.700	2577.2	-0.00094770	8.3707e-05	0.13022	liquid
265.73	3000.0	63.765	0.015683	5.6282	6.5195	25.666	40.114	78.709	2576.1	-0.00094331	8.3652e-05	0.13016	liquid
265.80	3000.0	63.751	0.015686	5.6333	6.5248	25.686	40.113	78.719	2575.0	-0.00093891	8.3598e-05	0.13009	liquid
265.87	3000.0	63.737	0.015689	5.6384	6.5300	25.706	40.113	78.729	2573.9	-0.00093451	8.3543e-05	0.13003	liquid
265.93	3000.0	63.724	0.015693	5.6434	6.5353	25.725	40.112	78.738	2572.8	-0.00093010	8.3488e-05	0.12997	liquid
266.00	3000.0	63.710	0.015696	5.6485	6.5405	25.745	40.111	78.748	2571.6	-0.00092568	8.3434e-05	0.12991	liquid
266.07	3000.0	63.696	0.015700	5.6535	6.5458	25.765	40.110	78.758	2570.5	-0.00092126	8.3379e-05	0.12984	liquid
266.13	3000.0	63.682	0.015703	5.6586	6.5510	25.785	40.109	78.768	2569.4	-0.00091684	8.3325e-05	0.12978	liquid
266.20	3000.0	63.668	0.015706	5.6636	6.5563	25.804	40.109	78.777	2568.3	-0.00091241	8.3271e-05	0.12972	liquid
266.27	3000.0	63.655	0.015710	5.6687	6.5615	25.824	40.108	78.787	2567.2	-0.00090797	8.3216e-05	0.12966	liquid
266.33	3000.0	63.641	0.015713	5.6738	6.5668	25.844	40.107	78.797	2566.1	-0.00090352	8.3162e-05	0.12959	liquid
266.40	3000.0	63.627	0.015717	5.6788	6.5720	25.864	40.106	78.807	2564.9	-0.00089907	8.3108e-05	0.12953	liquid
266.47	3000.0	63.613	0.015720	5.6839	6.5773	25.883	40.106	78.816	2563.8	-0.00089462	8.3053e-05	0.12947	liquid
266.53	3000.0	63.599	0.015723	5.6889	6.5825	25.903	40.105	78.826	2562.7	-0.00089015	8.2999e-05	0.12941	liquid
266.60	3000.0	63.586	0.015727	5.6940	6.5878	25.923	40.104	78.836	2561.6	-0.00088569	8.2945e-05	0.12934	liquid
266.67	3000.0	63.572	0.015730	5.6991	6.5931	25.942	40.103	78.846	2560.5	-0.00088121	8.2891e-05	0.12928	liquid
266.73	3000.0	63.558	0.015734	5.7041	6.5983	25.962	40.103	78.856	2559.4	-0.00087673	8.2837e-05	0.12922	liquid
266.80	3000.0	63.544	0.015737	5.7092	6.6036	25.982	40.102	78.866	2558.2	-0.00087224	8.2783e-05	0.12916	liquid
266.87	3000.0	63.530	0.015741	5.7143	6.6088	26.002	40.101	78.875	2557.1	-0.00086775	8.2729e-05	0.12910	liquid
266.93	3000.0	63.516	0.015744	5.7193	6.6141	26.021	40.100	78.885	2556.0	-0.00086325	8.2675e-05	0.12903	liquid
267.00	3000.0	63.503	0.015747	5.7244	6.6193	26.041	40.099	78.895	2554.9	-0.00085875	8.2621e-05	0.12897	liquid
267.07	3000.0	63.489	0.015751	5.7294	6.6246	26.061	40.099	78.905	2553.8	-0.00085424	8.2567e-05	0.12891	liquid
267.13	3000.0	63.475	0.015754	5.7345	6.6299	26.080	40.098	78.915	2552.7	-0.00084972	8.2514e-05	0.12885	liquid
267.20	3000.0	63.461	0.015758	5.7396	6.6351	26.100	40.097	78.925	2551.5	-0.00084520	8.2460e-05	0.12878	liquid
267.27	3000.0	63.447	0.015761	5.7446	6.6404	26.120	40.096	78.935	2550.4	-0.00084067	8.2406e-05	0.12872	liquid
267.33	3000.0	63.433	0.015765	5.7497	6.6457	26.139	40.096	78.945	2549.3	-0.00083614	8.2353e-05	0.12866	liquid
267.40	3000.0	63.419	0.015768	5.7548	6.6509	26.159	40.095	78.955	2548.2	-0.00083159	8.2299e-05	0.12860	liquid
267.47	3000.0	63.405	0.015772	5.7598	6.6562	26.179	40.094	78.965	2547.1	-0.00082705	8.2245e-05	0.12854	liquid
267.53	3000.0	63.392	0.015775	5.7649	6.6614	26.198	40.093	78.975	2546.0	-0.00082249	8.2192e-05	0.12847	liquid
267.60	3000.0	63.378	0.015778	5.7700	6.6667	26.218	40.093	78.985	2544.8	-0.00081793	8.2138e-05	0.12841	liquid
267.67	3000.0	63.364	0.015782	5.7751	6.6720	26.238	40.092	78.995	2543.7	-0.00081337	8.2085e-05	0.12835	liquid
267.73	3000.0	63.350	0.015785	5.7801	6.6772	26.257	40.091	79.005	2542.6	-0.00080880	8.2031e-05	0.12829	liquid
267.80	3000.0	63.336	0.015789	5.7852	6.6825	26.277	40.090	79.015	2541.5	-0.00080422	8.1978e-05	0.12823	liquid
267.87	3000.0	63.322	0.015792	5.7903	6.6878	26.297	40.090	79.025	2540.4	-0.00079963	8.1925e-05	0.12816	liquid
267.93	3000.0	63.308	0.015796	5.7953	6.6930	26.316	40.089	79.035	2539.3	-0.00079504	8.1872e-05	0.12810	liquid
268.00	3000.0	63.294	0.015799	5.8004	6.6983	26.336	40.088	79.045	2538.1	-0.00079045	8.1818e-05	0.12804	liquid
268.07	3000.0	63.280	0.015803	5.8055	6.7036	26.356	40.088	79.055	2537.0	-0.00078584	8.1765e-05	0.12798	liquid
268.13	3000.0	63.266	0.015806	5.8106	6.7089	26.375	40.087	79.065	2535.9	-0.00078124	8.1712e-05	0.12792	liquid
268.20	3000.0	63.252	0.015810	5.8156	6.7141	26.395	40.086	79.075	2534.8	-0.00077662	8.1659e-05	0.12785	liquid
268.27	3000.0	63.238	0.015813	5.8207	6.7194	26.415	40.085	79.085	2533.7	-0.00077200	8.1606e-05	0.12779	liquid
268.33	3000.0	63.225	0.015817	5.8258	6.7247	26.434	40.085	79.095	2532.6	-0.00076737	8.1553e-05	0.12773	liquid
268.40	3000.0	63.211	0.015820	5.8308	6.7299	26.454	40.084	79.106	2531.5	-0.00076274	8.1500e-05	0.12767	liquid
268.47	3000.0	63.197	0.015824	5.8359	6.7352	26.474	40.083	79.116	2530.3	-0.00075810	8.1447e-05	0.12761	liquid
268.53	3000.0	63.183	0.015827	5.8410	6.7405	26.493	40.082	79.126	2529.2	-0.00075345	8.1394e-05	0.12754	liquid
268.60	3000.0	63.169	0.015831	5.8461	6.7458	26.513	40.082	79.136	2528.1	-0.00074880	8.1341e-05	0.12748	liquid
268.67	3000.0	63.155	0.015834	5.8512	6.7510	26.533	40.081	79.146	2527.0	-0.00074414	8.1288e-05	0.12742	liquid
268.73	3000.0	63.141	0.015838	5.8562	6.7563	26.552	40.080	79.156	2525.9	-0.00073947	8.1235e-05	0.12736	liquid
268.80	3000.0	63.127	0.015841	5.8613	6.7616	26.572	40.080	79.167	2524.8	-0.00073480	8.1183e-05	0.12730	liquid
268.87	3000.0	63.113	0.015845	5.8664	6.7669	26.592	40.079	79.177	2523.7	-0.00073012	8.1130e-05	0.12723	liquid
268.93	3000.0	63.099	0.015848	5.8715	6.7722	26.611	40.078	79.187	2522.5	-0.00072544	8.1077e-05	0.12717	liquid
269.00	3000.0	63.085	0.015852	5.8765	6.7774	26.631	40.077	79.197	2521.4	-0.00072075	8.1025e-05	0.12711	liquid
269.07	3000.0	63.071	0.015855	5.8816	6.7827	26.650	40.077	79.208	2520.3	-0.00071605	8.0972e-05	0.12705	liquid
269.13	3000.0	63.057	0.015859	5.8867	6.7880	26.670	40.076	79.218	2519.2	-0.00071135	8.0920e-05	0.12699	liquid
269.20	3000.0	63.043	0.015862	5.8918	6.7933	26.690	40.075	79.228	2518.1	-0.00070663	8.0867e-05	0.12693	liquid
269.27	3000.0	63.029	0.015866	5.8969	6.7986	26.709	40.075	79.239	2517.0	-0.00070192	8.0815e-05	0.12686	liquid
269.33	3000.0	63.015	0.015869	5.9020	6.8038	26.729	40.074	79.249	2515.9	-0.00069720	8.0762e-05	0.12680	liquid
269.40	3000.0	63.001	0.015873	5.9070	6.8091	26.749	40.073	79.259	2514.7	-0.00069247	8.0710e-05	0.12674	liquid
269.47	3000.0	62.987	0.015876	5.9121	6.8144	26.768	40.072	79.270	2513.6	-0.00068773	8.0658e-05	0.12668	liquid
269.53	3000.0	62.973	0.015880	5.9172	6.8197	26.788	40.072	79.280	2512.5	-0.00068299	8.0605e-05	0.12662	liquid
269.60	3000.0	62.959	0.015883	5.9223	6.8250	26.807	40.071	79.290	2511.4	-0.00067824	8.0553e-05	0.12656	liquid
269.67	3000.0	62.945	0.015887	5.9274	6.8303	26.827	40.070	79.301	2510.3	-0.00067348	8.0501e-05	0.12649	liquid
269.73	3000.0	62.931	0.015890	5.9325	6.8356	26.847	40.070	79.311	2509.2	-0.00066872	8.0449e-05	0.12643	liquid
269.80	3000.0	62.917	0.015894	5.9375	6.8408	26.866	40.069	79.321	2508.1	-0.00066395	8.0397e-05	0.12637	liquid
269.87	3000.0	62.903	0.015898	5.9426	6.8461	26.886	40.068	79.332	2506.9	-0.00065918	8.0344e-05	0.12631	liquid
269.93	3000.0	62.889	0.015901	5.9477	6.8514	26.905	40.068	79.342	2505.8	-0.00065440	8.0292e-05	0.12625	liquid
270.00	3000.0	62.875	0.015905	5.9528	6.8567	26.925	40.067	79.353	2504.7	-0.00064961	8.0240e-05	0.12619	liquid
270.07	3000.0	62.861	0.015908	5.9579	6.8620	26.945	40.066	79.363	2503.6	-0.00064482	8.0188e-05	0.12612	liquid
270.13	3000.0	62.847	0.015912	5.9630	6.8673	26.964	40.065	79.374	2502.5	-0.00064002	8.0137e-05	0.12606	liquid
270.20	3000.0	62.833	0.015915	5.9681	6.8726	26.984	40.065	79.384	2501.4	-0.00063521	8.0085e-05	0.12600	liquid
270.27	3000.0	62.818	0.015919	5.9732	6.8779	27.003	40.064	79.395	2500.3	-0.00063040	8.0033e-05	0.12594	liquid
270.33	3000.0	62.804	0.015922	5.9783	6.8832	27.023	40.063	79.405	2499.1	-0.00062558	7.9981e-05	0.12588	liquid
270.40	3000.0	62.790	0.015926	5.9833	6.8885	27.042	40.063	79.416	2498.0	-0.00062075	7.9929e-05	0.12582	liquid
270.47	3000.0	62.776	0.015930	5.9884	6.8938	27.062	40.062	79.426	2496.9	-0.00061591	7.9877e-05	0.12575	liquid
270.53	3000.0	62.762	0.015933	5.9935	6.8991	27.082	40.061	79.437	2495.8	-0.00061107	7.9826e-05	0.12569	liquid
270.60	3000.0	62.748	0.015937	5.9986	6.9044	27.101	40.061	79.447	2494.7	-0.00060623	7.9774e-05	0.12563	liquid
270.67	3000.0	62.734	0.015940	6.0037	6.9097	27.121	40.060	79.458	2493.6	-0.00060137	7.9723e-05	0.12557	liquid
270.73	3000.0	62.720	0.015944	6.0088	6.9149	27.140	40.059	79.468	2492.5	-0.00059651	7.9671e-05	0.12551	liquid
270.80	3000.0	62.706	0.015947	6.0139	6.9202	27.160	40.059	79.479	2491.4	-0.00059165	7.9619e-05	0.12545	liquid
270.87	3000.0	62.692	0.015951	6.0190	6.9255	27.179	40.058	79.490	2490.2	-0.00058677	7.9568e-05	0.12539	liquid
270.93	3000.0	62.678	0.015955	6.0241	6.9308	27.199	40.057	79.500	2489.1	-0.00058189	7.9516e-05	0.12532	liquid
271.00	3000.0	62.663	0.015958	6.0292	6.9361	27.219	40.057	79.511	2488.0	-0.00057701	7.9465e-05	0.12526	liquid
271.07	3000.0	62.649	0.015962	6.0343	6.9414	27.238	40.056	79.522	2486.9	-0.00057211	7.9414e-05	0.12520	liquid
271.13	3000.0	62.635	0.015965	6.0394	6.9467	27.258	40.055	79.532	2485.8	-0.00056721	7.9362e-05	0.12514	liquid
271.20	3000.0	62.621	0.015969	6.0445	6.9521	27.277	40.055	79.543	2484.7	-0.00056231	7.9311e-05	0.12508	liquid
271.27	3000.0	62.607	0.015973	6.0496	6.9574	27.297	40.054	79.554	2483.6	-0.00055739	7.9260e-05	0.12502	liquid
271.33	3000.0	62.593	0.015976	6.0547	6.9627	27.316	40.053	79.564	2482.5	-0.00055247	7.9209e-05	0.12496	liquid
271.40	3000.0	62.579	0.015980	6.0598	6.9680	27.336	40.053	79.575	2481.4	-0.00054755	7.9157e-05	0.12490	liquid
271.47	3000.0	62.565	0.015983	6.0649	6.9733	27.355	40.052	79.586	2480.2	-0.00054261	7.9106e-05	0.12483	liquid
271.53	3000.0	62.550	0.015987	6.0700	6.9786	27.375	40.051	79.596	2479.1	-0.00053767	7.9055e-05	0.12477	liquid
271.60	3000.0	62.536	0.015991	6.0751	6.9839	27.395	40.051	79.607	2478.0	-0.00053273	7.9004e-05	0.12471	liquid
271.67	3000.0	62.522	0.015994	6.0802	6.9892	27.414	40.050	79.618	2476.9	-0.00052777	7.8953e-05	0.12465	liquid
271.73	3000.0	62.508	0.015998	6.0853	6.9945	27.434	40.049	79.629	2475.8	-0.00052281	7.8902e-05	0.12459	liquid
271.80	3000.0	62.494	0.016002	6.0904	6.9998	27.453	40.049	79.639	2474.7	-0.00051784	7.8851e-05	0.12453	liquid
271.87	3000.0	62.480	0.016005	6.0955	7.0051	27.473	40.048	79.650	2473.6	-0.00051287	7.8800e-05	0.12447	liquid
271.93	3000.0	62.465	0.016009	6.1006	7.0104	27.492	40.047	79.661	2472.5	-0.00050789	7.8749e-05	0.12441	liquid
272.00	3000.0	62.451	0.016012	6.1057	7.0157	27.512	40.047	79.672	2471.3	-0.00050290	7.8698e-05	0.12434	liquid
272.07	3000.0	62.437	0.016016	6.1108	7.0210	27.531	40.046	79.683	2470.2	-0.00049790	7.8648e-05	0.12428	liquid
272.13	3000.0	62.423	0.016020	6.1159	7.0264	27.551	40.045	79.694	2469.1	-0.00049290	7.8597e-05	0.12422	liquid
272.20	3000.0	62.409	0.016023	6.1210	7.0317	27.570	40.045	79.705	2468.0	-0.00048789	7.8546e-05	0.12416	liquid
272.27	3000.0	62.394	0.016027	6.1261	7.0370	27.590	40.044	79.715	2466.9	-0.00048288	7.8495e-05	0.12410	liquid
272.33	3000.0	62.380	0.016031	6.1312	7.0423	27.609	40.043	79.726	2465.8	-0.00047785	7.8445e-05	0.12404	liquid
272.40	3000.0	62.366	0.016034	6.1363	7.0476	27.629	40.043	79.737	2464.7	-0.00047282	7.8394e-05	0.12398	liquid
272.47	3000.0	62.352	0.016038	6.1415	7.0529	27.648	40.042	79.748	2463.6	-0.00046779	7.8344e-05	0.12392	liquid
272.53	3000.0	62.338	0.016042	6.1466	7.0583	27.668	40.042	79.759	2462.5	-0.00046274	7.8293e-05	0.12386	liquid
272.60	3000.0	62.323	0.016045	6.1517	7.0636	27.687	40.041	79.770	2461.3	-0.00045769	7.8243e-05	0.12379	liquid
272.67	3000.0	62.309	0.016049	6.1568	7.0689	27.707	40.040	79.781	2460.2	-0.00045264	7.8192e-05	0.12373	liquid
272.73	3000.0	62.295	0.016053	6.1619	7.0742	27.726	40.040	79.792	2459.1	-0.00044757	7.8142e-05	0.12367	liquid
272.80	3000.0	62.281	0.016056	6.1670	7.0795	27.746	40.039	79.803	2458.0	-0.00044250	7.8091e-05	0.12361	liquid
272.87	3000.0	62.266	0.016060	6.1721	7.0848	27.765	40.038	79.814	2456.9	-0.00043742	7.8041e-05	0.12355	liquid
272.93	3000.0	62.252	0.016064	6.1772	7.0902	27.785	40.038	79.825	2455.8	-0.00043234	7.7991e-05	0.12349	liquid
273.00	3000.0	62.238	0.016067	6.1823	7.0955	27.804	40.037	79.836	2454.7	-0.00042724	7.7940e-05	0.12343	liquid
273.07	3000.0	62.224	0.016071	6.1875	7.1008	27.824	40.036	79.847	2453.6	-0.00042215	7.7890e-05	0.12337	liquid
273.13	3000.0	62.209	0.016075	6.1926	7.1061	27.843	40.036	79.858	2452.5	-0.00041704	7.7840e-05	0.12331	liquid
273.20	3000.0	62.195	0.016078	6.1977	7.1115	27.863	40.035	79.869	2451.4	-0.00041193	7.7790e-05	0.12325	liquid
273.27	3000.0	62.181	0.016082	6.2028	7.1168	27.882	40.035	79.880	2450.2	-0.00040680	7.7740e-05	0.12319	liquid
273.33	3000.0	62.167	0.016086	6.2079	7.1221	27.902	40.034	79.891	2449.1	-0.00040168	7.7690e-05	0.12312	liquid
273.40	3000.0	62.152	0.016089	6.2130	7.1274	27.921	40.033	79.902	2448.0	-0.00039654	7.7639e-05	0.12306	liquid
273.47	3000.0	62.138	0.016093	6.2181	7.1328	27.941	40.033	79.914	2446.9	-0.00039140	7.7589e-05	0.12300	liquid
273.53	3000.0	62.124	0.016097	6.2233	7.1381	27.960	40.032	79.925	2445.8	-0.00038625	7.7539e-05	0.12294	liquid
273.60	3000.0	62.109	0.016101	6.2284	7.1434	27.980	40.032	79.936	2444.7	-0.00038110	7.7489e-05	0.12288	liquid
273.67	3000.0	62.095	0.016104	6.2335	7.1488	27.999	40.031	79.947	2443.6	-0.00037593	7.7440e-05	0.12282	liquid
273.73	3000.0	62.081	0.016108	6.2386	7.1541	28.019	40.030	79.958	2442.5	-0.00037076	7.7390e-05	0.12276	liquid
273.80	3000.0	62.067	0.016112	6.2437	7.1594	28.038	40.030	79.969	2441.4	-0.00036558	7.7340e-05	0.12270	liquid
273.87	3000.0	62.052	0.016115	6.2489	7.1647	28.058	40.029	79.981	2440.3	-0.00036040	7.7290e-05	0.12264	liquid
273.93	3000.0	62.038	0.016119	6.2540	7.1701	28.077	40.028	79.992	2439.1	-0.00035521	7.7240e-05	0.12258	liquid
274.00	3000.0	62.024	0.016123	6.2591	7.1754	28.097	40.028	80.003	2438.0	-0.00035001	7.7191e-05	0.12252	liquid
274.07	3000.0	62.009	0.016127	6.2642	7.1807	28.116	40.027	80.014	2436.9	-0.00034480	7.7141e-05	0.12246	liquid
274.13	3000.0	61.995	0.016130	6.2693	7.1861	28.136	40.027	80.026	2435.8	-0.00033959	7.7091e-05	0.12239	liquid
274.20	3000.0	61.981	0.016134	6.2745	7.1914	28.155	40.026	80.037	2434.7	-0.00033437	7.7042e-05	0.12233	liquid
274.27	3000.0	61.966	0.016138	6.2796	7.1968	28.174	40.025	80.048	2433.6	-0.00032914	7.6992e-05	0.12227	liquid
274.33	3000.0	61.952	0.016142	6.2847	7.2021	28.194	40.025	80.059	2432.5	-0.00032390	7.6942e-05	0.12221	liquid
274.40	3000.0	61.938	0.016145	6.2898	7.2074	28.213	40.024	80.071	2431.4	-0.00031866	7.6893e-05	0.12215	liquid
274.47	3000.0	61.923	0.016149	6.2950	7.2128	28.233	40.024	80.082	2430.3	-0.00031341	7.6843e-05	0.12209	liquid
274.53	3000.0	61.909	0.016153	6.3001	7.2181	28.252	40.023	80.093	2429.2	-0.00030815	7.6794e-05	0.12203	liquid
274.60	3000.0	61.895	0.016157	6.3052	7.2234	28.272	40.022	80.105	2428.1	-0.00030289	7.6745e-05	0.12197	liquid
274.67	3000.0	61.880	0.016160	6.3104	7.2288	28.291	40.022	80.116	2426.9	-0.00029762	7.6695e-05	0.12191	liquid
274.73	3000.0	61.866	0.016164	6.3155	7.2341	28.311	40.021	80.127	2425.8	-0.00029234	7.6646e-05	0.12185	liquid
274.80	3000.0	61.851	0.016168	6.3206	7.2395	28.330	40.021	80.139	2424.7	-0.00028705	7.6597e-05	0.12179	liquid
274.87	3000.0	61.837	0.016172	6.3257	7.2448	28.350	40.020	80.150	2423.6	-0.00028176	7.6547e-05	0.12173	liquid
274.93	3000.0	61.823	0.016175	6.3309	7.2502	28.369	40.020	80.162	2422.5	-0.00027646	7.6498e-05	0.12167	liquid
275.00	3000.0	61.808	0.016179	6.3360	7.2555	28.388	40.019	80.173	2421.4	-0.00027115	7.6449e-05	0.12161	liquid
275.07	3000.0	61.794	0.016183	6.3411	7.2608	28.408	40.018	80.185	2420.3	-0.00026583	7.6400e-05	0.12155	liquid
275.13	3000.0	61.779	0.016187	6.3463	7.2662	28.427	40.018	80.196	2419.2	-0.00026051	7.6351e-05	0.12149	liquid
275.20	3000.0	61.765	0.016190	6.3514	7.2715	28.447	40.017	80.208	2418.1	-0.00025518	7.6302e-05	0.12143	liquid
275.27	3000.0	61.751	0.016194	6.3565	7.2769	28.466	40.017	80.219	2417.0	-0.00024984	7.6253e-05	0.12137	liquid
275.33	3000.0	61.736	0.016198	6.3617	7.2822	28.486	40.016	80.231	2415.9	-0.00024449	7.6203e-05	0.12131	liquid
275.40	3000.0	61.722	0.016202	6.3668	7.2876	28.505	40.015	80.242	2414.8	-0.00023914	7.6155e-05	0.12124	liquid
275.47	3000.0	61.707	0.016206	6.3719	7.2929	28.524	40.015	80.254	2413.7	-0.00023378	7.6106e-05	0.12118	liquid
275.53	3000.0	61.693	0.016209	6.3771	7.2983	28.544	40.014	80.265	2412.5	-0.00022841	7.6057e-05	0.12112	liquid
275.60	3000.0	61.679	0.016213	6.3822	7.3036	28.563	40.014	80.277	2411.4	-0.00022304	7.6008e-05	0.12106	liquid
275.67	3000.0	61.664	0.016217	6.3873	7.3090	28.583	40.013	80.288	2410.3	-0.00021765	7.5959e-05	0.12100	liquid
275.73	3000.0	61.650	0.016221	6.3925	7.3143	28.602	40.013	80.300	2409.2	-0.00021226	7.5910e-05	0.12094	liquid
275.80	3000.0	61.635	0.016224	6.3976	7.3197	28.621	40.012	80.311	2408.1	-0.00020686	7.5861e-05	0.12088	liquid
275.87	3000.0	61.621	0.016228	6.4027	7.3250	28.641	40.011	80.323	2407.0	-0.00020146	7.5813e-05	0.12082	liquid
275.93	3000.0	61.606	0.016232	6.4079	7.3304	28.660	40.011	80.335	2405.9	-0.00019605	7.5764e-05	0.12076	liquid
276.00	3000.0	61.592	0.016236	6.4130	7.3358	28.680	40.010	80.346	2404.8	-0.00019062	7.5715e-05	0.12070	liquid
276.07	3000.0	61.577	0.016240	6.4182	7.3411	28.699	40.010	80.358	2403.7	-0.00018520	7.5667e-05	0.12064	liquid
276.13	3000.0	61.563	0.016244	6.4233	7.3465	28.719	40.009	80.370	2402.6	-0.00017976	7.5618e-05	0.12058	liquid
276.20	3000.0	61.548	0.016247	6.4284	7.3518	28.738	40.009	80.381	2401.5	-0.00017432	7.5569e-05	0.12052	liquid
276.27	3000.0	61.534	0.016251	6.4336	7.3572	28.757	40.008	80.393	2400.4	-0.00016887	7.5521e-05	0.12046	liquid
276.33	3000.0	61.519	0.016255	6.4387	7.3625	28.777	40.008	80.405	2399.3	-0.00016341	7.5472e-05	0.12040	liquid
276.40	3000.0	61.505	0.016259	6.4439	7.3679	28.796	40.007	80.417	2398.1	-0.00015794	7.5424e-05	0.12034	liquid
276.47	3000.0	61.490	0.016263	6.4490	7.3733	28.816	40.006	80.428	2397.0	-0.00015247	7.5375e-05	0.12028	liquid
276.53	3000.0	61.476	0.016267	6.4542	7.3786	28.835	40.006	80.440	2395.9	-0.00014698	7.5327e-05	0.12022	liquid
276.60	3000.0	61.461	0.016270	6.4593	7.3840	28.854	40.005	80.452	2394.8	-0.00014149	7.5279e-05	0.12016	liquid
276.67	3000.0	61.447	0.016274	6.4645	7.3894	28.874	40.005	80.464	2393.7	-0.00013600	7.5230e-05	0.12010	liquid
276.73	3000.0	61.432	0.016278	6.4696	7.3947	28.893	40.004	80.475	2392.6	-0.00013049	7.5182e-05	0.12004	liquid
276.80	3000.0	61.418	0.016282	6.4747	7.4001	28.912	40.004	80.487	2391.5	-0.00012498	7.5134e-05	0.11998	liquid
276.87	3000.0	61.403	0.016286	6.4799	7.4055	28.932	40.003	80.499	2390.4	-0.00011946	7.5086e-05	0.11992	liquid
276.93	3000.0	61.389	0.016290	6.4850	7.4108	28.951	40.003	80.511	2389.3	-0.00011393	7.5037e-05	0.11986	liquid
277.00	3000.0	61.374	0.016293	6.4902	7.4162	28.971	40.002	80.523	2388.2	-0.00010839	7.4989e-05	0.11980	liquid
277.07	3000.0	61.360	0.016297	6.4953	7.4216	28.990	40.002	80.535	2387.1	-0.00010285	7.4941e-05	0.11974	liquid
277.13	3000.0	61.345	0.016301	6.5005	7.4269	29.009	40.001	80.547	2386.0	-9.7297e-05	7.4893e-05	0.11968	liquid
277.20	3000.0	61.331	0.016305	6.5056	7.4323	29.029	40.000	80.558	2384.9	-9.1737e-05	7.4845e-05	0.11962	liquid
277.27	3000.0	61.316	0.016309	6.5108	7.4377	29.048	40.000	80.570	2383.8	-8.6170e-05	7.4797e-05	0.11956	liquid
277.33	3000.0	61.302	0.016313	6.5159	7.4430	29.068	39.999	80.582	2382.7	-8.0595e-05	7.4749e-05	0.11950	liquid
277.40	3000.0	61.287	0.016317	6.5211	7.4484	29.087	39.999	80.594	2381.6	-7.5012e-05	7.4701e-05	0.11944	liquid
277.47	3000.0	61.272	0.016321	6.5262	7.4538	29.106	39.998	80.606	2380.4	-6.9421e-05	7.4653e-05	0.11938	liquid
277.53	3000.0	61.258	0.016324	6.5314	7.4592	29.126	39.998	80.618	2379.3	-6.3822e-05	7.4605e-05	0.11932	liquid
277.60	3000.0	61.243	0.016328	6.5366	7.4645	29.145	39.997	80.630	2378.2	-5.8215e-05	7.4557e-05	0.11926	liquid
277.67	3000.0	61.229	0.016332	6.5417	7.4699	29.164	39.997	80.642	2377.1	-5.2600e-05	7.4509e-05	0.11920	liquid
277.73	3000.0	61.214	0.016336	6.5469	7.4753	29.184	39.996	80.654	2376.0	-4.6978e-05	7.4462e-05	0.11914	liquid
277.80	3000.0	61.199	0.016340	6.5520	7.4807	29.203	39.996	80.666	2374.9	-4.1347e-05	7.4414e-05	0.11908	liquid
277.87	3000.0	61.185	0.016344	6.5572	7.4860	29.222	39.995	80.678	2373.8	-3.5709e-05	7.4366e-05	0.11902	liquid
277.93	3000.0	61.170	0.016348	6.5623	7.4914	29.242	39.995	80.690	2372.7	-3.0063e-05	7.4318e-05	0.11896	liquid
278.00	3000.0	61.156	0.016352	6.5675	7.4968	29.261	39.994	80.702	2371.6	-2.4408e-05	7.4271e-05	0.11890	liquid
278.07	3000.0	61.141	0.016356	6.5726	7.5022	29.280	39.994	80.715	2370.5	-1.8746e-05	7.4223e-05	0.11884	liquid
278.13	3000.0	61.126	0.016360	6.5778	7.5076	29.300	39.993	80.727	2369.4	-1.3075e-05	7.4175e-05	0.11878	liquid
278.20	3000.0	61.112	0.016363	6.5830	7.5129	29.319	39.993	80.739	2368.3	-7.3969e-06	7.4128e-05	0.11872	liquid
278.27	3000.0	61.097	0.016367	6.5881	7.5183	29.339	39.992	80.751	2367.2	-1.7105e-06	7.4080e-05	0.11866	liquid
278.33	3000.0	61.083	0.016371	6.5933	7.5237	29.358	39.992	80.763	2366.1	3.9840e-06	7.4033e-05	0.11860	liquid
278.40	3000.0	61.068	0.016375	6.5985	7.5291	29.377	39.991	80.775	2365.0	9.6866e-06	7.3985e-05	0.11854	liquid
278.47	3000.0	61.053	0.016379	6.6036	7.5345	29.397	39.990	80.787	2363.9	1.5397e-05	7.3938e-05	0.11848	liquid
278.53	3000.0	61.039	0.016383	6.6088	7.5399	29.416	39.990	80.800	2362.8	2.1116e-05	7.3891e-05	0.11842	liquid
278.60	3000.0	61.024	0.016387	6.6139	7.5453	29.435	39.989	80.812	2361.7	2.6843e-05	7.3843e-05	0.11836	liquid
278.67	3000.0	61.009	0.016391	6.6191	7.5506	29.455	39.989	80.824	2360.6	3.2578e-05	7.3796e-05	0.11830	liquid
278.73	3000.0	60.995	0.016395	6.6243	7.5560	29.474	39.988	80.836	2359.4	3.8321e-05	7.3749e-05	0.11824	liquid
278.80	3000.0	60.980	0.016399	6.6294	7.5614	29.493	39.988	80.849	2358.3	4.4072e-05	7.3701e-05	0.11818	liquid
278.87	3000.0	60.965	0.016403	6.6346	7.5668	29.513	39.987	80.861	2357.2	4.9831e-05	7.3654e-05	0.11812	liquid
278.93	3000.0	60.951	0.016407	6.6398	7.5722	29.532	39.987	80.873	2356.1	5.5599e-05	7.3607e-05	0.11806	liquid
279.00	3000.0	60.936	0.016411	6.6449	7.5776	29.551	39.986	80.885	2355.0	6.1375e-05	7.3560e-05	0.11801	liquid
279.07	3000.0	60.921	0.016415	6.6501	7.5830	29.571	39.986	80.898	2353.9	6.7159e-05	7.3512e-05	0.11795	liquid
279.13	3000.0	60.906	0.016419	6.6553	7.5884	29.590	39.985	80.910	2352.8	7.2951e-05	7.3465e-05	0.11789	liquid
279.20	3000.0	60.892	0.016423	6.6604	7.5938	29.609	39.985	80.922	2351.7	7.8751e-05	7.3418e-05	0.11783	liquid
279.27	3000.0	60.877	0.016427	6.6656	7.5992	29.629	39.984	80.935	2350.6	8.4560e-05	7.3371e-05	0.11777	liquid
279.33	3000.0	60.862	0.016431	6.6708	7.6046	29.648	39.984	80.947	2349.5	9.0377e-05	7.3324e-05	0.11771	liquid
279.40	3000.0	60.848	0.016434	6.6759	7.6100	29.667	39.984	80.960	2348.4	9.6202e-05	7.3277e-05	0.11765	liquid
279.47	3000.0	60.833	0.016438	6.6811	7.6154	29.686	39.983	80.972	2347.3	0.00010204	7.3230e-05	0.11759	liquid
279.53	3000.0	60.818	0.016442	6.6863	7.6208	29.706	39.983	80.984	2346.2	0.00010788	7.3183e-05	0.11753	liquid
279.60	3000.0	60.803	0.016446	6.6915	7.6262	29.725	39.982	80.997	2345.1	0.00011373	7.3136e-05	0.11747	liquid
279.67	3000.0	60.789	0.016450	6.6966	7.6316	29.744	39.982	81.009	2344.0	0.00011959	7.3089e-05	0.11741	liquid
279.73	3000.0	60.774	0.016454	6.7018	7.6370	29.764	39.981	81.022	2342.9	0.00012545	7.3043e-05	0.11735	liquid
279.80	3000.0	60.759	0.016458	6.7070	7.6424	29.783	39.981	81.034	2341.8	0.00013133	7.2996e-05	0.11729	liquid
279.87	3000.0	60.744	0.016462	6.7122	7.6478	29.802	39.980	81.047	2340.7	0.00013721	7.2949e-05	0.11723	liquid
279.93	3000.0	60.730	0.016466	6.7173	7.6532	29.822	39.980	81.059	2339.6	0.00014310	7.2902e-05	0.11717	liquid
280.00	3000.0	60.715	0.016470	6.7225	7.6586	29.841	39.979	81.072	2338.5	0.00014900	7.2856e-05	0.11711	liquid
280.07	3000.0	60.700	0.016474	6.7277	7.6640	29.860	39.979	81.084	2337.4	0.00015491	7.2809e-05	0.11705	liquid
280.13	3000.0	60.685	0.016478	6.7329	7.6694	29.880	39.978	81.097	2336.3	0.00016083	7.2762e-05	0.11699	liquid
280.20	3000.0	60.671	0.016482	6.7381	7.6748	29.899	39.978	81.109	2335.2	0.00016675	7.2716e-05	0.11694	liquid
280.27	3000.0	60.656	0.016486	6.7432	7.6802	29.918	39.977	81.122	2334.1	0.00017269	7.2669e-05	0.11688	liquid
280.33	3000.0	60.641	0.016490	6.7484	7.6856	29.937	39.977	81.135	2333.0	0.00017863	7.2623e-05	0.11682	liquid
280.40	3000.0	60.626	0.016495	6.7536	7.6910	29.957	39.976	81.147	2331.9	0.00018458	7.2576e-05	0.11676	liquid
280.47	3000.0	60.611	0.016499	6.7588	7.6964	29.976	39.976	81.160	2330.8	0.00019054	7.2529e-05	0.11670	liquid
280.53	3000.0	60.597	0.016503	6.7640	7.7018	29.995	39.975	81.173	2329.6	0.00019651	7.2483e-05	0.11664	liquid
280.60	3000.0	60.582	0.016507	6.7691	7.7073	30.015	39.975	81.185	2328.5	0.00020249	7.2437e-05	0.11658	liquid
280.67	3000.0	60.567	0.016511	6.7743	7.7127	30.034	39.974	81.198	2327.4	0.00020847	7.2390e-05	0.11652	liquid
280.73	3000.0	60.552	0.016515	6.7795	7.7181	30.053	39.974	81.211	2326.3	0.00021447	7.2344e-05	0.11646	liquid
280.80	3000.0	60.537	0.016519	6.7847	7.7235	30.072	39.974	81.223	2325.2	0.00022047	7.2297e-05	0.11640	liquid
280.87	3000.0	60.523	0.016523	6.7899	7.7289	30.092	39.973	81.236	2324.1	0.00022648	7.2251e-05	0.11634	liquid
280.93	3000.0	60.508	0.016527	6.7951	7.7343	30.111	39.973	81.249	2323.0	0.00023250	7.2205e-05	0.11628	liquid
281.00	3000.0	60.493	0.016531	6.8002	7.7397	30.130	39.972	81.262	2321.9	0.00023853	7.2159e-05	0.11623	liquid
281.07	3000.0	60.478	0.016535	6.8054	7.7452	30.150	39.972	81.274	2320.8	0.00024456	7.2112e-05	0.11617	liquid
281.13	3000.0	60.463	0.016539	6.8106	7.7506	30.169	39.971	81.287	2319.7	0.00025061	7.2066e-05	0.11611	liquid
281.20	3000.0	60.448	0.016543	6.8158	7.7560	30.188	39.971	81.300	2318.6	0.00025666	7.2020e-05	0.11605	liquid
281.27	3000.0	60.433	0.016547	6.8210	7.7614	30.207	39.970	81.313	2317.5	0.00026272	7.1974e-05	0.11599	liquid
281.33	3000.0	60.419	0.016551	6.8262	7.7668	30.227	39.970	81.326	2316.4	0.00026880	7.1928e-05	0.11593	liquid
281.40	3000.0	60.404	0.016555	6.8314	7.7723	30.246	39.969	81.338	2315.3	0.00027488	7.1882e-05	0.11587	liquid
281.47	3000.0	60.389	0.016559	6.8366	7.7777	30.265	39.969	81.351	2314.2	0.00028097	7.1836e-05	0.11581	liquid
281.53	3000.0	60.374	0.016563	6.8418	7.7831	30.284	39.969	81.364	2313.1	0.00028706	7.1790e-05	0.11575	liquid
281.60	3000.0	60.359	0.016568	6.8470	7.7885	30.304	39.968	81.377	2312.0	0.00029317	7.1744e-05	0.11569	liquid
281.67	3000.0	60.344	0.016572	6.8521	7.7940	30.323	39.968	81.390	2310.9	0.00029929	7.1698e-05	0.11564	liquid
281.73	3000.0	60.329	0.016576	6.8573	7.7994	30.342	39.967	81.403	2309.8	0.00030541	7.1652e-05	0.11558	liquid
281.80	3000.0	60.314	0.016580	6.8625	7.8048	30.362	39.967	81.416	2308.7	0.00031154	7.1606e-05	0.11552	liquid
281.87	3000.0	60.299	0.016584	6.8677	7.8102	30.381	39.966	81.429	2307.6	0.00031768	7.1560e-05	0.11546	liquid
281.93	3000.0	60.285	0.016588	6.8729	7.8157	30.400	39.966	81.442	2306.5	0.00032383	7.1514e-05	0.11540	liquid
282.00	3000.0	60.270	0.016592	6.8781	7.8211	30.419	39.966	81.455	2305.4	0.00032999	7.1468e-05	0.11534	liquid
282.07	3000.0	60.255	0.016596	6.8833	7.8265	30.439	39.965	81.468	2304.3	0.00033616	7.1423e-05	0.11528	liquid
282.13	3000.0	60.240	0.016600	6.8885	7.8320	30.458	39.965	81.481	2303.2	0.00034234	7.1377e-05	0.11522	liquid
282.20	3000.0	60.225	0.016604	6.8937	7.8374	30.477	39.964	81.494	2302.1	0.00034853	7.1331e-05	0.11516	liquid
282.27	3000.0	60.210	0.016609	6.8989	7.8428	30.496	39.964	81.507	2301.0	0.00035472	7.1286e-05	0.11511	liquid
282.33	3000.0	60.195	0.016613	6.9041	7.8483	30.516	39.963	81.520	2299.9	0.00036092	7.1240e-05	0.11505	liquid
282.40	3000.0	60.180	0.016617	6.9093	7.8537	30.535	39.963	81.533	2298.8	0.00036714	7.1194e-05	0.11499	liquid
282.47	3000.0	60.165	0.016621	6.9145	7.8591	30.554	39.963	81.546	2297.7	0.00037336	7.1149e-05	0.11493	liquid
282.53	3000.0	60.150	0.016625	6.9197	7.8646	30.573	39.962	81.559	2296.6	0.00037959	7.1103e-05	0.11487	liquid
282.60	3000.0	60.135	0.016629	6.9249	7.8700	30.593	39.962	81.573	2295.5	0.00038583	7.1058e-05	0.11481	liquid
282.67	3000.0	60.120	0.016633	6.9301	7.8754	30.612	39.961	81.586	2294.4	0.00039208	7.1012e-05	0.11475	liquid
282.73	3000.0	60.105	0.016638	6.9353	7.8809	30.631	39.961	81.599	2293.3	0.00039834	7.0967e-05	0.11469	liquid
282.80	3000.0	60.090	0.016642	6.9405	7.8863	30.650	39.960	81.612	2292.2	0.00040460	7.0921e-05	0.11464	liquid
282.87	3000.0	60.075	0.016646	6.9457	7.8918	30.670	39.960	81.625	2291.1	0.00041088	7.0876e-05	0.11458	liquid
282.93	3000.0	60.060	0.016650	6.9509	7.8972	30.689	39.960	81.638	2290.0	0.00041716	7.0830e-05	0.11452	liquid
283.00	3000.0	60.045	0.016654	6.9562	7.9027	30.708	39.959	81.652	2288.9	0.00042346	7.0785e-05	0.11446	liquid
283.07	3000.0	60.030	0.016658	6.9614	7.9081	30.727	39.959	81.665	2287.8	0.00042976	7.0740e-05	0.11440	liquid
283.13	3000.0	60.015	0.016662	6.9666	7.9135	30.746	39.958	81.678	2286.7	0.00043607	7.0694e-05	0.11434	liquid
283.20	3000.0	60.000	0.016667	6.9718	7.9190	30.766	39.958	81.692	2285.6	0.00044240	7.0649e-05	0.11428	liquid
283.27	3000.0	59.985	0.016671	6.9770	7.9244	30.785	39.958	81.705	2284.5	0.00044873	7.0604e-05	0.11423	liquid
283.33	3000.0	59.970	0.016675	6.9822	7.9299	30.804	39.957	81.718	2283.4	0.00045507	7.0558e-05	0.11417	liquid
283.40	3000.0	59.955	0.016679	6.9874	7.9353	30.823	39.957	81.731	2282.3	0.00046142	7.0513e-05	0.11411	liquid
283.47	3000.0	59.940	0.016683	6.9926	7.9408	30.843	39.956	81.745	2281.2	0.00046777	7.0468e-05	0.11405	liquid
283.53	3000.0	59.925	0.016688	6.9978	7.9462	30.862	39.956	81.758	2280.1	0.00047414	7.0423e-05	0.11399	liquid
283.60	3000.0	59.910	0.016692	7.0030	7.9517	30.881	39.956	81.772	2279.0	0.00048052	7.0378e-05	0.11393	liquid
283.67	3000.0	59.895	0.016696	7.0083	7.9571	30.900	39.955	81.785	2277.9	0.00048690	7.0333e-05	0.11387	liquid
283.73	3000.0	59.880	0.016700	7.0135	7.9626	30.920	39.955	81.798	2276.8	0.00049330	7.0288e-05	0.11382	liquid
283.80	3000.0	59.865	0.016704	7.0187	7.9680	30.939	39.954	81.812	2275.7	0.00049970	7.0243e-05	0.11376	liquid
283.87	3000.0	59.850	0.016709	7.0239	7.9735	30.958	39.954	81.825	2274.6	0.00050612	7.0198e-05	0.11370	liquid
283.93	3000.0	59.834	0.016713	7.0291	7.9789	30.977	39.954	81.839	2273.5	0.00051254	7.0153e-05	0.11364	liquid
284.00	3000.0	59.819	0.016717	7.0343	7.9844	30.996	39.953	81.852	2272.4	0.00051897	7.0108e-05	0.11358	liquid
284.07	3000.0	59.804	0.016721	7.0396	7.9899	31.016	39.953	81.866	2271.3	0.00052542	7.0063e-05	0.11352	liquid
284.13	3000.0	59.789	0.016725	7.0448	7.9953	31.035	39.952	81.879	2270.2	0.00053187	7.0018e-05	0.11347	liquid
284.20	3000.0	59.774	0.016730	7.0500	8.0008	31.054	39.952	81.893	2269.1	0.00053833	6.9973e-05	0.11341	liquid
284.27	3000.0	59.759	0.016734	7.0552	8.0062	31.073	39.952	81.906	2268.0	0.00054480	6.9928e-05	0.11335	liquid
284.33	3000.0	59.744	0.016738	7.0604	8.0117	31.092	39.951	81.920	2266.9	0.00055128	6.9884e-05	0.11329	liquid
284.40	3000.0	59.729	0.016742	7.0656	8.0172	31.112	39.951	81.933	2265.8	0.00055777	6.9839e-05	0.11323	liquid
284.47	3000.0	59.714	0.016747	7.0709	8.0226	31.131	39.950	81.947	2264.7	0.00056427	6.9794e-05	0.11317	liquid
284.53	3000.0	59.699	0.016751	7.0761	8.0281	31.150	39.950	81.961	2263.6	0.00057077	6.9749e-05	0.11312	liquid
284.60	3000.0	59.683	0.016755	7.0813	8.0336	31.169	39.950	81.974	2262.5	0.00057729	6.9705e-05	0.11306	liquid
284.67	3000.0	59.668	0.016759	7.0865	8.0390	31.188	39.949	81.988	2261.4	0.00058382	6.9660e-05	0.11300	liquid
284.73	3000.0	59.653	0.016764	7.0918	8.0445	31.208	39.949	82.002	2260.3	0.00059036	6.9615e-05	0.11294	liquid
284.80	3000.0	59.638	0.016768	7.0970	8.0500	31.227	39.949	82.015	2259.2	0.00059690	6.9571e-05	0.11288	liquid
284.87	3000.0	59.623	0.016772	7.1022	8.0554	31.246	39.948	82.029	2258.1	0.00060346	6.9526e-05	0.11283	liquid
284.93	3000.0	59.608	0.016776	7.1074	8.0609	31.265	39.948	82.043	2257.0	0.00061002	6.9482e-05	0.11277	liquid
285.00	3000.0	59.592	0.016781	7.1127	8.0664	31.284	39.947	82.056	2255.9	0.00061660	6.9437e-05	0.11271	liquid
285.07	3000.0	59.577	0.016785	7.1179	8.0718	31.304	39.947	82.070	2254.8	0.00062318	6.9393e-05	0.11265	liquid
285.13	3000.0	59.562	0.016789	7.1231	8.0773	31.323	39.947	82.084	2253.7	0.00062978	6.9348e-05	0.11259	liquid
285.20	3000.0	59.547	0.016793	7.1284	8.0828	31.342	39.946	82.098	2252.6	0.00063638	6.9304e-05	0.11253	liquid
285.27	3000.0	59.532	0.016798	7.1336	8.0882	31.361	39.946	82.112	2251.5	0.00064299	6.9259e-05	0.11248	liquid
285.33	3000.0	59.517	0.016802	7.1388	8.0937	31.380	39.946	82.125	2250.4	0.00064962	6.9215e-05	0.11242	liquid
285.40	3000.0	59.501	0.016806	7.1440	8.0992	31.400	39.945	82.139	2249.3	0.00065625	6.9171e-05	0.11236	liquid
285.47	3000.0	59.486	0.016811	7.1493	8.1047	31.419	39.945	82.153	2248.2	0.00066289	6.9126e-05	0.11230	liquid
285.53	3000.0	59.471	0.016815	7.1545	8.1102	31.438	39.945	82.167	2247.1	0.00066954	6.9082e-05	0.11224	liquid
285.60	3000.0	59.456	0.016819	7.1597	8.1156	31.457	39.944	82.181	2246.0	0.00067621	6.9038e-05	0.11219	liquid
285.67	3000.0	59.440	0.016824	7.1650	8.1211	31.476	39.944	82.195	2244.9	0.00068288	6.8993e-05	0.11213	liquid
285.73	3000.0	59.425	0.016828	7.1702	8.1266	31.496	39.944	82.209	2243.8	0.00068956	6.8949e-05	0.11207	liquid
285.80	3000.0	59.410	0.016832	7.1755	8.1321	31.515	39.943	82.223	2242.7	0.00069625	6.8905e-05	0.11201	liquid
285.87	3000.0	59.395	0.016837	7.1807	8.1376	31.534	39.943	82.237	2241.6	0.00070295	6.8861e-05	0.11196	liquid
285.93	3000.0	59.379	0.016841	7.1859	8.1430	31.553	39.942	82.250	2240.5	0.00070966	6.8817e-05	0.11190	liquid
286.00	3000.0	59.364	0.016845	7.1912	8.1485	31.572	39.942	82.264	2239.4	0.00071638	6.8773e-05	0.11184	liquid
286.07	3000.0	59.349	0.016849	7.1964	8.1540	31.591	39.942	82.278	2238.3	0.00072311	6.8728e-05	0.11178	liquid
286.13	3000.0	59.334	0.016854	7.2016	8.1595	31.611	39.941	82.292	2237.2	0.00072986	6.8684e-05	0.11172	liquid
286.20	3000.0	59.318	0.016858	7.2069	8.1650	31.630	39.941	82.307	2236.1	0.00073661	6.8640e-05	0.11167	liquid
286.27	3000.0	59.303	0.016863	7.2121	8.1705	31.649	39.941	82.321	2235.0	0.00074337	6.8596e-05	0.11161	liquid
286.33	3000.0	59.288	0.016867	7.2174	8.1760	31.668	39.940	82.335	2233.9	0.00075014	6.8552e-05	0.11155	liquid
286.40	3000.0	59.273	0.016871	7.2226	8.1814	31.687	39.940	82.349	2232.8	0.00075692	6.8508e-05	0.11149	liquid
286.47	3000.0	59.257	0.016876	7.2278	8.1869	31.706	39.940	82.363	2231.7	0.00076371	6.8464e-05	0.11144	liquid
286.53	3000.0	59.242	0.016880	7.2331	8.1924	31.726	39.939	82.377	2230.6	0.00077051	6.8421e-05	0.11138	liquid
286.60	3000.0	59.227	0.016884	7.2383	8.1979	31.745	39.939	82.391	2229.6	0.00077732	6.8377e-05	0.11132	liquid
286.67	3000.0	59.211	0.016889	7.2436	8.2034	31.764	39.939	82.405	2228.5	0.00078414	6.8333e-05	0.11126	liquid
286.73	3000.0	59.196	0.016893	7.2488	8.2089	31.783	39.938	82.419	2227.4	0.00079097	6.8289e-05	0.11120	liquid
286.80	3000.0	59.181	0.016897	7.2541	8.2144	31.802	39.938	82.434	2226.3	0.00079781	6.8245e-05	0.11115	liquid
286.87	3000.0	59.165	0.016902	7.2593	8.2199	31.821	39.938	82.448	2225.2	0.00080466	6.8201e-05	0.11109	liquid
286.93	3000.0	59.150	0.016906	7.2646	8.2254	31.841	39.937	82.462	2224.1	0.00081152	6.8158e-05	0.11103	liquid
287.00	3000.0	59.135	0.016911	7.2698	8.2309	31.860	39.937	82.476	2223.0	0.00081839	6.8114e-05	0.11097	liquid
287.07	3000.0	59.119	0.016915	7.2751	8.2364	31.879	39.937	82.491	2221.9	0.00082527	6.8070e-05	0.11092	liquid
287.13	3000.0	59.104	0.016919	7.2803	8.2419	31.898	39.936	82.505	2220.8	0.00083217	6.8027e-05	0.11086	liquid
287.20	3000.0	59.089	0.016924	7.2856	8.2474	31.917	39.936	82.519	2219.7	0.00083907	6.7983e-05	0.11080	liquid
287.27	3000.0	59.073	0.016928	7.2908	8.2529	31.936	39.936	82.534	2218.6	0.00084598	6.7939e-05	0.11074	liquid
287.33	3000.0	59.058	0.016933	7.2961	8.2584	31.956	39.935	82.548	2217.5	0.00085290	6.7896e-05	0.11069	liquid
287.40	3000.0	59.043	0.016937	7.3013	8.2639	31.975	39.935	82.562	2216.4	0.00085983	6.7852e-05	0.11063	liquid
287.47	3000.0	59.027	0.016941	7.3066	8.2694	31.994	39.935	82.577	2215.3	0.00086678	6.7809e-05	0.11057	liquid
287.53	3000.0	59.012	0.016946	7.3118	8.2749	32.013	39.935	82.591	2214.2	0.00087373	6.7765e-05	0.11051	liquid
287.60	3000.0	58.996	0.016950	7.3171	8.2804	32.032	39.934	82.605	2213.1	0.00088069	6.7722e-05	0.11046	liquid
287.67	3000.0	58.981	0.016955	7.3223	8.2859	32.051	39.934	82.620	2212.0	0.00088767	6.7678e-05	0.11040	liquid
287.73	3000.0	58.966	0.016959	7.3276	8.2914	32.070	39.934	82.634	2210.9	0.00089465	6.7635e-05	0.11034	liquid
287.80	3000.0	58.950	0.016963	7.3329	8.2969	32.090	39.933	82.649	2209.8	0.00090164	6.7591e-05	0.11028	liquid
287.87	3000.0	58.935	0.016968	7.3381	8.3024	32.109	39.933	82.663	2208.7	0.00090865	6.7548e-05	0.11023	liquid
287.93	3000.0	58.919	0.016972	7.3434	8.3080	32.128	39.933	82.678	2207.6	0.00091566	6.7505e-05	0.11017	liquid
288.00	3000.0	58.904	0.016977	7.3486	8.3135	32.147	39.932	82.692	2206.5	0.00092269	6.7461e-05	0.11011	liquid
288.07	3000.0	58.888	0.016981	7.3539	8.3190	32.166	39.932	82.707	2205.4	0.00092972	6.7418e-05	0.11005	liquid
288.13	3000.0	58.873	0.016986	7.3592	8.3245	32.185	39.932	82.721	2204.3	0.00093677	6.7375e-05	0.11000	liquid
288.20	3000.0	58.858	0.016990	7.3644	8.3300	32.204	39.932	82.736	2203.2	0.00094383	6.7331e-05	0.10994	liquid
288.27	3000.0	58.842	0.016995	7.3697	8.3355	32.224	39.931	82.750	2202.1	0.00095089	6.7288e-05	0.10988	liquid
288.33	3000.0	58.827	0.016999	7.3749	8.3410	32.243	39.931	82.765	2201.0	0.00095797	6.7245e-05	0.10983	liquid
288.40	3000.0	58.811	0.017004	7.3802	8.3466	32.262	39.931	82.780	2200.0	0.00096506	6.7202e-05	0.10977	liquid
288.47	3000.0	58.796	0.017008	7.3855	8.3521	32.281	39.930	82.794	2198.9	0.00097216	6.7159e-05	0.10971	liquid
288.53	3000.0	58.780	0.017013	7.3907	8.3576	32.300	39.930	82.809	2197.8	0.00097927	6.7115e-05	0.10965	liquid
288.60	3000.0	58.765	0.017017	7.3960	8.3631	32.319	39.930	82.824	2196.7	0.00098639	6.7072e-05	0.10960	liquid
288.67	3000.0	58.749	0.017021	7.4013	8.3686	32.338	39.929	82.838	2195.6	0.00099352	6.7029e-05	0.10954	liquid
288.73	3000.0	58.734	0.017026	7.4065	8.3742	32.357	39.929	82.853	2194.5	0.0010007	6.6986e-05	0.10948	liquid
288.80	3000.0	58.718	0.017030	7.4118	8.3797	32.377	39.929	82.868	2193.4	0.0010078	6.6943e-05	0.10943	liquid
288.87	3000.0	58.703	0.017035	7.4171	8.3852	32.396	39.929	82.882	2192.3	0.0010150	6.6900e-05	0.10937	liquid
288.93	3000.0	58.687	0.017039	7.4223	8.3907	32.415	39.928	82.897	2191.2	0.0010221	6.6857e-05	0.10931	liquid
289.00	3000.0	58.672	0.017044	7.4276	8.3963	32.434	39.928	82.912	2190.1	0.0010293	6.6814e-05	0.10925	liquid
289.07	3000.0	58.656	0.017048	7.4329	8.4018	32.453	39.928	82.927	2189.0	0.0010365	6.6771e-05	0.10920	liquid
289.13	3000.0	58.641	0.017053	7.4382	8.4073	32.472	39.927	82.942	2187.9	0.0010437	6.6728e-05	0.10914	liquid
289.20	3000.0	58.625	0.017058	7.4434	8.4129	32.491	39.927	82.956	2186.8	0.0010509	6.6685e-05	0.10908	liquid
289.27	3000.0	58.610	0.017062	7.4487	8.4184	32.510	39.927	82.971	2185.7	0.0010582	6.6643e-05	0.10903	liquid
289.33	3000.0	58.594	0.017067	7.4540	8.4239	32.530	39.927	82.986	2184.6	0.0010654	6.6600e-05	0.10897	liquid
289.40	3000.0	58.579	0.017071	7.4593	8.4295	32.549	39.926	83.001	2183.5	0.0010727	6.6557e-05	0.10891	liquid
289.47	3000.0	58.563	0.017076	7.4645	8.4350	32.568	39.926	83.016	2182.4	0.0010799	6.6514e-05	0.10886	liquid
289.53	3000.0	58.547	0.017080	7.4698	8.4405	32.587	39.926	83.031	2181.3	0.0010872	6.6471e-05	0.10880	liquid
289.60	3000.0	58.532	0.017085	7.4751	8.4461	32.606	39.926	83.046	2180.2	0.0010945	6.6429e-05	0.10874	liquid
289.67	3000.0	58.516	0.017089	7.4804	8.4516	32.625	39.925	83.061	2179.2	0.0011018	6.6386e-05	0.10868	liquid
289.73	3000.0	58.501	0.017094	7.4856	8.4571	32.644	39.925	83.076	2178.1	0.0011091	6.6343e-05	0.10863	liquid
289.80	3000.0	58.485	0.017098	7.4909	8.4627	32.663	39.925	83.091	2177.0	0.0011164	6.6301e-05	0.10857	liquid
289.87	3000.0	58.469	0.017103	7.4962	8.4682	32.683	39.925	83.106	2175.9	0.0011237	6.6258e-05	0.10851	liquid
289.93	3000.0	58.454	0.017108	7.5015	8.4738	32.702	39.924	83.121	2174.8	0.0011310	6.6215e-05	0.10846	liquid
290.00	3000.0	58.438	0.017112	7.5068	8.4793	32.721	39.924	83.136	2173.7	0.0011384	6.6173e-05	0.10840	liquid
