Temperature (K)	Pressure (psia)	Density (lbm/ft3)	Volume (ft3/lbm)	Internal Energy (kJ/mol)	Enthalpy (kJ/mol)	Entropy (J/mol*K)	Cv (J/mol*K)	Cp (J/mol*K)	Sound Spd. (ft/s)	Joule-Thomson (F/psia)	Viscosity (lbm/ft*s)	Therm. Cond. (W/m*K)	Phase
250.00	2900.0	66.801	0.014970	4.4673	5.2898	21.009	40.329	76.931	2827.6	-0.0017869	9.7465e-05	0.14469	liquid
250.07	2900.0	66.788	0.014973	4.4723	5.2949	21.029	40.328	76.938	2826.5	-0.0017836	9.7397e-05	0.14463	liquid
250.13	2900.0	66.774	0.014976	4.4773	5.3000	21.050	40.327	76.946	2825.3	-0.0017803	9.7330e-05	0.14456	liquid
250.20	2900.0	66.761	0.014979	4.4822	5.3051	21.070	40.326	76.953	2824.2	-0.0017769	9.7262e-05	0.14450	liquid
250.27	2900.0	66.748	0.014982	4.4872	5.3103	21.091	40.324	76.961	2823.0	-0.0017736	9.7195e-05	0.14443	liquid
250.33	2900.0	66.735	0.014985	4.4922	5.3154	21.111	40.323	76.968	2821.9	-0.0017703	9.7128e-05	0.14437	liquid
250.40	2900.0	66.722	0.014987	4.4972	5.3205	21.132	40.322	76.976	2820.7	-0.0017669	9.7061e-05	0.14430	liquid
250.47	2900.0	66.709	0.014990	4.5021	5.3257	21.152	40.321	76.984	2819.6	-0.0017636	9.6994e-05	0.14423	liquid
250.53	2900.0	66.696	0.014993	4.5071	5.3308	21.173	40.320	76.991	2818.4	-0.0017603	9.6927e-05	0.14417	liquid
250.60	2900.0	66.683	0.014996	4.5121	5.3359	21.193	40.319	76.999	2817.3	-0.0017569	9.6860e-05	0.14410	liquid
250.67	2900.0	66.670	0.014999	4.5170	5.3411	21.214	40.318	77.006	2816.2	-0.0017535	9.6793e-05	0.14404	liquid
250.73	2900.0	66.657	0.015002	4.5220	5.3462	21.234	40.316	77.014	2815.0	-0.0017502	9.6726e-05	0.14397	liquid
250.80	2900.0	66.644	0.015005	4.5270	5.3513	21.255	40.315	77.021	2813.9	-0.0017468	9.6659e-05	0.14391	liquid
250.87	2900.0	66.631	0.015008	4.5320	5.3565	21.275	40.314	77.029	2812.7	-0.0017435	9.6592e-05	0.14384	liquid
250.93	2900.0	66.618	0.015011	4.5369	5.3616	21.296	40.313	77.037	2811.6	-0.0017401	9.6526e-05	0.14377	liquid
251.00	2900.0	66.605	0.015014	4.5419	5.3667	21.316	40.312	77.044	2810.4	-0.0017367	9.6459e-05	0.14371	liquid
251.07	2900.0	66.592	0.015017	4.5469	5.3719	21.336	40.311	77.052	2809.3	-0.0017333	9.6393e-05	0.14364	liquid
251.13	2900.0	66.579	0.015020	4.5519	5.3770	21.357	40.310	77.060	2808.1	-0.0017299	9.6326e-05	0.14358	liquid
251.20	2900.0	66.566	0.015023	4.5568	5.3822	21.377	40.308	77.067	2807.0	-0.0017266	9.6260e-05	0.14351	liquid
251.27	2900.0	66.553	0.015026	4.5618	5.3873	21.398	40.307	77.075	2805.9	-0.0017232	9.6194e-05	0.14345	liquid
251.33	2900.0	66.540	0.015029	4.5668	5.3924	21.418	40.306	77.083	2804.7	-0.0017198	9.6127e-05	0.14338	liquid
251.40	2900.0	66.526	0.015032	4.5718	5.3976	21.439	40.305	77.090	2803.6	-0.0017164	9.6061e-05	0.14331	liquid
251.47	2900.0	66.513	0.015035	4.5767	5.4027	21.459	40.304	77.098	2802.4	-0.0017130	9.5995e-05	0.14325	liquid
251.53	2900.0	66.500	0.015038	4.5817	5.4079	21.480	40.303	77.106	2801.3	-0.0017095	9.5929e-05	0.14318	liquid
251.60	2900.0	66.487	0.015040	4.5867	5.4130	21.500	40.302	77.113	2800.1	-0.0017061	9.5863e-05	0.14312	liquid
251.67	2900.0	66.474	0.015043	4.5917	5.4181	21.520	40.301	77.121	2799.0	-0.0017027	9.5797e-05	0.14305	liquid
251.73	2900.0	66.461	0.015046	4.5967	5.4233	21.541	40.300	77.129	2797.8	-0.0016993	9.5731e-05	0.14299	liquid
251.80	2900.0	66.448	0.015049	4.6016	5.4284	21.561	40.298	77.137	2796.7	-0.0016958	9.5665e-05	0.14292	liquid
251.87	2900.0	66.435	0.015052	4.6066	5.4336	21.582	40.297	77.144	2795.6	-0.0016924	9.5600e-05	0.14286	liquid
251.93	2900.0	66.422	0.015055	4.6116	5.4387	21.602	40.296	77.152	2794.4	-0.0016890	9.5534e-05	0.14279	liquid
252.00	2900.0	66.409	0.015058	4.6166	5.4438	21.623	40.295	77.160	2793.3	-0.0016855	9.5468e-05	0.14273	liquid
252.07	2900.0	66.395	0.015061	4.6216	5.4490	21.643	40.294	77.168	2792.1	-0.0016821	9.5403e-05	0.14266	liquid
252.13	2900.0	66.382	0.015064	4.6265	5.4541	21.663	40.293	77.175	2791.0	-0.0016786	9.5337e-05	0.14259	liquid
252.20	2900.0	66.369	0.015067	4.6315	5.4593	21.684	40.292	77.183	2789.8	-0.0016752	9.5272e-05	0.14253	liquid
252.27	2900.0	66.356	0.015070	4.6365	5.4644	21.704	40.291	77.191	2788.7	-0.0016717	9.5206e-05	0.14246	liquid
252.33	2900.0	66.343	0.015073	4.6415	5.4696	21.725	40.290	77.199	2787.6	-0.0016682	9.5141e-05	0.14240	liquid
252.40	2900.0	66.330	0.015076	4.6465	5.4747	21.745	40.288	77.207	2786.4	-0.0016648	9.5076e-05	0.14233	liquid
252.47	2900.0	66.317	0.015079	4.6514	5.4799	21.765	40.287	77.215	2785.3	-0.0016613	9.5011e-05	0.14227	liquid
252.53	2900.0	66.303	0.015082	4.6564	5.4850	21.786	40.286	77.222	2784.1	-0.0016578	9.4946e-05	0.14220	liquid
252.60	2900.0	66.290	0.015085	4.6614	5.4902	21.806	40.285	77.230	2783.0	-0.0016543	9.4881e-05	0.14214	liquid
252.67	2900.0	66.277	0.015088	4.6664	5.4953	21.827	40.284	77.238	2781.8	-0.0016508	9.4816e-05	0.14207	liquid
252.73	2900.0	66.264	0.015091	4.6714	5.5005	21.847	40.283	77.246	2780.7	-0.0016474	9.4751e-05	0.14201	liquid
252.80	2900.0	66.251	0.015094	4.6764	5.5056	21.867	40.282	77.254	2779.6	-0.0016439	9.4686e-05	0.14194	liquid
252.87	2900.0	66.238	0.015097	4.6814	5.5108	21.888	40.281	77.262	2778.4	-0.0016404	9.4621e-05	0.14188	liquid
252.93	2900.0	66.225	0.015100	4.6863	5.5159	21.908	40.280	77.270	2777.3	-0.0016368	9.4556e-05	0.14181	liquid
253.00	2900.0	66.211	0.015103	4.6913	5.5211	21.928	40.279	77.278	2776.1	-0.0016333	9.4491e-05	0.14175	liquid
253.07	2900.0	66.198	0.015106	4.6963	5.5262	21.949	40.278	77.286	2775.0	-0.0016298	9.4427e-05	0.14168	liquid
253.13	2900.0	66.185	0.015109	4.7013	5.5314	21.969	40.277	77.294	2773.8	-0.0016263	9.4362e-05	0.14161	liquid
253.20	2900.0	66.172	0.015112	4.7063	5.5365	21.989	40.275	77.301	2772.7	-0.0016228	9.4298e-05	0.14155	liquid
253.27	2900.0	66.159	0.015115	4.7113	5.5417	22.010	40.274	77.309	2771.6	-0.0016192	9.4233e-05	0.14148	liquid
253.33	2900.0	66.145	0.015118	4.7163	5.5468	22.030	40.273	77.317	2770.4	-0.0016157	9.4169e-05	0.14142	liquid
253.40	2900.0	66.132	0.015121	4.7213	5.5520	22.051	40.272	77.325	2769.3	-0.0016122	9.4105e-05	0.14135	liquid
253.47	2900.0	66.119	0.015124	4.7262	5.5571	22.071	40.271	77.333	2768.1	-0.0016086	9.4040e-05	0.14129	liquid
253.53	2900.0	66.106	0.015127	4.7312	5.5623	22.091	40.270	77.341	2767.0	-0.0016051	9.3976e-05	0.14122	liquid
253.60	2900.0	66.093	0.015130	4.7362	5.5675	22.112	40.269	77.349	2765.9	-0.0016015	9.3912e-05	0.14116	liquid
253.67	2900.0	66.079	0.015133	4.7412	5.5726	22.132	40.268	77.358	2764.7	-0.0015980	9.3848e-05	0.14109	liquid
253.73	2900.0	66.066	0.015136	4.7462	5.5778	22.152	40.267	77.366	2763.6	-0.0015944	9.3784e-05	0.14103	liquid
253.80	2900.0	66.053	0.015139	4.7512	5.5829	22.173	40.266	77.374	2762.4	-0.0015908	9.3720e-05	0.14096	liquid
253.87	2900.0	66.040	0.015142	4.7562	5.5881	22.193	40.265	77.382	2761.3	-0.0015873	9.3656e-05	0.14090	liquid
253.93	2900.0	66.027	0.015145	4.7612	5.5932	22.213	40.264	77.390	2760.2	-0.0015837	9.3592e-05	0.14083	liquid
254.00	2900.0	66.013	0.015148	4.7662	5.5984	22.233	40.263	77.398	2759.0	-0.0015801	9.3528e-05	0.14077	liquid
254.07	2900.0	66.000	0.015151	4.7712	5.6036	22.254	40.262	77.406	2757.9	-0.0015765	9.3465e-05	0.14070	liquid
254.13	2900.0	65.987	0.015155	4.7762	5.6087	22.274	40.261	77.414	2756.7	-0.0015729	9.3401e-05	0.14064	liquid
254.20	2900.0	65.974	0.015158	4.7812	5.6139	22.294	40.260	77.422	2755.6	-0.0015693	9.3337e-05	0.14057	liquid
254.27	2900.0	65.960	0.015161	4.7862	5.6190	22.315	40.258	77.430	2754.5	-0.0015657	9.3274e-05	0.14051	liquid
254.33	2900.0	65.947	0.015164	4.7911	5.6242	22.335	40.257	77.438	2753.3	-0.0015621	9.3210e-05	0.14044	liquid
254.40	2900.0	65.934	0.015167	4.7961	5.6294	22.355	40.256	77.447	2752.2	-0.0015585	9.3147e-05	0.14038	liquid
254.47	2900.0	65.921	0.015170	4.8011	5.6345	22.376	40.255	77.455	2751.0	-0.0015549	9.3084e-05	0.14031	liquid
254.53	2900.0	65.907	0.015173	4.8061	5.6397	22.396	40.254	77.463	2749.9	-0.0015513	9.3020e-05	0.14025	liquid
254.60	2900.0	65.894	0.015176	4.8111	5.6449	22.416	40.253	77.471	2748.7	-0.0015477	9.2957e-05	0.14018	liquid
254.67	2900.0	65.881	0.015179	4.8161	5.6500	22.436	40.252	77.479	2747.6	-0.0015440	9.2894e-05	0.14012	liquid
254.73	2900.0	65.868	0.015182	4.8211	5.6552	22.457	40.251	77.487	2746.5	-0.0015404	9.2831e-05	0.14005	liquid
254.80	2900.0	65.854	0.015185	4.8261	5.6604	22.477	40.250	77.496	2745.3	-0.0015368	9.2768e-05	0.13999	liquid
254.87	2900.0	65.841	0.015188	4.8311	5.6655	22.497	40.249	77.504	2744.2	-0.0015331	9.2705e-05	0.13992	liquid
254.93	2900.0	65.828	0.015191	4.8361	5.6707	22.518	40.248	77.512	2743.0	-0.0015295	9.2642e-05	0.13986	liquid
255.00	2900.0	65.815	0.015194	4.8411	5.6759	22.538	40.247	77.520	2741.9	-0.0015258	9.2579e-05	0.13979	liquid
255.07	2900.0	65.801	0.015197	4.8461	5.6810	22.558	40.246	77.529	2740.8	-0.0015222	9.2516e-05	0.13973	liquid
255.13	2900.0	65.788	0.015200	4.8511	5.6862	22.578	40.245	77.537	2739.6	-0.0015185	9.2453e-05	0.13966	liquid
255.20	2900.0	65.775	0.015203	4.8561	5.6914	22.599	40.244	77.545	2738.5	-0.0015148	9.2390e-05	0.13960	liquid
255.27	2900.0	65.761	0.015206	4.8611	5.6965	22.619	40.243	77.553	2737.4	-0.0015112	9.2328e-05	0.13953	liquid
255.33	2900.0	65.748	0.015210	4.8661	5.7017	22.639	40.242	77.562	2736.2	-0.0015075	9.2265e-05	0.13947	liquid
255.40	2900.0	65.735	0.015213	4.8711	5.7069	22.659	40.241	77.570	2735.1	-0.0015038	9.2203e-05	0.13940	liquid
255.47	2900.0	65.722	0.015216	4.8761	5.7121	22.680	40.240	77.578	2733.9	-0.0015001	9.2140e-05	0.13934	liquid
255.53	2900.0	65.708	0.015219	4.8811	5.7172	22.700	40.239	77.587	2732.8	-0.0014964	9.2078e-05	0.13927	liquid
255.60	2900.0	65.695	0.015222	4.8861	5.7224	22.720	40.238	77.595	2731.7	-0.0014927	9.2015e-05	0.13921	liquid
255.67	2900.0	65.682	0.015225	4.8911	5.7276	22.740	40.237	77.603	2730.5	-0.0014890	9.1953e-05	0.13914	liquid
255.73	2900.0	65.668	0.015228	4.8961	5.7327	22.761	40.236	77.612	2729.4	-0.0014853	9.1891e-05	0.13908	liquid
255.80	2900.0	65.655	0.015231	4.9011	5.7379	22.781	40.235	77.620	2728.2	-0.0014816	9.1829e-05	0.13902	liquid
255.87	2900.0	65.642	0.015234	4.9062	5.7431	22.801	40.234	77.629	2727.1	-0.0014779	9.1766e-05	0.13895	liquid
255.93	2900.0	65.628	0.015237	4.9112	5.7483	22.821	40.233	77.637	2726.0	-0.0014742	9.1704e-05	0.13889	liquid
256.00	2900.0	65.615	0.015240	4.9162	5.7534	22.842	40.232	77.645	2724.8	-0.0014704	9.1642e-05	0.13882	liquid
256.07	2900.0	65.602	0.015244	4.9212	5.7586	22.862	40.231	77.654	2723.7	-0.0014667	9.1580e-05	0.13876	liquid
256.13	2900.0	65.588	0.015247	4.9262	5.7638	22.882	40.230	77.662	2722.5	-0.0014630	9.1518e-05	0.13869	liquid
256.20	2900.0	65.575	0.015250	4.9312	5.7690	22.902	40.229	77.671	2721.4	-0.0014592	9.1456e-05	0.13863	liquid
256.27	2900.0	65.562	0.015253	4.9362	5.7742	22.922	40.228	77.679	2720.3	-0.0014555	9.1395e-05	0.13856	liquid
256.33	2900.0	65.548	0.015256	4.9412	5.7793	22.943	40.227	77.688	2719.1	-0.0014517	9.1333e-05	0.13850	liquid
256.40	2900.0	65.535	0.015259	4.9462	5.7845	22.963	40.226	77.696	2718.0	-0.0014480	9.1271e-05	0.13843	liquid
256.47	2900.0	65.522	0.015262	4.9512	5.7897	22.983	40.225	77.705	2716.9	-0.0014442	9.1210e-05	0.13837	liquid
256.53	2900.0	65.508	0.015265	4.9562	5.7949	23.003	40.224	77.713	2715.7	-0.0014405	9.1148e-05	0.13830	liquid
256.60	2900.0	65.495	0.015268	4.9612	5.8001	23.023	40.223	77.722	2714.6	-0.0014367	9.1086e-05	0.13824	liquid
256.67	2900.0	65.482	0.015271	4.9662	5.8052	23.044	40.222	77.730	2713.4	-0.0014329	9.1025e-05	0.13817	liquid
256.73	2900.0	65.468	0.015275	4.9713	5.8104	23.064	40.221	77.739	2712.3	-0.0014291	9.0963e-05	0.13811	liquid
256.80	2900.0	65.455	0.015278	4.9763	5.8156	23.084	40.220	77.747	2711.2	-0.0014253	9.0902e-05	0.13805	liquid
256.87	2900.0	65.441	0.015281	4.9813	5.8208	23.104	40.219	77.756	2710.0	-0.0014216	9.0841e-05	0.13798	liquid
256.93	2900.0	65.428	0.015284	4.9863	5.8260	23.124	40.218	77.764	2708.9	-0.0014178	9.0780e-05	0.13792	liquid
257.00	2900.0	65.415	0.015287	4.9913	5.8312	23.144	40.217	77.773	2707.8	-0.0014140	9.0718e-05	0.13785	liquid
257.07	2900.0	65.401	0.015290	4.9963	5.8363	23.165	40.216	77.781	2706.6	-0.0014102	9.0657e-05	0.13779	liquid
257.13	2900.0	65.388	0.015293	5.0013	5.8415	23.185	40.215	77.790	2705.5	-0.0014063	9.0596e-05	0.13772	liquid
257.20	2900.0	65.374	0.015297	5.0063	5.8467	23.205	40.214	77.799	2704.3	-0.0014025	9.0535e-05	0.13766	liquid
257.27	2900.0	65.361	0.015300	5.0114	5.8519	23.225	40.213	77.807	2703.2	-0.0013987	9.0474e-05	0.13759	liquid
257.33	2900.0	65.348	0.015303	5.0164	5.8571	23.245	40.212	77.816	2702.1	-0.0013949	9.0413e-05	0.13753	liquid
257.40	2900.0	65.334	0.015306	5.0214	5.8623	23.265	40.211	77.824	2700.9	-0.0013911	9.0352e-05	0.13746	liquid
257.47	2900.0	65.321	0.015309	5.0264	5.8675	23.286	40.210	77.833	2699.8	-0.0013872	9.0291e-05	0.13740	liquid
257.53	2900.0	65.307	0.015312	5.0314	5.8727	23.306	40.209	77.842	2698.7	-0.0013834	9.0231e-05	0.13734	liquid
257.60	2900.0	65.294	0.015315	5.0364	5.8778	23.326	40.208	77.850	2697.5	-0.0013795	9.0170e-05	0.13727	liquid
257.67	2900.0	65.281	0.015319	5.0415	5.8830	23.346	40.207	77.859	2696.4	-0.0013757	9.0109e-05	0.13721	liquid
257.73	2900.0	65.267	0.015322	5.0465	5.8882	23.366	40.206	77.868	2695.2	-0.0013718	9.0049e-05	0.13714	liquid
257.80	2900.0	65.254	0.015325	5.0515	5.8934	23.386	40.205	77.876	2694.1	-0.0013680	8.9988e-05	0.13708	liquid
257.87	2900.0	65.240	0.015328	5.0565	5.8986	23.406	40.204	77.885	2693.0	-0.0013641	8.9928e-05	0.13701	liquid
257.93	2900.0	65.227	0.015331	5.0615	5.9038	23.427	40.203	77.894	2691.8	-0.0013602	8.9867e-05	0.13695	liquid
258.00	2900.0	65.213	0.015334	5.0666	5.9090	23.447	40.202	77.903	2690.7	-0.0013563	8.9807e-05	0.13689	liquid
258.07	2900.0	65.200	0.015337	5.0716	5.9142	23.467	40.201	77.911	2689.6	-0.0013525	8.9747e-05	0.13682	liquid
258.13	2900.0	65.186	0.015341	5.0766	5.9194	23.487	40.200	77.920	2688.4	-0.0013486	8.9686e-05	0.13676	liquid
258.20	2900.0	65.173	0.015344	5.0816	5.9246	23.507	40.199	77.929	2687.3	-0.0013447	8.9626e-05	0.13669	liquid
258.27	2900.0	65.160	0.015347	5.0866	5.9298	23.527	40.199	77.938	2686.2	-0.0013408	8.9566e-05	0.13663	liquid
258.33	2900.0	65.146	0.015350	5.0917	5.9350	23.547	40.198	77.947	2685.0	-0.0013369	8.9506e-05	0.13656	liquid
258.40	2900.0	65.133	0.015353	5.0967	5.9402	23.567	40.197	77.955	2683.9	-0.0013330	8.9446e-05	0.13650	liquid
258.47	2900.0	65.119	0.015356	5.1017	5.9454	23.588	40.196	77.964	2682.7	-0.0013291	8.9386e-05	0.13644	liquid
258.53	2900.0	65.106	0.015360	5.1067	5.9506	23.608	40.195	77.973	2681.6	-0.0013251	8.9326e-05	0.13637	liquid
258.60	2900.0	65.092	0.015363	5.1118	5.9558	23.628	40.194	77.982	2680.5	-0.0013212	8.9266e-05	0.13631	liquid
258.67	2900.0	65.079	0.015366	5.1168	5.9610	23.648	40.193	77.991	2679.3	-0.0013173	8.9206e-05	0.13624	liquid
258.73	2900.0	65.065	0.015369	5.1218	5.9662	23.668	40.192	78.000	2678.2	-0.0013134	8.9146e-05	0.13618	liquid
258.80	2900.0	65.052	0.015372	5.1268	5.9714	23.688	40.191	78.008	2677.1	-0.0013094	8.9086e-05	0.13611	liquid
258.87	2900.0	65.038	0.015376	5.1319	5.9766	23.708	40.190	78.017	2675.9	-0.0013055	8.9027e-05	0.13605	liquid
258.93	2900.0	65.025	0.015379	5.1369	5.9818	23.728	40.189	78.026	2674.8	-0.0013015	8.8967e-05	0.13599	liquid
259.00	2900.0	65.011	0.015382	5.1419	5.9870	23.748	40.188	78.035	2673.7	-0.0012976	8.8907e-05	0.13592	liquid
259.07	2900.0	64.998	0.015385	5.1469	5.9922	23.768	40.187	78.044	2672.5	-0.0012936	8.8848e-05	0.13586	liquid
259.13	2900.0	64.984	0.015388	5.1520	5.9974	23.789	40.186	78.053	2671.4	-0.0012896	8.8788e-05	0.13579	liquid
259.20	2900.0	64.971	0.015392	5.1570	6.0026	23.809	40.185	78.062	2670.3	-0.0012857	8.8729e-05	0.13573	liquid
259.27	2900.0	64.957	0.015395	5.1620	6.0078	23.829	40.184	78.071	2669.1	-0.0012817	8.8670e-05	0.13567	liquid
259.33	2900.0	64.944	0.015398	5.1670	6.0130	23.849	40.184	78.080	2668.0	-0.0012777	8.8610e-05	0.13560	liquid
259.40	2900.0	64.930	0.015401	5.1721	6.0182	23.869	40.183	78.089	2666.9	-0.0012737	8.8551e-05	0.13554	liquid
259.47	2900.0	64.917	0.015404	5.1771	6.0234	23.889	40.182	78.098	2665.7	-0.0012697	8.8492e-05	0.13547	liquid
259.53	2900.0	64.903	0.015408	5.1821	6.0286	23.909	40.181	78.107	2664.6	-0.0012657	8.8433e-05	0.13541	liquid
259.60	2900.0	64.890	0.015411	5.1872	6.0338	23.929	40.180	78.116	2663.4	-0.0012617	8.8374e-05	0.13535	liquid
259.67	2900.0	64.876	0.015414	5.1922	6.0390	23.949	40.179	78.125	2662.3	-0.0012577	8.8314e-05	0.13528	liquid
259.73	2900.0	64.862	0.015417	5.1972	6.0442	23.969	40.178	78.134	2661.2	-0.0012537	8.8255e-05	0.13522	liquid
259.80	2900.0	64.849	0.015420	5.2023	6.0494	23.989	40.177	78.143	2660.0	-0.0012497	8.8196e-05	0.13515	liquid
259.87	2900.0	64.835	0.015424	5.2073	6.0546	24.009	40.176	78.152	2658.9	-0.0012457	8.8138e-05	0.13509	liquid
259.93	2900.0	64.822	0.015427	5.2123	6.0599	24.029	40.175	78.161	2657.8	-0.0012416	8.8079e-05	0.13503	liquid
260.00	2900.0	64.808	0.015430	5.2174	6.0651	24.049	40.174	78.170	2656.6	-0.0012376	8.8020e-05	0.13496	liquid
260.07	2900.0	64.795	0.015433	5.2224	6.0703	24.069	40.173	78.179	2655.5	-0.0012336	8.7961e-05	0.13490	liquid
260.13	2900.0	64.781	0.015437	5.2274	6.0755	24.089	40.173	78.188	2654.4	-0.0012295	8.7902e-05	0.13483	liquid
260.20	2900.0	64.768	0.015440	5.2325	6.0807	24.109	40.172	78.197	2653.2	-0.0012255	8.7844e-05	0.13477	liquid
260.27	2900.0	64.754	0.015443	5.2375	6.0859	24.129	40.171	78.206	2652.1	-0.0012214	8.7785e-05	0.13471	liquid
260.33	2900.0	64.740	0.015446	5.2425	6.0911	24.150	40.170	78.216	2651.0	-0.0012173	8.7727e-05	0.13464	liquid
260.40	2900.0	64.727	0.015450	5.2476	6.0963	24.170	40.169	78.225	2649.8	-0.0012133	8.7668e-05	0.13458	liquid
260.47	2900.0	64.713	0.015453	5.2526	6.1016	24.190	40.168	78.234	2648.7	-0.0012092	8.7610e-05	0.13451	liquid
260.53	2900.0	64.700	0.015456	5.2576	6.1068	24.210	40.167	78.243	2647.6	-0.0012051	8.7551e-05	0.13445	liquid
260.60	2900.0	64.686	0.015459	5.2627	6.1120	24.230	40.166	78.252	2646.4	-0.0012010	8.7493e-05	0.13439	liquid
260.67	2900.0	64.672	0.015463	5.2677	6.1172	24.250	40.165	78.261	2645.3	-0.0011969	8.7435e-05	0.13432	liquid
260.73	2900.0	64.659	0.015466	5.2728	6.1224	24.270	40.164	78.271	2644.2	-0.0011928	8.7376e-05	0.13426	liquid
260.80	2900.0	64.645	0.015469	5.2778	6.1276	24.290	40.164	78.280	2643.0	-0.0011887	8.7318e-05	0.13419	liquid
260.87	2900.0	64.632	0.015472	5.2828	6.1329	24.310	40.163	78.289	2641.9	-0.0011846	8.7260e-05	0.13413	liquid
260.93	2900.0	64.618	0.015476	5.2879	6.1381	24.330	40.162	78.298	2640.8	-0.0011805	8.7202e-05	0.13407	liquid
261.00	2900.0	64.604	0.015479	5.2929	6.1433	24.350	40.161	78.308	2639.6	-0.0011764	8.7144e-05	0.13400	liquid
261.07	2900.0	64.591	0.015482	5.2980	6.1485	24.370	40.160	78.317	2638.5	-0.0011723	8.7086e-05	0.13394	liquid
261.13	2900.0	64.577	0.015485	5.3030	6.1537	24.390	40.159	78.326	2637.4	-0.0011682	8.7028e-05	0.13388	liquid
261.20	2900.0	64.563	0.015489	5.3080	6.1590	24.410	40.158	78.335	2636.2	-0.0011640	8.6970e-05	0.13381	liquid
261.27	2900.0	64.550	0.015492	5.3131	6.1642	24.430	40.157	78.345	2635.1	-0.0011599	8.6912e-05	0.13375	liquid
261.33	2900.0	64.536	0.015495	5.3181	6.1694	24.450	40.156	78.354	2634.0	-0.0011557	8.6854e-05	0.13368	liquid
261.40	2900.0	64.523	0.015498	5.3232	6.1746	24.470	40.156	78.363	2632.8	-0.0011516	8.6796e-05	0.13362	liquid
261.47	2900.0	64.509	0.015502	5.3282	6.1799	24.490	40.155	78.373	2631.7	-0.0011474	8.6739e-05	0.13356	liquid
261.53	2900.0	64.495	0.015505	5.3333	6.1851	24.510	40.154	78.382	2630.6	-0.0011433	8.6681e-05	0.13349	liquid
261.60	2900.0	64.482	0.015508	5.3383	6.1903	24.530	40.153	78.391	2629.4	-0.0011391	8.6623e-05	0.13343	liquid
261.67	2900.0	64.468	0.015512	5.3434	6.1955	24.550	40.152	78.401	2628.3	-0.0011349	8.6566e-05	0.13337	liquid
261.73	2900.0	64.454	0.015515	5.3484	6.2008	24.570	40.151	78.410	2627.2	-0.0011307	8.6508e-05	0.13330	liquid
261.80	2900.0	64.441	0.015518	5.3535	6.2060	24.590	40.150	78.420	2626.0	-0.0011266	8.6451e-05	0.13324	liquid
261.87	2900.0	64.427	0.015521	5.3585	6.2112	24.609	40.149	78.429	2624.9	-0.0011224	8.6393e-05	0.13318	liquid
261.93	2900.0	64.413	0.015525	5.3635	6.2165	24.629	40.149	78.438	2623.8	-0.0011182	8.6336e-05	0.13311	liquid
262.00	2900.0	64.400	0.015528	5.3686	6.2217	24.649	40.148	78.448	2622.6	-0.0011140	8.6279e-05	0.13305	liquid
262.07	2900.0	64.386	0.015531	5.3736	6.2269	24.669	40.147	78.457	2621.5	-0.0011098	8.6221e-05	0.13298	liquid
262.13	2900.0	64.372	0.015535	5.3787	6.2321	24.689	40.146	78.467	2620.4	-0.0011056	8.6164e-05	0.13292	liquid
262.20	2900.0	64.359	0.015538	5.3837	6.2374	24.709	40.145	78.476	2619.3	-0.0011013	8.6107e-05	0.13286	liquid
262.27	2900.0	64.345	0.015541	5.3888	6.2426	24.729	40.144	78.486	2618.1	-0.0010971	8.6050e-05	0.13279	liquid
262.33	2900.0	64.331	0.015545	5.3938	6.2478	24.749	40.143	78.495	2617.0	-0.0010929	8.5993e-05	0.13273	liquid
262.40	2900.0	64.317	0.015548	5.3989	6.2531	24.769	40.143	78.505	2615.9	-0.0010886	8.5936e-05	0.13267	liquid
262.47	2900.0	64.304	0.015551	5.4039	6.2583	24.789	40.142	78.514	2614.7	-0.0010844	8.5879e-05	0.13260	liquid
262.53	2900.0	64.290	0.015555	5.4090	6.2635	24.809	40.141	78.524	2613.6	-0.0010802	8.5822e-05	0.13254	liquid
262.60	2900.0	64.276	0.015558	5.4141	6.2688	24.829	40.140	78.533	2612.5	-0.0010759	8.5765e-05	0.13248	liquid
262.67	2900.0	64.263	0.015561	5.4191	6.2740	24.849	40.139	78.543	2611.3	-0.0010716	8.5708e-05	0.13241	liquid
262.73	2900.0	64.249	0.015564	5.4242	6.2792	24.869	40.138	78.552	2610.2	-0.0010674	8.5651e-05	0.13235	liquid
262.80	2900.0	64.235	0.015568	5.4292	6.2845	24.889	40.138	78.562	2609.1	-0.0010631	8.5595e-05	0.13229	liquid
262.87	2900.0	64.221	0.015571	5.4343	6.2897	24.909	40.137	78.571	2607.9	-0.0010588	8.5538e-05	0.13222	liquid
262.93	2900.0	64.208	0.015574	5.4393	6.2950	24.929	40.136	78.581	2606.8	-0.0010546	8.5481e-05	0.13216	liquid
263.00	2900.0	64.194	0.015578	5.4444	6.3002	24.949	40.135	78.591	2605.7	-0.0010503	8.5425e-05	0.13210	liquid
263.07	2900.0	64.180	0.015581	5.4494	6.3054	24.968	40.134	78.600	2604.5	-0.0010460	8.5368e-05	0.13203	liquid
263.13	2900.0	64.166	0.015584	5.4545	6.3107	24.988	40.133	78.610	2603.4	-0.0010417	8.5312e-05	0.13197	liquid
263.20	2900.0	64.153	0.015588	5.4596	6.3159	25.008	40.132	78.620	2602.3	-0.0010374	8.5255e-05	0.13191	liquid
263.27	2900.0	64.139	0.015591	5.4646	6.3212	25.028	40.132	78.629	2601.2	-0.0010331	8.5199e-05	0.13184	liquid
263.33	2900.0	64.125	0.015595	5.4697	6.3264	25.048	40.131	78.639	2600.0	-0.0010287	8.5142e-05	0.13178	liquid
263.40	2900.0	64.111	0.015598	5.4747	6.3316	25.068	40.130	78.649	2598.9	-0.0010244	8.5086e-05	0.13172	liquid
263.47	2900.0	64.098	0.015601	5.4798	6.3369	25.088	40.129	78.658	2597.8	-0.0010201	8.5030e-05	0.13165	liquid
263.53	2900.0	64.084	0.015605	5.4848	6.3421	25.108	40.128	78.668	2596.6	-0.0010158	8.4974e-05	0.13159	liquid
263.60	2900.0	64.070	0.015608	5.4899	6.3474	25.128	40.127	78.678	2595.5	-0.0010114	8.4917e-05	0.13153	liquid
263.67	2900.0	64.056	0.015611	5.4950	6.3526	25.148	40.127	78.687	2594.4	-0.0010071	8.4861e-05	0.13146	liquid
263.73	2900.0	64.042	0.015615	5.5000	6.3579	25.167	40.126	78.697	2593.2	-0.0010027	8.4805e-05	0.13140	liquid
263.80	2900.0	64.029	0.015618	5.5051	6.3631	25.187	40.125	78.707	2592.1	-0.00099836	8.4749e-05	0.13134	liquid
263.87	2900.0	64.015	0.015621	5.5102	6.3684	25.207	40.124	78.717	2591.0	-0.00099400	8.4693e-05	0.13127	liquid
263.93	2900.0	64.001	0.015625	5.5152	6.3736	25.227	40.123	78.727	2589.8	-0.00098963	8.4637e-05	0.13121	liquid
264.00	2900.0	63.987	0.015628	5.5203	6.3789	25.247	40.123	78.736	2588.7	-0.00098525	8.4581e-05	0.13115	liquid
264.07	2900.0	63.973	0.015631	5.5253	6.3841	25.267	40.122	78.746	2587.6	-0.00098087	8.4525e-05	0.13108	liquid
264.13	2900.0	63.960	0.015635	5.5304	6.3894	25.287	40.121	78.756	2586.5	-0.00097649	8.4470e-05	0.13102	liquid
264.20	2900.0	63.946	0.015638	5.5355	6.3946	25.307	40.120	78.766	2585.3	-0.00097209	8.4414e-05	0.13096	liquid
264.27	2900.0	63.932	0.015642	5.5405	6.3999	25.327	40.119	78.776	2584.2	-0.00096769	8.4358e-05	0.13089	liquid
264.33	2900.0	63.918	0.015645	5.5456	6.4051	25.346	40.118	78.785	2583.1	-0.00096329	8.4302e-05	0.13083	liquid
264.40	2900.0	63.904	0.015648	5.5507	6.4104	25.366	40.118	78.795	2581.9	-0.00095888	8.4247e-05	0.13077	liquid
264.47	2900.0	63.891	0.015652	5.5557	6.4156	25.386	40.117	78.805	2580.8	-0.00095446	8.4191e-05	0.13071	liquid
264.53	2900.0	63.877	0.015655	5.5608	6.4209	25.406	40.116	78.815	2579.7	-0.00095003	8.4136e-05	0.13064	liquid
264.60	2900.0	63.863	0.015659	5.5659	6.4261	25.426	40.115	78.825	2578.5	-0.00094560	8.4080e-05	0.13058	liquid
264.67	2900.0	63.849	0.015662	5.5709	6.4314	25.446	40.114	78.835	2577.4	-0.00094117	8.4025e-05	0.13052	liquid
264.73	2900.0	63.835	0.015665	5.5760	6.4366	25.466	40.114	78.845	2576.3	-0.00093673	8.3969e-05	0.13045	liquid
264.80	2900.0	63.821	0.015669	5.5811	6.4419	25.485	40.113	78.855	2575.2	-0.00093228	8.3914e-05	0.13039	liquid
264.87	2900.0	63.807	0.015672	5.5862	6.4472	25.505	40.112	78.865	2574.0	-0.00092783	8.3859e-05	0.13033	liquid
264.93	2900.0	63.794	0.015676	5.5912	6.4524	25.525	40.111	78.875	2572.9	-0.00092337	8.3803e-05	0.13026	liquid
265.00	2900.0	63.780	0.015679	5.5963	6.4577	25.545	40.110	78.885	2571.8	-0.00091890	8.3748e-05	0.13020	liquid
265.07	2900.0	63.766	0.015682	5.6014	6.4629	25.565	40.110	78.895	2570.6	-0.00091443	8.3693e-05	0.13014	liquid
265.13	2900.0	63.752	0.015686	5.6064	6.4682	25.585	40.109	78.905	2569.5	-0.00090995	8.3638e-05	0.13008	liquid
265.20	2900.0	63.738	0.015689	5.6115	6.4735	25.605	40.108	78.915	2568.4	-0.00090547	8.3583e-05	0.13001	liquid
265.27	2900.0	63.724	0.015693	5.6166	6.4787	25.624	40.107	78.925	2567.3	-0.00090098	8.3528e-05	0.12995	liquid
265.33	2900.0	63.710	0.015696	5.6217	6.4840	25.644	40.107	78.935	2566.1	-0.00089648	8.3473e-05	0.12989	liquid
265.40	2900.0	63.696	0.015699	5.6267	6.4892	25.664	40.106	78.945	2565.0	-0.00089198	8.3418e-05	0.12982	liquid
265.47	2900.0	63.682	0.015703	5.6318	6.4945	25.684	40.105	78.955	2563.9	-0.00088747	8.3363e-05	0.12976	liquid
265.53	2900.0	63.669	0.015706	5.6369	6.4998	25.704	40.104	78.965	2562.7	-0.00088295	8.3308e-05	0.12970	liquid
265.60	2900.0	63.655	0.015710	5.6420	6.5050	25.724	40.103	78.975	2561.6	-0.00087843	8.3253e-05	0.12964	liquid
265.67	2900.0	63.641	0.015713	5.6470	6.5103	25.743	40.103	78.985	2560.5	-0.00087390	8.3198e-05	0.12957	liquid
265.73	2900.0	63.627	0.015717	5.6521	6.5156	25.763	40.102	78.995	2559.4	-0.00086937	8.3144e-05	0.12951	liquid
265.80	2900.0	63.613	0.015720	5.6572	6.5208	25.783	40.101	79.005	2558.2	-0.00086483	8.3089e-05	0.12945	liquid
265.87	2900.0	63.599	0.015724	5.6623	6.5261	25.803	40.100	79.016	2557.1	-0.00086028	8.3034e-05	0.12938	liquid
265.93	2900.0	63.585	0.015727	5.6674	6.5314	25.823	40.100	79.026	2556.0	-0.00085573	8.2980e-05	0.12932	liquid
266.00	2900.0	63.571	0.015730	5.6724	6.5366	25.842	40.099	79.036	2554.8	-0.00085117	8.2925e-05	0.12926	liquid
266.07	2900.0	63.557	0.015734	5.6775	6.5419	25.862	40.098	79.046	2553.7	-0.00084661	8.2871e-05	0.12920	liquid
266.13	2900.0	63.543	0.015737	5.6826	6.5472	25.882	40.097	79.056	2552.6	-0.00084204	8.2816e-05	0.12913	liquid
266.20	2900.0	63.529	0.015741	5.6877	6.5524	25.902	40.096	79.067	2551.5	-0.00083746	8.2762e-05	0.12907	liquid
266.27	2900.0	63.515	0.015744	5.6928	6.5577	25.922	40.096	79.077	2550.3	-0.00083288	8.2707e-05	0.12901	liquid
266.33	2900.0	63.501	0.015748	5.6978	6.5630	25.941	40.095	79.087	2549.2	-0.00082829	8.2653e-05	0.12894	liquid
266.40	2900.0	63.487	0.015751	5.7029	6.5683	25.961	40.094	79.097	2548.1	-0.00082369	8.2599e-05	0.12888	liquid
266.47	2900.0	63.474	0.015755	5.7080	6.5735	25.981	40.093	79.107	2546.9	-0.00081909	8.2544e-05	0.12882	liquid
266.53	2900.0	63.460	0.015758	5.7131	6.5788	26.001	40.093	79.118	2545.8	-0.00081448	8.2490e-05	0.12876	liquid
266.60	2900.0	63.446	0.015762	5.7182	6.5841	26.021	40.092	79.128	2544.7	-0.00080987	8.2436e-05	0.12869	liquid
266.67	2900.0	63.432	0.015765	5.7233	6.5894	26.040	40.091	79.138	2543.6	-0.00080524	8.2382e-05	0.12863	liquid
266.73	2900.0	63.418	0.015768	5.7283	6.5946	26.060	40.090	79.149	2542.4	-0.00080062	8.2328e-05	0.12857	liquid
266.80	2900.0	63.404	0.015772	5.7334	6.5999	26.080	40.090	79.159	2541.3	-0.00079598	8.2274e-05	0.12851	liquid
266.87	2900.0	63.390	0.015775	5.7385	6.6052	26.100	40.089	79.169	2540.2	-0.00079134	8.2220e-05	0.12844	liquid
266.93	2900.0	63.376	0.015779	5.7436	6.6105	26.119	40.088	79.180	2539.1	-0.00078669	8.2166e-05	0.12838	liquid
267.00	2900.0	63.362	0.015782	5.7487	6.6157	26.139	40.087	79.190	2537.9	-0.00078204	8.2112e-05	0.12832	liquid
267.07	2900.0	63.348	0.015786	5.7538	6.6210	26.159	40.087	79.200	2536.8	-0.00077738	8.2058e-05	0.12826	liquid
267.13	2900.0	63.334	0.015789	5.7589	6.6263	26.179	40.086	79.211	2535.7	-0.00077271	8.2004e-05	0.12819	liquid
267.20	2900.0	63.320	0.015793	5.7640	6.6316	26.199	40.085	79.221	2534.5	-0.00076804	8.1950e-05	0.12813	liquid
267.27	2900.0	63.306	0.015796	5.7690	6.6369	26.218	40.084	79.232	2533.4	-0.00076336	8.1897e-05	0.12807	liquid
267.33	2900.0	63.292	0.015800	5.7741	6.6422	26.238	40.084	79.242	2532.3	-0.00075868	8.1843e-05	0.12801	liquid
267.40	2900.0	63.278	0.015803	5.7792	6.6474	26.258	40.083	79.252	2531.2	-0.00075399	8.1789e-05	0.12794	liquid
267.47	2900.0	63.264	0.015807	5.7843	6.6527	26.278	40.082	79.263	2530.0	-0.00074929	8.1736e-05	0.12788	liquid
267.53	2900.0	63.250	0.015810	5.7894	6.6580	26.297	40.081	79.273	2528.9	-0.00074458	8.1682e-05	0.12782	liquid
267.60	2900.0	63.235	0.015814	5.7945	6.6633	26.317	40.081	79.284	2527.8	-0.00073987	8.1629e-05	0.12776	liquid
267.67	2900.0	63.221	0.015817	5.7996	6.6686	26.337	40.080	79.294	2526.7	-0.00073515	8.1575e-05	0.12769	liquid
267.73	2900.0	63.207	0.015821	5.8047	6.6739	26.357	40.079	79.305	2525.5	-0.00073043	8.1522e-05	0.12763	liquid
267.80	2900.0	63.193	0.015824	5.8098	6.6791	26.376	40.078	79.315	2524.4	-0.00072570	8.1468e-05	0.12757	liquid
267.87	2900.0	63.179	0.015828	5.8149	6.6844	26.396	40.078	79.326	2523.3	-0.00072096	8.1415e-05	0.12751	liquid
267.93	2900.0	63.165	0.015831	5.8200	6.6897	26.416	40.077	79.337	2522.2	-0.00071622	8.1362e-05	0.12744	liquid
268.00	2900.0	63.151	0.015835	5.8251	6.6950	26.436	40.076	79.347	2521.0	-0.00071147	8.1308e-05	0.12738	liquid
268.07	2900.0	63.137	0.015839	5.8302	6.7003	26.455	40.076	79.358	2519.9	-0.00070671	8.1255e-05	0.12732	liquid
268.13	2900.0	63.123	0.015842	5.8353	6.7056	26.475	40.075	79.368	2518.8	-0.00070194	8.1202e-05	0.12726	liquid
268.20	2900.0	63.109	0.015846	5.8404	6.7109	26.495	40.074	79.379	2517.6	-0.00069717	8.1149e-05	0.12719	liquid
268.27	2900.0	63.095	0.015849	5.8455	6.7162	26.515	40.073	79.389	2516.5	-0.00069240	8.1096e-05	0.12713	liquid
268.33	2900.0	63.081	0.015853	5.8506	6.7215	26.534	40.073	79.400	2515.4	-0.00068761	8.1043e-05	0.12707	liquid
268.40	2900.0	63.067	0.015856	5.8557	6.7268	26.554	40.072	79.411	2514.3	-0.00068282	8.0990e-05	0.12701	liquid
268.47	2900.0	63.053	0.015860	5.8608	6.7321	26.574	40.071	79.421	2513.1	-0.00067803	8.0937e-05	0.12695	liquid
268.53	2900.0	63.038	0.015863	5.8659	6.7374	26.593	40.071	79.432	2512.0	-0.00067322	8.0884e-05	0.12688	liquid
268.60	2900.0	63.024	0.015867	5.8710	6.7427	26.613	40.070	79.443	2510.9	-0.00066841	8.0831e-05	0.12682	liquid
268.67	2900.0	63.010	0.015870	5.8761	6.7479	26.633	40.069	79.453	2509.8	-0.00066360	8.0778e-05	0.12676	liquid
268.73	2900.0	62.996	0.015874	5.8812	6.7532	26.653	40.068	79.464	2508.6	-0.00065877	8.0725e-05	0.12670	liquid
268.80	2900.0	62.982	0.015878	5.8863	6.7585	26.672	40.068	79.475	2507.5	-0.00065394	8.0672e-05	0.12663	liquid
268.87	2900.0	62.968	0.015881	5.8914	6.7638	26.692	40.067	79.486	2506.4	-0.00064911	8.0619e-05	0.12657	liquid
268.93	2900.0	62.954	0.015885	5.8965	6.7691	26.712	40.066	79.496	2505.3	-0.00064426	8.0567e-05	0.12651	liquid
269.00	2900.0	62.940	0.015888	5.9016	6.7744	26.731	40.066	79.507	2504.1	-0.00063941	8.0514e-05	0.12645	liquid
269.07	2900.0	62.926	0.015892	5.9067	6.7797	26.751	40.065	79.518	2503.0	-0.00063456	8.0461e-05	0.12639	liquid
269.13	2900.0	62.911	0.015895	5.9118	6.7850	26.771	40.064	79.529	2501.9	-0.00062969	8.0409e-05	0.12632	liquid
269.20	2900.0	62.897	0.015899	5.9169	6.7903	26.791	40.063	79.539	2500.8	-0.00062482	8.0356e-05	0.12626	liquid
269.27	2900.0	62.883	0.015903	5.9220	6.7956	26.810	40.063	79.550	2499.6	-0.00061994	8.0304e-05	0.12620	liquid
269.33	2900.0	62.869	0.015906	5.9271	6.8010	26.830	40.062	79.561	2498.5	-0.00061506	8.0251e-05	0.12614	liquid
269.40	2900.0	62.855	0.015910	5.9322	6.8063	26.850	40.061	79.572	2497.4	-0.00061017	8.0199e-05	0.12607	liquid
269.47	2900.0	62.841	0.015913	5.9373	6.8116	26.869	40.061	79.583	2496.3	-0.00060527	8.0147e-05	0.12601	liquid
269.53	2900.0	62.826	0.015917	5.9424	6.8169	26.889	40.060	79.594	2495.1	-0.00060037	8.0094e-05	0.12595	liquid
269.60	2900.0	62.812	0.015920	5.9475	6.8222	26.909	40.059	79.605	2494.0	-0.00059545	8.0042e-05	0.12589	liquid
269.67	2900.0	62.798	0.015924	5.9526	6.8275	26.928	40.059	79.615	2492.9	-0.00059054	7.9990e-05	0.12583	liquid
269.73	2900.0	62.784	0.015928	5.9578	6.8328	26.948	40.058	79.626	2491.8	-0.00058561	7.9937e-05	0.12576	liquid
269.80	2900.0	62.770	0.015931	5.9629	6.8381	26.968	40.057	79.637	2490.6	-0.00058068	7.9885e-05	0.12570	liquid
269.87	2900.0	62.756	0.015935	5.9680	6.8434	26.987	40.057	79.648	2489.5	-0.00057574	7.9833e-05	0.12564	liquid
269.93	2900.0	62.741	0.015938	5.9731	6.8487	27.007	40.056	79.659	2488.4	-0.00057079	7.9781e-05	0.12558	liquid
270.00	2900.0	62.727	0.015942	5.9782	6.8540	27.027	40.055	79.670	2487.3	-0.00056584	7.9729e-05	0.12552	liquid
270.07	2900.0	62.713	0.015946	5.9833	6.8593	27.046	40.054	79.681	2486.1	-0.00056088	7.9677e-05	0.12545	liquid
270.13	2900.0	62.699	0.015949	5.9884	6.8647	27.066	40.054	79.692	2485.0	-0.00055592	7.9625e-05	0.12539	liquid
270.20	2900.0	62.684	0.015953	5.9935	6.8700	27.086	40.053	79.703	2483.9	-0.00055094	7.9573e-05	0.12533	liquid
270.27	2900.0	62.670	0.015957	5.9987	6.8753	27.105	40.052	79.714	2482.8	-0.00054596	7.9521e-05	0.12527	liquid
270.33	2900.0	62.656	0.015960	6.0038	6.8806	27.125	40.052	79.725	2481.6	-0.00054098	7.9469e-05	0.12521	liquid
270.40	2900.0	62.642	0.015964	6.0089	6.8859	27.145	40.051	79.736	2480.5	-0.00053598	7.9417e-05	0.12515	liquid
270.47	2900.0	62.628	0.015967	6.0140	6.8912	27.164	40.050	79.747	2479.4	-0.00053098	7.9366e-05	0.12508	liquid
270.53	2900.0	62.613	0.015971	6.0191	6.8965	27.184	40.050	79.758	2478.3	-0.00052597	7.9314e-05	0.12502	liquid
270.60	2900.0	62.599	0.015975	6.0242	6.9019	27.204	40.049	79.769	2477.1	-0.00052096	7.9262e-05	0.12496	liquid
270.67	2900.0	62.585	0.015978	6.0294	6.9072	27.223	40.048	79.781	2476.0	-0.00051593	7.9211e-05	0.12490	liquid
270.73	2900.0	62.571	0.015982	6.0345	6.9125	27.243	40.048	79.792	2474.9	-0.00051091	7.9159e-05	0.12484	liquid
270.80	2900.0	62.556	0.015986	6.0396	6.9178	27.263	40.047	79.803	2473.8	-0.00050587	7.9107e-05	0.12477	liquid
270.87	2900.0	62.542	0.015989	6.0447	6.9231	27.282	40.046	79.814	2472.6	-0.00050083	7.9056e-05	0.12471	liquid
270.93	2900.0	62.528	0.015993	6.0498	6.9285	27.302	40.046	79.825	2471.5	-0.00049577	7.9004e-05	0.12465	liquid
271.00	2900.0	62.514	0.015997	6.0550	6.9338	27.322	40.045	79.836	2470.4	-0.00049072	7.8953e-05	0.12459	liquid
271.07	2900.0	62.499	0.016000	6.0601	6.9391	27.341	40.044	79.848	2469.3	-0.00048565	7.8901e-05	0.12453	liquid
271.13	2900.0	62.485	0.016004	6.0652	6.9444	27.361	40.044	79.859	2468.2	-0.00048058	7.8850e-05	0.12447	liquid
271.20	2900.0	62.471	0.016008	6.0703	6.9498	27.380	40.043	79.870	2467.0	-0.00047550	7.8799e-05	0.12440	liquid
271.27	2900.0	62.456	0.016011	6.0755	6.9551	27.400	40.043	79.881	2465.9	-0.00047042	7.8747e-05	0.12434	liquid
271.33	2900.0	62.442	0.016015	6.0806	6.9604	27.420	40.042	79.892	2464.8	-0.00046532	7.8696e-05	0.12428	liquid
271.40	2900.0	62.428	0.016019	6.0857	6.9657	27.439	40.041	79.904	2463.7	-0.00046022	7.8645e-05	0.12422	liquid
271.47	2900.0	62.413	0.016022	6.0908	6.9711	27.459	40.041	79.915	2462.5	-0.00045512	7.8593e-05	0.12416	liquid
271.53	2900.0	62.399	0.016026	6.0960	6.9764	27.479	40.040	79.926	2461.4	-0.00045000	7.8542e-05	0.12410	liquid
271.60	2900.0	62.385	0.016030	6.1011	6.9817	27.498	40.039	79.938	2460.3	-0.00044488	7.8491e-05	0.12403	liquid
271.67	2900.0	62.371	0.016033	6.1062	6.9870	27.518	40.039	79.949	2459.2	-0.00043975	7.8440e-05	0.12397	liquid
271.73	2900.0	62.356	0.016037	6.1113	6.9924	27.537	40.038	79.960	2458.0	-0.00043461	7.8389e-05	0.12391	liquid
271.80	2900.0	62.342	0.016041	6.1165	6.9977	27.557	40.037	79.972	2456.9	-0.00042947	7.8338e-05	0.12385	liquid
271.87	2900.0	62.328	0.016044	6.1216	7.0030	27.577	40.037	79.983	2455.8	-0.00042432	7.8287e-05	0.12379	liquid
271.93	2900.0	62.313	0.016048	6.1267	7.0084	27.596	40.036	79.994	2454.7	-0.00041916	7.8236e-05	0.12373	liquid
272.00	2900.0	62.299	0.016052	6.1319	7.0137	27.616	40.035	80.006	2453.6	-0.00041400	7.8185e-05	0.12366	liquid
272.07	2900.0	62.285	0.016055	6.1370	7.0190	27.636	40.035	80.017	2452.4	-0.00040882	7.8134e-05	0.12360	liquid
272.13	2900.0	62.270	0.016059	6.1421	7.0244	27.655	40.034	80.028	2451.3	-0.00040364	7.8083e-05	0.12354	liquid
272.20	2900.0	62.256	0.016063	6.1472	7.0297	27.675	40.034	80.040	2450.2	-0.00039846	7.8033e-05	0.12348	liquid
272.27	2900.0	62.241	0.016066	6.1524	7.0350	27.694	40.033	80.051	2449.1	-0.00039326	7.7982e-05	0.12342	liquid
272.33	2900.0	62.227	0.016070	6.1575	7.0404	27.714	40.032	80.063	2447.9	-0.00038806	7.7931e-05	0.12336	liquid
272.40	2900.0	62.213	0.016074	6.1626	7.0457	27.734	40.032	80.074	2446.8	-0.00038285	7.7880e-05	0.12330	liquid
272.47	2900.0	62.198	0.016078	6.1678	7.0511	27.753	40.031	80.086	2445.7	-0.00037764	7.7830e-05	0.12323	liquid
272.53	2900.0	62.184	0.016081	6.1729	7.0564	27.773	40.030	80.097	2444.6	-0.00037241	7.7779e-05	0.12317	liquid
272.60	2900.0	62.170	0.016085	6.1781	7.0617	27.792	40.030	80.109	2443.5	-0.00036718	7.7729e-05	0.12311	liquid
272.67	2900.0	62.155	0.016089	6.1832	7.0671	27.812	40.029	80.120	2442.3	-0.00036194	7.7678e-05	0.12305	liquid
272.73	2900.0	62.141	0.016092	6.1883	7.0724	27.832	40.029	80.132	2441.2	-0.00035670	7.7628e-05	0.12299	liquid
272.80	2900.0	62.126	0.016096	6.1935	7.0778	27.851	40.028	80.143	2440.1	-0.00035144	7.7577e-05	0.12293	liquid
272.87	2900.0	62.112	0.016100	6.1986	7.0831	27.871	40.027	80.155	2439.0	-0.00034618	7.7527e-05	0.12287	liquid
272.93	2900.0	62.098	0.016104	6.2037	7.0884	27.890	40.027	80.167	2437.8	-0.00034091	7.7476e-05	0.12280	liquid
273.00	2900.0	62.083	0.016107	6.2089	7.0938	27.910	40.026	80.178	2436.7	-0.00033564	7.7426e-05	0.12274	liquid
273.07	2900.0	62.069	0.016111	6.2140	7.0991	27.929	40.025	80.190	2435.6	-0.00033036	7.7376e-05	0.12268	liquid
273.13	2900.0	62.054	0.016115	6.2192	7.1045	27.949	40.025	80.201	2434.5	-0.00032507	7.7325e-05	0.12262	liquid
273.20	2900.0	62.040	0.016119	6.2243	7.1098	27.969	40.024	80.213	2433.4	-0.00031977	7.7275e-05	0.12256	liquid
273.27	2900.0	62.025	0.016122	6.2294	7.1152	27.988	40.024	80.225	2432.2	-0.00031446	7.7225e-05	0.12250	liquid
273.33	2900.0	62.011	0.016126	6.2346	7.1205	28.008	40.023	80.236	2431.1	-0.00030915	7.7175e-05	0.12244	liquid
273.40	2900.0	61.997	0.016130	6.2397	7.1259	28.027	40.022	80.248	2430.0	-0.00030383	7.7125e-05	0.12238	liquid
273.47	2900.0	61.982	0.016134	6.2449	7.1312	28.047	40.022	80.260	2428.9	-0.00029850	7.7075e-05	0.12231	liquid
273.53	2900.0	61.968	0.016137	6.2500	7.1366	28.066	40.021	80.272	2427.7	-0.00029316	7.7024e-05	0.12225	liquid
273.60	2900.0	61.953	0.016141	6.2552	7.1419	28.086	40.021	80.283	2426.6	-0.00028782	7.6974e-05	0.12219	liquid
273.67	2900.0	61.939	0.016145	6.2603	7.1473	28.106	40.020	80.295	2425.5	-0.00028247	7.6924e-05	0.12213	liquid
273.73	2900.0	61.924	0.016149	6.2655	7.1526	28.125	40.019	80.307	2424.4	-0.00027711	7.6875e-05	0.12207	liquid
273.80	2900.0	61.910	0.016153	6.2706	7.1580	28.145	40.019	80.319	2423.3	-0.00027175	7.6825e-05	0.12201	liquid
273.87	2900.0	61.895	0.016156	6.2757	7.1633	28.164	40.018	80.330	2422.1	-0.00026637	7.6775e-05	0.12195	liquid
273.93	2900.0	61.881	0.016160	6.2809	7.1687	28.184	40.018	80.342	2421.0	-0.00026099	7.6725e-05	0.12189	liquid
274.00	2900.0	61.866	0.016164	6.2860	7.1741	28.203	40.017	80.354	2419.9	-0.00025560	7.6675e-05	0.12183	liquid
274.07	2900.0	61.852	0.016168	6.2912	7.1794	28.223	40.016	80.366	2418.8	-0.00025020	7.6625e-05	0.12176	liquid
274.13	2900.0	61.837	0.016171	6.2963	7.1848	28.242	40.016	80.378	2417.7	-0.00024480	7.6576e-05	0.12170	liquid
274.20	2900.0	61.823	0.016175	6.3015	7.1901	28.262	40.015	80.390	2416.5	-0.00023939	7.6526e-05	0.12164	liquid
274.27	2900.0	61.808	0.016179	6.3066	7.1955	28.282	40.015	80.401	2415.4	-0.00023397	7.6476e-05	0.12158	liquid
274.33	2900.0	61.794	0.016183	6.3118	7.2009	28.301	40.014	80.413	2414.3	-0.00022854	7.6427e-05	0.12152	liquid
274.40	2900.0	61.779	0.016187	6.3169	7.2062	28.321	40.013	80.425	2413.2	-0.00022311	7.6377e-05	0.12146	liquid
274.47	2900.0	61.765	0.016190	6.3221	7.2116	28.340	40.013	80.437	2412.0	-0.00021766	7.6327e-05	0.12140	liquid
274.53	2900.0	61.750	0.016194	6.3273	7.2169	28.360	40.012	80.449	2410.9	-0.00021221	7.6278e-05	0.12134	liquid
274.60	2900.0	61.736	0.016198	6.3324	7.2223	28.379	40.012	80.461	2409.8	-0.00020675	7.6228e-05	0.12128	liquid
274.67	2900.0	61.721	0.016202	6.3376	7.2277	28.399	40.011	80.473	2408.7	-0.00020129	7.6179e-05	0.12122	liquid
274.73	2900.0	61.707	0.016206	6.3427	7.2330	28.418	40.011	80.485	2407.6	-0.00019581	7.6129e-05	0.12115	liquid
274.80	2900.0	61.692	0.016210	6.3479	7.2384	28.438	40.010	80.497	2406.4	-0.00019033	7.6080e-05	0.12109	liquid
274.87	2900.0	61.678	0.016213	6.3530	7.2438	28.457	40.009	80.509	2405.3	-0.00018484	7.6031e-05	0.12103	liquid
274.93	2900.0	61.663	0.016217	6.3582	7.2491	28.477	40.009	80.521	2404.2	-0.00017934	7.5981e-05	0.12097	liquid
275.00	2900.0	61.648	0.016221	6.3633	7.2545	28.496	40.008	80.533	2403.1	-0.00017384	7.5932e-05	0.12091	liquid
275.07	2900.0	61.634	0.016225	6.3685	7.2599	28.516	40.008	80.545	2402.0	-0.00016832	7.5883e-05	0.12085	liquid
275.13	2900.0	61.619	0.016229	6.3737	7.2652	28.535	40.007	80.557	2400.8	-0.00016280	7.5834e-05	0.12079	liquid
275.20	2900.0	61.605	0.016233	6.3788	7.2706	28.555	40.007	80.569	2399.7	-0.00015727	7.5785e-05	0.12073	liquid
275.27	2900.0	61.590	0.016236	6.3840	7.2760	28.574	40.006	80.582	2398.6	-0.00015174	7.5735e-05	0.12067	liquid
275.33	2900.0	61.575	0.016240	6.3891	7.2814	28.594	40.005	80.594	2397.5	-0.00014619	7.5686e-05	0.12061	liquid
275.40	2900.0	61.561	0.016244	6.3943	7.2867	28.613	40.005	80.606	2396.4	-0.00014064	7.5637e-05	0.12055	liquid
275.47	2900.0	61.546	0.016248	6.3995	7.2921	28.633	40.004	80.618	2395.2	-0.00013508	7.5588e-05	0.12049	liquid
275.53	2900.0	61.532	0.016252	6.4046	7.2975	28.653	40.004	80.630	2394.1	-0.00012951	7.5539e-05	0.12042	liquid
275.60	2900.0	61.517	0.016256	6.4098	7.3029	28.672	40.003	80.642	2393.0	-0.00012393	7.5490e-05	0.12036	liquid
275.67	2900.0	61.502	0.016260	6.4150	7.3082	28.692	40.003	80.655	2391.9	-0.00011835	7.5441e-05	0.12030	liquid
275.73	2900.0	61.488	0.016263	6.4201	7.3136	28.711	40.002	80.667	2390.8	-0.00011276	7.5392e-05	0.12024	liquid
275.80	2900.0	61.473	0.016267	6.4253	7.3190	28.731	40.002	80.679	2389.6	-0.00010715	7.5343e-05	0.12018	liquid
275.87	2900.0	61.459	0.016271	6.4305	7.3244	28.750	40.001	80.691	2388.5	-0.00010155	7.5295e-05	0.12012	liquid
275.93	2900.0	61.444	0.016275	6.4356	7.3297	28.770	40.000	80.704	2387.4	-9.5929e-05	7.5246e-05	0.12006	liquid
276.00	2900.0	61.429	0.016279	6.4408	7.3351	28.789	40.000	80.716	2386.3	-9.0304e-05	7.5197e-05	0.12000	liquid
276.07	2900.0	61.415	0.016283	6.4460	7.3405	28.809	39.999	80.728	2385.2	-8.4671e-05	7.5148e-05	0.11994	liquid
276.13	2900.0	61.400	0.016287	6.4511	7.3459	28.828	39.999	80.740	2384.0	-7.9030e-05	7.5100e-05	0.11988	liquid
276.20	2900.0	61.385	0.016291	6.4563	7.3513	28.848	39.998	80.753	2382.9	-7.3381e-05	7.5051e-05	0.11982	liquid
276.27	2900.0	61.371	0.016294	6.4615	7.3567	28.867	39.998	80.765	2381.8	-6.7723e-05	7.5002e-05	0.11976	liquid
276.33	2900.0	61.356	0.016298	6.4666	7.3620	28.886	39.997	80.777	2380.7	-6.2058e-05	7.4954e-05	0.11970	liquid
276.40	2900.0	61.341	0.016302	6.4718	7.3674	28.906	39.997	80.790	2379.6	-5.6384e-05	7.4905e-05	0.11964	liquid
276.47	2900.0	61.327	0.016306	6.4770	7.3728	28.925	39.996	80.802	2378.5	-5.0702e-05	7.4857e-05	0.11958	liquid
276.53	2900.0	61.312	0.016310	6.4822	7.3782	28.945	39.996	80.815	2377.3	-4.5012e-05	7.4808e-05	0.11951	liquid
276.60	2900.0	61.297	0.016314	6.4873	7.3836	28.964	39.995	80.827	2376.2	-3.9314e-05	7.4760e-05	0.11945	liquid
276.67	2900.0	61.283	0.016318	6.4925	7.3890	28.984	39.994	80.839	2375.1	-3.3608e-05	7.4711e-05	0.11939	liquid
276.73	2900.0	61.268	0.016322	6.4977	7.3944	29.003	39.994	80.852	2374.0	-2.7893e-05	7.4663e-05	0.11933	liquid
276.80	2900.0	61.253	0.016326	6.5029	7.3998	29.023	39.993	80.864	2372.9	-2.2170e-05	7.4614e-05	0.11927	liquid
276.87	2900.0	61.239	0.016330	6.5080	7.4052	29.042	39.993	80.877	2371.7	-1.6439e-05	7.4566e-05	0.11921	liquid
276.93	2900.0	61.224	0.016334	6.5132	7.4105	29.062	39.992	80.889	2370.6	-1.0700e-05	7.4518e-05	0.11915	liquid
277.00	2900.0	61.209	0.016337	6.5184	7.4159	29.081	39.992	80.902	2369.5	-4.9520e-06	7.4470e-05	0.11909	liquid
277.07	2900.0	61.194	0.016341	6.5236	7.4213	29.101	39.991	80.914	2368.4	8.0398e-07	7.4421e-05	0.11903	liquid
277.13	2900.0	61.180	0.016345	6.5287	7.4267	29.120	39.991	80.927	2367.3	6.5683e-06	7.4373e-05	0.11897	liquid
277.20	2900.0	61.165	0.016349	6.5339	7.4321	29.140	39.990	80.940	2366.1	1.2341e-05	7.4325e-05	0.11891	liquid
277.27	2900.0	61.150	0.016353	6.5391	7.4375	29.159	39.990	80.952	2365.0	1.8122e-05	7.4277e-05	0.11885	liquid
277.33	2900.0	61.135	0.016357	6.5443	7.4429	29.179	39.989	80.965	2363.9	2.3911e-05	7.4229e-05	0.11879	liquid
277.40	2900.0	61.121	0.016361	6.5495	7.4483	29.198	39.989	80.977	2362.8	2.9709e-05	7.4181e-05	0.11873	liquid
277.47	2900.0	61.106	0.016365	6.5546	7.4537	29.218	39.988	80.990	2361.7	3.5515e-05	7.4133e-05	0.11867	liquid
277.53	2900.0	61.091	0.016369	6.5598	7.4591	29.237	39.988	81.003	2360.6	4.1330e-05	7.4085e-05	0.11861	liquid
277.60	2900.0	61.076	0.016373	6.5650	7.4645	29.256	39.987	81.015	2359.4	4.7153e-05	7.4037e-05	0.11855	liquid
277.67	2900.0	61.062	0.016377	6.5702	7.4699	29.276	39.987	81.028	2358.3	5.2984e-05	7.3989e-05	0.11849	liquid
277.73	2900.0	61.047	0.016381	6.5754	7.4753	29.295	39.986	81.041	2357.2	5.8824e-05	7.3941e-05	0.11843	liquid
277.80	2900.0	61.032	0.016385	6.5806	7.4807	29.315	39.986	81.053	2356.1	6.4672e-05	7.3893e-05	0.11837	liquid
277.87	2900.0	61.017	0.016389	6.5857	7.4861	29.334	39.985	81.066	2355.0	7.0529e-05	7.3845e-05	0.11831	liquid
277.93	2900.0	61.002	0.016393	6.5909	7.4915	29.354	39.985	81.079	2353.8	7.6394e-05	7.3797e-05	0.11825	liquid
278.00	2900.0	60.988	0.016397	6.5961	7.4969	29.373	39.984	81.092	2352.7	8.2268e-05	7.3750e-05	0.11819	liquid
278.07	2900.0	60.973	0.016401	6.6013	7.5023	29.393	39.984	81.104	2351.6	8.8150e-05	7.3702e-05	0.11813	liquid
278.13	2900.0	60.958	0.016405	6.6065	7.5077	29.412	39.983	81.117	2350.5	9.4041e-05	7.3654e-05	0.11807	liquid
278.20	2900.0	60.943	0.016409	6.6117	7.5132	29.431	39.983	81.130	2349.4	9.9941e-05	7.3606e-05	0.11801	liquid
278.27	2900.0	60.928	0.016413	6.6169	7.5186	29.451	39.982	81.143	2348.3	0.00010585	7.3559e-05	0.11795	liquid
278.33	2900.0	60.914	0.016417	6.6221	7.5240	29.470	39.982	81.156	2347.1	0.00011177	7.3511e-05	0.11789	liquid
278.40	2900.0	60.899	0.016421	6.6273	7.5294	29.490	39.981	81.168	2346.0	0.00011769	7.3464e-05	0.11783	liquid
278.47	2900.0	60.884	0.016425	6.6325	7.5348	29.509	39.981	81.181	2344.9	0.00012362	7.3416e-05	0.11777	liquid
278.53	2900.0	60.869	0.016429	6.6376	7.5402	29.529	39.980	81.194	2343.8	0.00012957	7.3368e-05	0.11771	liquid
278.60	2900.0	60.854	0.016433	6.6428	7.5456	29.548	39.980	81.207	2342.7	0.00013552	7.3321e-05	0.11765	liquid
278.67	2900.0	60.839	0.016437	6.6480	7.5510	29.568	39.979	81.220	2341.5	0.00014148	7.3274e-05	0.11759	liquid
278.73	2900.0	60.825	0.016441	6.6532	7.5565	29.587	39.979	81.233	2340.4	0.00014745	7.3226e-05	0.11753	liquid
278.80	2900.0	60.810	0.016445	6.6584	7.5619	29.606	39.978	81.246	2339.3	0.00015342	7.3179e-05	0.11747	liquid
278.87	2900.0	60.795	0.016449	6.6636	7.5673	29.626	39.978	81.259	2338.2	0.00015941	7.3131e-05	0.11741	liquid
278.93	2900.0	60.780	0.016453	6.6688	7.5727	29.645	39.977	81.272	2337.1	0.00016540	7.3084e-05	0.11735	liquid
279.00	2900.0	60.765	0.016457	6.6740	7.5781	29.665	39.977	81.285	2336.0	0.00017141	7.3037e-05	0.11729	liquid
279.07	2900.0	60.750	0.016461	6.6792	7.5835	29.684	39.976	81.298	2334.8	0.00017742	7.2989e-05	0.11723	liquid
279.13	2900.0	60.735	0.016465	6.6844	7.5890	29.704	39.976	81.311	2333.7	0.00018344	7.2942e-05	0.11717	liquid
279.20	2900.0	60.720	0.016469	6.6896	7.5944	29.723	39.975	81.324	2332.6	0.00018947	7.2895e-05	0.11711	liquid
279.27	2900.0	60.706	0.016473	6.6948	7.5998	29.742	39.975	81.337	2331.5	0.00019551	7.2848e-05	0.11705	liquid
279.33	2900.0	60.691	0.016477	6.7000	7.6052	29.762	39.974	81.350	2330.4	0.00020155	7.2801e-05	0.11699	liquid
279.40	2900.0	60.676	0.016481	6.7052	7.6106	29.781	39.974	81.363	2329.3	0.00020761	7.2754e-05	0.11693	liquid
279.47	2900.0	60.661	0.016485	6.7104	7.6161	29.801	39.973	81.376	2328.1	0.00021368	7.2707e-05	0.11687	liquid
279.53	2900.0	60.646	0.016489	6.7156	7.6215	29.820	39.973	81.389	2327.0	0.00021975	7.2659e-05	0.11681	liquid
279.60	2900.0	60.631	0.016493	6.7208	7.6269	29.839	39.972	81.403	2325.9	0.00022583	7.2612e-05	0.11675	liquid
279.67	2900.0	60.616	0.016497	6.7260	7.6324	29.859	39.972	81.416	2324.8	0.00023192	7.2565e-05	0.11669	liquid
279.73	2900.0	60.601	0.016501	6.7312	7.6378	29.878	39.972	81.429	2323.7	0.00023802	7.2519e-05	0.11663	liquid
279.80	2900.0	60.586	0.016505	6.7364	7.6432	29.898	39.971	81.442	2322.6	0.00024413	7.2472e-05	0.11657	liquid
279.87	2900.0	60.571	0.016509	6.7416	7.6486	29.917	39.971	81.455	2321.4	0.00025025	7.2425e-05	0.11651	liquid
279.93	2900.0	60.556	0.016514	6.7468	7.6541	29.936	39.970	81.469	2320.3	0.00025638	7.2378e-05	0.11645	liquid
280.00	2900.0	60.541	0.016518	6.7521	7.6595	29.956	39.970	81.482	2319.2	0.00026252	7.2331e-05	0.11639	liquid
280.07	2900.0	60.526	0.016522	6.7573	7.6649	29.975	39.969	81.495	2318.1	0.00026866	7.2284e-05	0.11633	liquid
280.13	2900.0	60.511	0.016526	6.7625	7.6704	29.995	39.969	81.508	2317.0	0.00027482	7.2237e-05	0.11627	liquid
280.20	2900.0	60.496	0.016530	6.7677	7.6758	30.014	39.968	81.522	2315.9	0.00028098	7.2191e-05	0.11621	liquid
280.27	2900.0	60.481	0.016534	6.7729	7.6812	30.033	39.968	81.535	2314.7	0.00028715	7.2144e-05	0.11615	liquid
280.33	2900.0	60.466	0.016538	6.7781	7.6867	30.053	39.967	81.548	2313.6	0.00029333	7.2097e-05	0.11609	liquid
280.40	2900.0	60.451	0.016542	6.7833	7.6921	30.072	39.967	81.562	2312.5	0.00029952	7.2051e-05	0.11603	liquid
280.47	2900.0	60.436	0.016546	6.7885	7.6975	30.092	39.967	81.575	2311.4	0.00030572	7.2004e-05	0.11597	liquid
280.53	2900.0	60.421	0.016550	6.7937	7.7030	30.111	39.966	81.588	2310.3	0.00031193	7.1957e-05	0.11591	liquid
280.60	2900.0	60.406	0.016555	6.7990	7.7084	30.130	39.966	81.602	2309.2	0.00031815	7.1911e-05	0.11585	liquid
280.67	2900.0	60.391	0.016559	6.8042	7.7139	30.150	39.965	81.615	2308.0	0.00032438	7.1864e-05	0.11579	liquid
280.73	2900.0	60.376	0.016563	6.8094	7.7193	30.169	39.965	81.629	2306.9	0.00033061	7.1818e-05	0.11573	liquid
280.80	2900.0	60.361	0.016567	6.8146	7.7248	30.189	39.964	81.642	2305.8	0.00033686	7.1771e-05	0.11567	liquid
280.87	2900.0	60.346	0.016571	6.8198	7.7302	30.208	39.964	81.656	2304.7	0.00034312	7.1725e-05	0.11561	liquid
280.93	2900.0	60.331	0.016575	6.8250	7.7356	30.227	39.963	81.669	2303.6	0.00034938	7.1679e-05	0.11555	liquid
281.00	2900.0	60.316	0.016579	6.8302	7.7411	30.247	39.963	81.683	2302.5	0.00035565	7.1632e-05	0.11549	liquid
281.07	2900.0	60.301	0.016583	6.8355	7.7465	30.266	39.963	81.696	2301.3	0.00036193	7.1586e-05	0.11543	liquid
281.13	2900.0	60.286	0.016588	6.8407	7.7520	30.285	39.962	81.710	2300.2	0.00036823	7.1539e-05	0.11538	liquid
281.20	2900.0	60.271	0.016592	6.8459	7.7574	30.305	39.962	81.723	2299.1	0.00037453	7.1493e-05	0.11532	liquid
281.27	2900.0	60.256	0.016596	6.8511	7.7629	30.324	39.961	81.737	2298.0	0.00038084	7.1447e-05	0.11526	liquid
281.33	2900.0	60.241	0.016600	6.8563	7.7683	30.344	39.961	81.750	2296.9	0.00038716	7.1401e-05	0.11520	liquid
281.40	2900.0	60.226	0.016604	6.8616	7.7738	30.363	39.960	81.764	2295.8	0.00039349	7.1354e-05	0.11514	liquid
281.47	2900.0	60.211	0.016608	6.8668	7.7792	30.382	39.960	81.778	2294.7	0.00039982	7.1308e-05	0.11508	liquid
281.53	2900.0	60.196	0.016612	6.8720	7.7847	30.402	39.960	81.791	2293.5	0.00040617	7.1262e-05	0.11502	liquid
281.60	2900.0	60.181	0.016617	6.8772	7.7901	30.421	39.959	81.805	2292.4	0.00041253	7.1216e-05	0.11496	liquid
281.67	2900.0	60.165	0.016621	6.8825	7.7956	30.440	39.959	81.819	2291.3	0.00041890	7.1170e-05	0.11490	liquid
281.73	2900.0	60.150	0.016625	6.8877	7.8010	30.460	39.958	81.832	2290.2	0.00042527	7.1124e-05	0.11484	liquid
281.80	2900.0	60.135	0.016629	6.8929	7.8065	30.479	39.958	81.846	2289.1	0.00043166	7.1078e-05	0.11478	liquid
281.87	2900.0	60.120	0.016633	6.8981	7.8120	30.499	39.957	81.860	2288.0	0.00043805	7.1032e-05	0.11472	liquid
281.93	2900.0	60.105	0.016638	6.9034	7.8174	30.518	39.957	81.874	2286.8	0.00044446	7.0986e-05	0.11466	liquid
282.00	2900.0	60.090	0.016642	6.9086	7.8229	30.537	39.957	81.887	2285.7	0.00045087	7.0940e-05	0.11460	liquid
282.07	2900.0	60.075	0.016646	6.9138	7.8283	30.557	39.956	81.901	2284.6	0.00045729	7.0894e-05	0.11454	liquid
282.13	2900.0	60.060	0.016650	6.9191	7.8338	30.576	39.956	81.915	2283.5	0.00046373	7.0848e-05	0.11449	liquid
282.20	2900.0	60.044	0.016654	6.9243	7.8393	30.595	39.955	81.929	2282.4	0.00047017	7.0802e-05	0.11443	liquid
282.27	2900.0	60.029	0.016659	6.9295	7.8447	30.615	39.955	81.943	2281.3	0.00047662	7.0757e-05	0.11437	liquid
282.33	2900.0	60.014	0.016663	6.9348	7.8502	30.634	39.955	81.956	2280.2	0.00048308	7.0711e-05	0.11431	liquid
282.40	2900.0	59.999	0.016667	6.9400	7.8556	30.653	39.954	81.970	2279.0	0.00048955	7.0665e-05	0.11425	liquid
282.47	2900.0	59.984	0.016671	6.9452	7.8611	30.673	39.954	81.984	2277.9	0.00049603	7.0619e-05	0.11419	liquid
282.53	2900.0	59.969	0.016675	6.9505	7.8666	30.692	39.953	81.998	2276.8	0.00050252	7.0574e-05	0.11413	liquid
282.60	2900.0	59.954	0.016680	6.9557	7.8720	30.711	39.953	82.012	2275.7	0.00050902	7.0528e-05	0.11407	liquid
282.67	2900.0	59.938	0.016684	6.9609	7.8775	30.731	39.953	82.026	2274.6	0.00051553	7.0482e-05	0.11401	liquid
282.73	2900.0	59.923	0.016688	6.9662	7.8830	30.750	39.952	82.040	2273.5	0.00052205	7.0437e-05	0.11395	liquid
282.80	2900.0	59.908	0.016692	6.9714	7.8884	30.769	39.952	82.054	2272.4	0.00052858	7.0391e-05	0.11389	liquid
282.87	2900.0	59.893	0.016697	6.9766	7.8939	30.789	39.951	82.068	2271.2	0.00053512	7.0345e-05	0.11383	liquid
282.93	2900.0	59.878	0.016701	6.9819	7.8994	30.808	39.951	82.082	2270.1	0.00054167	7.0300e-05	0.11378	liquid
283.00	2900.0	59.862	0.016705	6.9871	7.9049	30.827	39.951	82.096	2269.0	0.00054823	7.0254e-05	0.11372	liquid
283.07	2900.0	59.847	0.016709	6.9924	7.9103	30.847	39.950	82.110	2267.9	0.00055480	7.0209e-05	0.11366	liquid
283.13	2900.0	59.832	0.016713	6.9976	7.9158	30.866	39.950	82.124	2266.8	0.00056137	7.0163e-05	0.11360	liquid
283.20	2900.0	59.817	0.016718	7.0028	7.9213	30.885	39.949	82.138	2265.7	0.00056796	7.0118e-05	0.11354	liquid
283.27	2900.0	59.801	0.016722	7.0081	7.9268	30.905	39.949	82.152	2264.6	0.00057456	7.0073e-05	0.11348	liquid
283.33	2900.0	59.786	0.016726	7.0133	7.9322	30.924	39.949	82.166	2263.4	0.00058117	7.0027e-05	0.11342	liquid
283.40	2900.0	59.771	0.016731	7.0186	7.9377	30.943	39.948	82.181	2262.3	0.00058778	6.9982e-05	0.11336	liquid
283.47	2900.0	59.756	0.016735	7.0238	7.9432	30.963	39.948	82.195	2261.2	0.00059441	6.9937e-05	0.11330	liquid
283.53	2900.0	59.740	0.016739	7.0291	7.9487	30.982	39.947	82.209	2260.1	0.00060105	6.9891e-05	0.11325	liquid
283.60	2900.0	59.725	0.016743	7.0343	7.9542	31.001	39.947	82.223	2259.0	0.00060770	6.9846e-05	0.11319	liquid
283.67	2900.0	59.710	0.016748	7.0396	7.9596	31.021	39.947	82.237	2257.9	0.00061435	6.9801e-05	0.11313	liquid
283.73	2900.0	59.695	0.016752	7.0448	7.9651	31.040	39.946	82.251	2256.8	0.00062102	6.9756e-05	0.11307	liquid
283.80	2900.0	59.679	0.016756	7.0500	7.9706	31.059	39.946	82.266	2255.6	0.00062770	6.9710e-05	0.11301	liquid
283.87	2900.0	59.664	0.016761	7.0553	7.9761	31.079	39.946	82.280	2254.5	0.00063438	6.9665e-05	0.11295	liquid
283.93	2900.0	59.649	0.016765	7.0605	7.9816	31.098	39.945	82.294	2253.4	0.00064108	6.9620e-05	0.11289	liquid
284.00	2900.0	59.633	0.016769	7.0658	7.9871	31.117	39.945	82.309	2252.3	0.00064779	6.9575e-05	0.11283	liquid
284.07	2900.0	59.618	0.016773	7.0710	7.9926	31.137	39.944	82.323	2251.2	0.00065450	6.9530e-05	0.11277	liquid
284.13	2900.0	59.603	0.016778	7.0763	7.9980	31.156	39.944	82.337	2250.1	0.00066123	6.9485e-05	0.11272	liquid
284.20	2900.0	59.587	0.016782	7.0816	8.0035	31.175	39.944	82.352	2249.0	0.00066797	6.9440e-05	0.11266	liquid
284.27	2900.0	59.572	0.016786	7.0868	8.0090	31.195	39.943	82.366	2247.9	0.00067472	6.9395e-05	0.11260	liquid
284.33	2900.0	59.557	0.016791	7.0921	8.0145	31.214	39.943	82.380	2246.7	0.00068147	6.9350e-05	0.11254	liquid
284.40	2900.0	59.541	0.016795	7.0973	8.0200	31.233	39.943	82.395	2245.6	0.00068824	6.9305e-05	0.11248	liquid
284.47	2900.0	59.526	0.016799	7.1026	8.0255	31.253	39.942	82.409	2244.5	0.00069502	6.9260e-05	0.11242	liquid
284.53	2900.0	59.511	0.016804	7.1078	8.0310	31.272	39.942	82.424	2243.4	0.00070181	6.9215e-05	0.11236	liquid
284.60	2900.0	59.495	0.016808	7.1131	8.0365	31.291	39.942	82.438	2242.3	0.00070860	6.9171e-05	0.11231	liquid
284.67	2900.0	59.480	0.016812	7.1183	8.0420	31.311	39.941	82.453	2241.2	0.00071541	6.9126e-05	0.11225	liquid
284.73	2900.0	59.465	0.016817	7.1236	8.0475	31.330	39.941	82.467	2240.1	0.00072223	6.9081e-05	0.11219	liquid
284.80	2900.0	59.449	0.016821	7.1289	8.0530	31.349	39.941	82.482	2238.9	0.00072906	6.9036e-05	0.11213	liquid
284.87	2900.0	59.434	0.016825	7.1341	8.0585	31.369	39.940	82.496	2237.8	0.00073590	6.8991e-05	0.11207	liquid
284.93	2900.0	59.419	0.016830	7.1394	8.0640	31.388	39.940	82.511	2236.7	0.00074275	6.8947e-05	0.11201	liquid
285.00	2900.0	59.403	0.016834	7.1446	8.0695	31.407	39.939	82.525	2235.6	0.00074961	6.8902e-05	0.11195	liquid
285.07	2900.0	59.388	0.016838	7.1499	8.0750	31.426	39.939	82.540	2234.5	0.00075648	6.8857e-05	0.11190	liquid
285.13	2900.0	59.372	0.016843	7.1552	8.0805	31.446	39.939	82.555	2233.4	0.00076336	6.8813e-05	0.11184	liquid
285.20	2900.0	59.357	0.016847	7.1604	8.0860	31.465	39.938	82.569	2232.3	0.00077025	6.8768e-05	0.11178	liquid
285.27	2900.0	59.342	0.016852	7.1657	8.0915	31.484	39.938	82.584	2231.2	0.00077715	6.8724e-05	0.11172	liquid
285.33	2900.0	59.326	0.016856	7.1710	8.0970	31.504	39.938	82.599	2230.0	0.00078406	6.8679e-05	0.11166	liquid
285.40	2900.0	59.311	0.016860	7.1762	8.1025	31.523	39.937	82.613	2228.9	0.00079099	6.8635e-05	0.11160	liquid
285.47	2900.0	59.295	0.016865	7.1815	8.1080	31.542	39.937	82.628	2227.8	0.00079792	6.8590e-05	0.11155	liquid
285.53	2900.0	59.280	0.016869	7.1868	8.1135	31.562	39.937	82.643	2226.7	0.00080486	6.8546e-05	0.11149	liquid
285.60	2900.0	59.264	0.016874	7.1920	8.1190	31.581	39.936	82.657	2225.6	0.00081181	6.8501e-05	0.11143	liquid
285.67	2900.0	59.249	0.016878	7.1973	8.1245	31.600	39.936	82.672	2224.5	0.00081878	6.8457e-05	0.11137	liquid
285.73	2900.0	59.234	0.016882	7.2026	8.1301	31.619	39.936	82.687	2223.4	0.00082575	6.8412e-05	0.11131	liquid
285.80	2900.0	59.218	0.016887	7.2078	8.1356	31.639	39.935	82.702	2222.3	0.00083274	6.8368e-05	0.11125	liquid
285.87	2900.0	59.203	0.016891	7.2131	8.1411	31.658	39.935	82.717	2221.1	0.00083973	6.8324e-05	0.11119	liquid
285.93	2900.0	59.187	0.016896	7.2184	8.1466	31.677	39.935	82.732	2220.0	0.00084674	6.8279e-05	0.11114	liquid
286.00	2900.0	59.172	0.016900	7.2237	8.1521	31.697	39.934	82.746	2218.9	0.00085376	6.8235e-05	0.11108	liquid
286.07	2900.0	59.156	0.016904	7.2289	8.1576	31.716	39.934	82.761	2217.8	0.00086079	6.8191e-05	0.11102	liquid
286.13	2900.0	59.141	0.016909	7.2342	8.1632	31.735	39.934	82.776	2216.7	0.00086782	6.8147e-05	0.11096	liquid
286.20	2900.0	59.125	0.016913	7.2395	8.1687	31.754	39.933	82.791	2215.6	0.00087487	6.8102e-05	0.11090	liquid
286.27	2900.0	59.110	0.016918	7.2448	8.1742	31.774	39.933	82.806	2214.5	0.00088193	6.8058e-05	0.11085	liquid
286.33	2900.0	59.094	0.016922	7.2500	8.1797	31.793	39.933	82.821	2213.4	0.00088900	6.8014e-05	0.11079	liquid
286.40	2900.0	59.079	0.016927	7.2553	8.1852	31.812	39.933	82.836	2212.2	0.00089608	6.7970e-05	0.11073	liquid
286.47	2900.0	59.063	0.016931	7.2606	8.1908	31.832	39.932	82.851	2211.1	0.00090318	6.7926e-05	0.11067	liquid
286.53	2900.0	59.048	0.016936	7.2659	8.1963	31.851	39.932	82.866	2210.0	0.00091028	6.7882e-05	0.11061	liquid
286.60	2900.0	59.032	0.016940	7.2712	8.2018	31.870	39.932	82.881	2208.9	0.00091739	6.7838e-05	0.11055	liquid
286.67	2900.0	59.016	0.016944	7.2764	8.2073	31.889	39.931	82.896	2207.8	0.00092452	6.7794e-05	0.11050	liquid
286.73	2900.0	59.001	0.016949	7.2817	8.2129	31.909	39.931	82.911	2206.7	0.00093165	6.7750e-05	0.11044	liquid
286.80	2900.0	58.985	0.016953	7.2870	8.2184	31.928	39.931	82.926	2205.6	0.00093880	6.7706e-05	0.11038	liquid
286.87	2900.0	58.970	0.016958	7.2923	8.2239	31.947	39.930	82.941	2204.5	0.00094595	6.7662e-05	0.11032	liquid
286.93	2900.0	58.954	0.016962	7.2976	8.2294	31.966	39.930	82.957	2203.4	0.00095312	6.7618e-05	0.11026	liquid
287.00	2900.0	58.939	0.016967	7.3028	8.2350	31.986	39.930	82.972	2202.2	0.00096030	6.7574e-05	0.11021	liquid
287.07	2900.0	58.923	0.016971	7.3081	8.2405	32.005	39.929	82.987	2201.1	0.00096749	6.7530e-05	0.11015	liquid
287.13	2900.0	58.908	0.016976	7.3134	8.2460	32.024	39.929	83.002	2200.0	0.00097469	6.7486e-05	0.11009	liquid
287.20	2900.0	58.892	0.016980	7.3187	8.2516	32.044	39.929	83.017	2198.9	0.00098190	6.7442e-05	0.11003	liquid
287.27	2900.0	58.876	0.016985	7.3240	8.2571	32.063	39.929	83.033	2197.8	0.00098913	6.7399e-05	0.10997	liquid
287.33	2900.0	58.861	0.016989	7.3293	8.2626	32.082	39.928	83.048	2196.7	0.00099636	6.7355e-05	0.10992	liquid
287.40	2900.0	58.845	0.016994	7.3346	8.2682	32.101	39.928	83.063	2195.6	0.0010036	6.7311e-05	0.10986	liquid
287.47	2900.0	58.829	0.016998	7.3399	8.2737	32.121	39.928	83.078	2194.5	0.0010109	6.7267e-05	0.10980	liquid
287.53	2900.0	58.814	0.017003	7.3452	8.2793	32.140	39.927	83.094	2193.4	0.0010181	6.7224e-05	0.10974	liquid
287.60	2900.0	58.798	0.017007	7.3504	8.2848	32.159	39.927	83.109	2192.2	0.0010254	6.7180e-05	0.10969	liquid
287.67	2900.0	58.783	0.017012	7.3557	8.2903	32.178	39.927	83.124	2191.1	0.0010327	6.7136e-05	0.10963	liquid
287.73	2900.0	58.767	0.017016	7.3610	8.2959	32.198	39.927	83.140	2190.0	0.0010400	6.7093e-05	0.10957	liquid
287.80	2900.0	58.751	0.017021	7.3663	8.3014	32.217	39.926	83.155	2188.9	0.0010473	6.7049e-05	0.10951	liquid
287.87	2900.0	58.736	0.017025	7.3716	8.3070	32.236	39.926	83.171	2187.8	0.0010546	6.7006e-05	0.10945	liquid
287.93	2900.0	58.720	0.017030	7.3769	8.3125	32.256	39.926	83.186	2186.7	0.0010620	6.6962e-05	0.10940	liquid
288.00	2900.0	58.704	0.017035	7.3822	8.3181	32.275	39.925	83.201	2185.6	0.0010693	6.6919e-05	0.10934	liquid
288.07	2900.0	58.689	0.017039	7.3875	8.3236	32.294	39.925	83.217	2184.5	0.0010767	6.6875e-05	0.10928	liquid
288.13	2900.0	58.673	0.017044	7.3928	8.3292	32.313	39.925	83.232	2183.4	0.0010840	6.6832e-05	0.10922	liquid
288.20	2900.0	58.657	0.017048	7.3981	8.3347	32.333	39.925	83.248	2182.2	0.0010914	6.6788e-05	0.10917	liquid
288.27	2900.0	58.642	0.017053	7.4034	8.3403	32.352	39.924	83.264	2181.1	0.0010988	6.6745e-05	0.10911	liquid
288.33	2900.0	58.626	0.017057	7.4087	8.3458	32.371	39.924	83.279	2180.0	0.0011062	6.6701e-05	0.10905	liquid
288.40	2900.0	58.610	0.017062	7.4140	8.3514	32.390	39.924	83.295	2178.9	0.0011136	6.6658e-05	0.10899	liquid
288.47	2900.0	58.594	0.017066	7.4193	8.3569	32.410	39.924	83.310	2177.8	0.0011210	6.6615e-05	0.10893	liquid
288.53	2900.0	58.579	0.017071	7.4246	8.3625	32.429	39.923	83.326	2176.7	0.0011285	6.6571e-05	0.10888	liquid
288.60	2900.0	58.563	0.017076	7.4299	8.3680	32.448	39.923	83.341	2175.6	0.0011359	6.6528e-05	0.10882	liquid
288.67	2900.0	58.547	0.017080	7.4352	8.3736	32.467	39.923	83.357	2174.5	0.0011434	6.6485e-05	0.10876	liquid
288.73	2900.0	58.532	0.017085	7.4405	8.3791	32.487	39.922	83.373	2173.4	0.0011509	6.6442e-05	0.10870	liquid
288.80	2900.0	58.516	0.017089	7.4458	8.3847	32.506	39.922	83.389	2172.2	0.0011583	6.6398e-05	0.10865	liquid
288.87	2900.0	58.500	0.017094	7.4511	8.3903	32.525	39.922	83.404	2171.1	0.0011658	6.6355e-05	0.10859	liquid
288.93	2900.0	58.484	0.017099	7.4564	8.3958	32.544	39.922	83.420	2170.0	0.0011733	6.6312e-05	0.10853	liquid
289.00	2900.0	58.469	0.017103	7.4618	8.4014	32.564	39.921	83.436	2168.9	0.0011808	6.6269e-05	0.10847	liquid
289.07	2900.0	58.453	0.017108	7.4671	8.4069	32.583	39.921	83.452	2167.8	0.0011884	6.6226e-05	0.10842	liquid
289.13	2900.0	58.437	0.017112	7.4724	8.4125	32.602	39.921	83.467	2166.7	0.0011959	6.6183e-05	0.10836	liquid
289.20	2900.0	58.421	0.017117	7.4777	8.4181	32.621	39.921	83.483	2165.6	0.0012035	6.6140e-05	0.10830	liquid
289.27	2900.0	58.405	0.017122	7.4830	8.4236	32.641	39.920	83.499	2164.5	0.0012110	6.6097e-05	0.10824	liquid
289.33	2900.0	58.390	0.017126	7.4883	8.4292	32.660	39.920	83.515	2163.4	0.0012186	6.6054e-05	0.10819	liquid
289.40	2900.0	58.374	0.017131	7.4936	8.4348	32.679	39.920	83.531	2162.3	0.0012262	6.6011e-05	0.10813	liquid
289.47	2900.0	58.358	0.017136	7.4989	8.4403	32.698	39.920	83.547	2161.1	0.0012338	6.5968e-05	0.10807	liquid
289.53	2900.0	58.342	0.017140	7.5043	8.4459	32.718	39.919	83.563	2160.0	0.0012414	6.5925e-05	0.10802	liquid
289.60	2900.0	58.326	0.017145	7.5096	8.4515	32.737	39.919	83.578	2158.9	0.0012490	6.5882e-05	0.10796	liquid
289.67	2900.0	58.311	0.017150	7.5149	8.4571	32.756	39.919	83.594	2157.8	0.0012567	6.5839e-05	0.10790	liquid
289.73	2900.0	58.295	0.017154	7.5202	8.4626	32.775	39.919	83.610	2156.7	0.0012643	6.5796e-05	0.10784	liquid
289.80	2900.0	58.279	0.017159	7.5255	8.4682	32.794	39.919	83.626	2155.6	0.0012720	6.5753e-05	0.10779	liquid
289.87	2900.0	58.263	0.017164	7.5308	8.4738	32.814	39.918	83.642	2154.5	0.0012796	6.5710e-05	0.10773	liquid
289.93	2900.0	58.247	0.017168	7.5362	8.4794	32.833	39.918	83.659	2153.4	0.0012873	6.5667e-05	0.10767	liquid
290.00	2900.0	58.231	0.017173	7.5415	8.4849	32.852	39.918	83.675	2152.3	0.0012950	6.5625e-05	0.10761	liquid
