Temperature (K)	Pressure (psia)	Density (lbm/ft3)	Volume (ft3/lbm)	Internal Energy (kJ/mol)	Enthalpy (kJ/mol)	Entropy (J/mol*K)	Cv (J/mol*K)	Cp (J/mol*K)	Sound Spd. (ft/s)	Joule-Thomson (F/psia)	Viscosity (lbm/ft*s)	Therm. Cond. (W/m*K)	Phase
250.00	3100.0	67.019	0.014921	4.4291	5.3054	20.845	40.357	76.540	2856.6	-0.0018809	9.8486e-05	0.14583	liquid
250.07	3100.0	67.006	0.014924	4.4341	5.3105	20.865	40.356	76.547	2855.4	-0.0018777	9.8418e-05	0.14576	liquid
250.13	3100.0	66.993	0.014927	4.4390	5.3156	20.886	40.355	76.554	2854.3	-0.0018746	9.8350e-05	0.14570	liquid
250.20	3100.0	66.980	0.014930	4.4439	5.3207	20.906	40.354	76.561	2853.2	-0.0018714	9.8283e-05	0.14563	liquid
250.27	3100.0	66.967	0.014933	4.4489	5.3258	20.926	40.353	76.568	2852.0	-0.0018683	9.8216e-05	0.14557	liquid
250.33	3100.0	66.955	0.014935	4.4538	5.3309	20.947	40.352	76.575	2850.9	-0.0018651	9.8148e-05	0.14550	liquid
250.40	3100.0	66.942	0.014938	4.4587	5.3360	20.967	40.351	76.582	2849.8	-0.0018619	9.8081e-05	0.14544	liquid
250.47	3100.0	66.929	0.014941	4.4637	5.3411	20.988	40.349	76.589	2848.7	-0.0018588	9.8014e-05	0.14537	liquid
250.53	3100.0	66.916	0.014944	4.4686	5.3462	21.008	40.348	76.596	2847.5	-0.0018556	9.7947e-05	0.14531	liquid
250.60	3100.0	66.903	0.014947	4.4735	5.3513	21.028	40.347	76.603	2846.4	-0.0018524	9.7879e-05	0.14524	liquid
250.67	3100.0	66.890	0.014950	4.4785	5.3564	21.049	40.346	76.610	2845.3	-0.0018492	9.7812e-05	0.14518	liquid
250.73	3100.0	66.878	0.014953	4.4834	5.3616	21.069	40.345	76.617	2844.1	-0.0018460	9.7746e-05	0.14511	liquid
250.80	3100.0	66.865	0.014956	4.4884	5.3667	21.089	40.344	76.624	2843.0	-0.0018429	9.7679e-05	0.14505	liquid
250.87	3100.0	66.852	0.014958	4.4933	5.3718	21.110	40.342	76.631	2841.9	-0.0018397	9.7612e-05	0.14498	liquid
250.93	3100.0	66.839	0.014961	4.4982	5.3769	21.130	40.341	76.638	2840.8	-0.0018365	9.7545e-05	0.14492	liquid
251.00	3100.0	66.826	0.014964	4.5032	5.3820	21.151	40.340	76.645	2839.6	-0.0018333	9.7478e-05	0.14485	liquid
251.07	3100.0	66.813	0.014967	4.5081	5.3871	21.171	40.339	76.652	2838.5	-0.0018301	9.7412e-05	0.14479	liquid
251.13	3100.0	66.800	0.014970	4.5131	5.3922	21.191	40.338	76.659	2837.4	-0.0018268	9.7345e-05	0.14472	liquid
251.20	3100.0	66.788	0.014973	4.5180	5.3973	21.212	40.337	76.666	2836.3	-0.0018236	9.7279e-05	0.14466	liquid
251.27	3100.0	66.775	0.014976	4.5230	5.4024	21.232	40.336	76.673	2835.1	-0.0018204	9.7212e-05	0.14459	liquid
251.33	3100.0	66.762	0.014979	4.5279	5.4075	21.252	40.334	76.680	2834.0	-0.0018172	9.7146e-05	0.14453	liquid
251.40	3100.0	66.749	0.014982	4.5328	5.4127	21.273	40.333	76.687	2832.9	-0.0018140	9.7080e-05	0.14446	liquid
251.47	3100.0	66.736	0.014984	4.5378	5.4178	21.293	40.332	76.694	2831.7	-0.0018107	9.7013e-05	0.14440	liquid
251.53	3100.0	66.723	0.014987	4.5427	5.4229	21.313	40.331	76.701	2830.6	-0.0018075	9.6947e-05	0.14433	liquid
251.60	3100.0	66.710	0.014990	4.5477	5.4280	21.334	40.330	76.708	2829.5	-0.0018043	9.6881e-05	0.14427	liquid
251.67	3100.0	66.697	0.014993	4.5526	5.4331	21.354	40.329	76.715	2828.4	-0.0018010	9.6815e-05	0.14420	liquid
251.73	3100.0	66.684	0.014996	4.5576	5.4382	21.374	40.328	76.723	2827.2	-0.0017978	9.6749e-05	0.14414	liquid
251.80	3100.0	66.672	0.014999	4.5625	5.4433	21.395	40.327	76.730	2826.1	-0.0017945	9.6683e-05	0.14407	liquid
251.87	3100.0	66.659	0.015002	4.5674	5.4485	21.415	40.325	76.737	2825.0	-0.0017913	9.6617e-05	0.14401	liquid
251.93	3100.0	66.646	0.015005	4.5724	5.4536	21.435	40.324	76.744	2823.9	-0.0017880	9.6552e-05	0.14394	liquid
252.00	3100.0	66.633	0.015008	4.5773	5.4587	21.455	40.323	76.751	2822.7	-0.0017847	9.6486e-05	0.14388	liquid
252.07	3100.0	66.620	0.015011	4.5823	5.4638	21.476	40.322	76.758	2821.6	-0.0017815	9.6420e-05	0.14381	liquid
252.13	3100.0	66.607	0.015013	4.5872	5.4689	21.496	40.321	76.765	2820.5	-0.0017782	9.6355e-05	0.14375	liquid
252.20	3100.0	66.594	0.015016	4.5922	5.4740	21.516	40.320	76.773	2819.3	-0.0017749	9.6289e-05	0.14368	liquid
252.27	3100.0	66.581	0.015019	4.5971	5.4792	21.537	40.319	76.780	2818.2	-0.0017716	9.6224e-05	0.14362	liquid
252.33	3100.0	66.568	0.015022	4.6021	5.4843	21.557	40.318	76.787	2817.1	-0.0017683	9.6158e-05	0.14355	liquid
252.40	3100.0	66.555	0.015025	4.6070	5.4894	21.577	40.317	76.794	2816.0	-0.0017651	9.6093e-05	0.14349	liquid
252.47	3100.0	66.542	0.015028	4.6120	5.4945	21.598	40.315	76.802	2814.8	-0.0017618	9.6028e-05	0.14343	liquid
252.53	3100.0	66.529	0.015031	4.6169	5.4996	21.618	40.314	76.809	2813.7	-0.0017585	9.5962e-05	0.14336	liquid
252.60	3100.0	66.517	0.015034	4.6219	5.5048	21.638	40.313	76.816	2812.6	-0.0017552	9.5897e-05	0.14330	liquid
252.67	3100.0	66.504	0.015037	4.6268	5.5099	21.658	40.312	76.823	2811.5	-0.0017519	9.5832e-05	0.14323	liquid
252.73	3100.0	66.491	0.015040	4.6318	5.5150	21.679	40.311	76.831	2810.3	-0.0017485	9.5767e-05	0.14317	liquid
252.80	3100.0	66.478	0.015043	4.6367	5.5201	21.699	40.310	76.838	2809.2	-0.0017452	9.5702e-05	0.14310	liquid
252.87	3100.0	66.465	0.015046	4.6417	5.5252	21.719	40.309	76.845	2808.1	-0.0017419	9.5637e-05	0.14304	liquid
252.93	3100.0	66.452	0.015048	4.6466	5.5304	21.739	40.308	76.852	2807.0	-0.0017386	9.5572e-05	0.14297	liquid
253.00	3100.0	66.439	0.015051	4.6516	5.5355	21.760	40.307	76.860	2805.8	-0.0017353	9.5508e-05	0.14291	liquid
253.07	3100.0	66.426	0.015054	4.6565	5.5406	21.780	40.306	76.867	2804.7	-0.0017319	9.5443e-05	0.14284	liquid
253.13	3100.0	66.413	0.015057	4.6615	5.5457	21.800	40.305	76.874	2803.6	-0.0017286	9.5378e-05	0.14278	liquid
253.20	3100.0	66.400	0.015060	4.6664	5.5509	21.820	40.303	76.882	2802.5	-0.0017253	9.5314e-05	0.14271	liquid
253.27	3100.0	66.387	0.015063	4.6714	5.5560	21.841	40.302	76.889	2801.3	-0.0017219	9.5249e-05	0.14265	liquid
253.33	3100.0	66.374	0.015066	4.6763	5.5611	21.861	40.301	76.896	2800.2	-0.0017186	9.5185e-05	0.14258	liquid
253.40	3100.0	66.361	0.015069	4.6813	5.5662	21.881	40.300	76.904	2799.1	-0.0017152	9.5120e-05	0.14252	liquid
253.47	3100.0	66.348	0.015072	4.6862	5.5714	21.901	40.299	76.911	2798.0	-0.0017119	9.5056e-05	0.14246	liquid
253.53	3100.0	66.335	0.015075	4.6912	5.5765	21.922	40.298	76.918	2796.8	-0.0017085	9.4992e-05	0.14239	liquid
253.60	3100.0	66.322	0.015078	4.6961	5.5816	21.942	40.297	76.926	2795.7	-0.0017051	9.4928e-05	0.14233	liquid
253.67	3100.0	66.309	0.015081	4.7011	5.5868	21.962	40.296	76.933	2794.6	-0.0017018	9.4863e-05	0.14226	liquid
253.73	3100.0	66.296	0.015084	4.7061	5.5919	21.982	40.295	76.941	2793.5	-0.0016984	9.4799e-05	0.14220	liquid
253.80	3100.0	66.283	0.015087	4.7110	5.5970	22.002	40.294	76.948	2792.4	-0.0016950	9.4735e-05	0.14213	liquid
253.87	3100.0	66.270	0.015090	4.7160	5.6021	22.023	40.293	76.956	2791.2	-0.0016916	9.4671e-05	0.14207	liquid
253.93	3100.0	66.257	0.015093	4.7209	5.6073	22.043	40.292	76.963	2790.1	-0.0016882	9.4607e-05	0.14200	liquid
254.00	3100.0	66.244	0.015096	4.7259	5.6124	22.063	40.290	76.970	2789.0	-0.0016848	9.4543e-05	0.14194	liquid
254.07	3100.0	66.231	0.015099	4.7308	5.6175	22.083	40.289	76.978	2787.9	-0.0016815	9.4480e-05	0.14187	liquid
254.13	3100.0	66.218	0.015102	4.7358	5.6227	22.103	40.288	76.985	2786.7	-0.0016781	9.4416e-05	0.14181	liquid
254.20	3100.0	66.205	0.015105	4.7408	5.6278	22.124	40.287	76.993	2785.6	-0.0016746	9.4352e-05	0.14175	liquid
254.27	3100.0	66.192	0.015108	4.7457	5.6329	22.144	40.286	77.000	2784.5	-0.0016712	9.4289e-05	0.14168	liquid
254.33	3100.0	66.179	0.015111	4.7507	5.6381	22.164	40.285	77.008	2783.4	-0.0016678	9.4225e-05	0.14162	liquid
254.40	3100.0	66.166	0.015113	4.7556	5.6432	22.184	40.284	77.015	2782.2	-0.0016644	9.4162e-05	0.14155	liquid
254.47	3100.0	66.153	0.015116	4.7606	5.6483	22.204	40.283	77.023	2781.1	-0.0016610	9.4098e-05	0.14149	liquid
254.53	3100.0	66.140	0.015119	4.7656	5.6535	22.225	40.282	77.030	2780.0	-0.0016576	9.4035e-05	0.14142	liquid
254.60	3100.0	66.127	0.015122	4.7705	5.6586	22.245	40.281	77.038	2778.9	-0.0016541	9.3971e-05	0.14136	liquid
254.67	3100.0	66.114	0.015125	4.7755	5.6637	22.265	40.280	77.045	2777.7	-0.0016507	9.3908e-05	0.14130	liquid
254.73	3100.0	66.101	0.015128	4.7804	5.6689	22.285	40.279	77.053	2776.6	-0.0016473	9.3845e-05	0.14123	liquid
254.80	3100.0	66.088	0.015131	4.7854	5.6740	22.305	40.278	77.060	2775.5	-0.0016438	9.3782e-05	0.14117	liquid
254.87	3100.0	66.075	0.015134	4.7904	5.6792	22.325	40.277	77.068	2774.4	-0.0016404	9.3719e-05	0.14110	liquid
254.93	3100.0	66.062	0.015137	4.7953	5.6843	22.346	40.276	77.076	2773.3	-0.0016369	9.3656e-05	0.14104	liquid
255.00	3100.0	66.049	0.015140	4.8003	5.6894	22.366	40.275	77.083	2772.1	-0.0016335	9.3593e-05	0.14097	liquid
255.07	3100.0	66.036	0.015143	4.8052	5.6946	22.386	40.274	77.091	2771.0	-0.0016300	9.3530e-05	0.14091	liquid
255.13	3100.0	66.023	0.015146	4.8102	5.6997	22.406	40.273	77.098	2769.9	-0.0016265	9.3467e-05	0.14085	liquid
255.20	3100.0	66.009	0.015149	4.8152	5.7049	22.426	40.272	77.106	2768.8	-0.0016231	9.3404e-05	0.14078	liquid
255.27	3100.0	65.996	0.015152	4.8201	5.7100	22.446	40.270	77.114	2767.7	-0.0016196	9.3341e-05	0.14072	liquid
255.33	3100.0	65.983	0.015155	4.8251	5.7151	22.466	40.269	77.121	2766.5	-0.0016161	9.3279e-05	0.14065	liquid
255.40	3100.0	65.970	0.015158	4.8301	5.7203	22.487	40.268	77.129	2765.4	-0.0016126	9.3216e-05	0.14059	liquid
255.47	3100.0	65.957	0.015161	4.8350	5.7254	22.507	40.267	77.137	2764.3	-0.0016091	9.3154e-05	0.14052	liquid
255.53	3100.0	65.944	0.015164	4.8400	5.7306	22.527	40.266	77.144	2763.2	-0.0016056	9.3091e-05	0.14046	liquid
255.60	3100.0	65.931	0.015167	4.8450	5.7357	22.547	40.265	77.152	2762.0	-0.0016022	9.3029e-05	0.14040	liquid
255.67	3100.0	65.918	0.015170	4.8499	5.7408	22.567	40.264	77.160	2760.9	-0.0015987	9.2966e-05	0.14033	liquid
255.73	3100.0	65.905	0.015173	4.8549	5.7460	22.587	40.263	77.167	2759.8	-0.0015951	9.2904e-05	0.14027	liquid
255.80	3100.0	65.892	0.015176	4.8599	5.7511	22.607	40.262	77.175	2758.7	-0.0015916	9.2842e-05	0.14020	liquid
255.87	3100.0	65.879	0.015179	4.8648	5.7563	22.627	40.261	77.183	2757.6	-0.0015881	9.2780e-05	0.14014	liquid
255.93	3100.0	65.866	0.015182	4.8698	5.7614	22.648	40.260	77.190	2756.4	-0.0015846	9.2717e-05	0.14008	liquid
256.00	3100.0	65.852	0.015185	4.8748	5.7666	22.668	40.259	77.198	2755.3	-0.0015811	9.2655e-05	0.14001	liquid
256.07	3100.0	65.839	0.015188	4.8797	5.7717	22.688	40.258	77.206	2754.2	-0.0015776	9.2593e-05	0.13995	liquid
256.13	3100.0	65.826	0.015192	4.8847	5.7769	22.708	40.257	77.214	2753.1	-0.0015740	9.2531e-05	0.13988	liquid
256.20	3100.0	65.813	0.015195	4.8897	5.7820	22.728	40.256	77.221	2752.0	-0.0015705	9.2469e-05	0.13982	liquid
256.27	3100.0	65.800	0.015198	4.8947	5.7872	22.748	40.255	77.229	2750.8	-0.0015669	9.2407e-05	0.13975	liquid
256.33	3100.0	65.787	0.015201	4.8996	5.7923	22.768	40.254	77.237	2749.7	-0.0015634	9.2346e-05	0.13969	liquid
256.40	3100.0	65.774	0.015204	4.9046	5.7975	22.788	40.253	77.245	2748.6	-0.0015598	9.2284e-05	0.13963	liquid
256.47	3100.0	65.761	0.015207	4.9096	5.8026	22.808	40.252	77.252	2747.5	-0.0015563	9.2222e-05	0.13956	liquid
256.53	3100.0	65.747	0.015210	4.9145	5.8078	22.828	40.251	77.260	2746.4	-0.0015527	9.2161e-05	0.13950	liquid
256.60	3100.0	65.734	0.015213	4.9195	5.8129	22.848	40.250	77.268	2745.2	-0.0015492	9.2099e-05	0.13943	liquid
256.67	3100.0	65.721	0.015216	4.9245	5.8181	22.869	40.249	77.276	2744.1	-0.0015456	9.2037e-05	0.13937	liquid
256.73	3100.0	65.708	0.015219	4.9295	5.8232	22.889	40.248	77.284	2743.0	-0.0015420	9.1976e-05	0.13931	liquid
256.80	3100.0	65.695	0.015222	4.9344	5.8284	22.909	40.247	77.292	2741.9	-0.0015384	9.1915e-05	0.13924	liquid
256.87	3100.0	65.682	0.015225	4.9394	5.8335	22.929	40.246	77.299	2740.8	-0.0015349	9.1853e-05	0.13918	liquid
256.93	3100.0	65.669	0.015228	4.9444	5.8387	22.949	40.245	77.307	2739.6	-0.0015313	9.1792e-05	0.13912	liquid
257.00	3100.0	65.655	0.015231	4.9494	5.8438	22.969	40.244	77.315	2738.5	-0.0015277	9.1731e-05	0.13905	liquid
257.07	3100.0	65.642	0.015234	4.9543	5.8490	22.989	40.243	77.323	2737.4	-0.0015241	9.1669e-05	0.13899	liquid
257.13	3100.0	65.629	0.015237	4.9593	5.8541	23.009	40.242	77.331	2736.3	-0.0015205	9.1608e-05	0.13892	liquid
257.20	3100.0	65.616	0.015240	4.9643	5.8593	23.029	40.241	77.339	2735.2	-0.0015169	9.1547e-05	0.13886	liquid
257.27	3100.0	65.603	0.015243	4.9693	5.8645	23.049	40.240	77.347	2734.0	-0.0015133	9.1486e-05	0.13880	liquid
257.33	3100.0	65.590	0.015246	4.9742	5.8696	23.069	40.239	77.355	2732.9	-0.0015097	9.1425e-05	0.13873	liquid
257.40	3100.0	65.576	0.015249	4.9792	5.8748	23.089	40.238	77.363	2731.8	-0.0015060	9.1364e-05	0.13867	liquid
257.47	3100.0	65.563	0.015252	4.9842	5.8799	23.109	40.237	77.371	2730.7	-0.0015024	9.1304e-05	0.13860	liquid
257.53	3100.0	65.550	0.015256	4.9892	5.8851	23.129	40.236	77.378	2729.6	-0.0014988	9.1243e-05	0.13854	liquid
257.60	3100.0	65.537	0.015259	4.9941	5.8902	23.149	40.235	77.386	2728.4	-0.0014952	9.1182e-05	0.13848	liquid
257.67	3100.0	65.524	0.015262	4.9991	5.8954	23.169	40.234	77.394	2727.3	-0.0014915	9.1121e-05	0.13841	liquid
257.73	3100.0	65.510	0.015265	5.0041	5.9006	23.189	40.233	77.402	2726.2	-0.0014879	9.1061e-05	0.13835	liquid
257.80	3100.0	65.497	0.015268	5.0091	5.9057	23.209	40.232	77.410	2725.1	-0.0014842	9.1000e-05	0.13829	liquid
257.87	3100.0	65.484	0.015271	5.0141	5.9109	23.229	40.231	77.418	2724.0	-0.0014806	9.0940e-05	0.13822	liquid
257.93	3100.0	65.471	0.015274	5.0190	5.9160	23.249	40.230	77.426	2722.9	-0.0014769	9.0879e-05	0.13816	liquid
258.00	3100.0	65.458	0.015277	5.0240	5.9212	23.269	40.229	77.434	2721.7	-0.0014733	9.0819e-05	0.13809	liquid
258.07	3100.0	65.444	0.015280	5.0290	5.9264	23.289	40.228	77.442	2720.6	-0.0014696	9.0758e-05	0.13803	liquid
258.13	3100.0	65.431	0.015283	5.0340	5.9315	23.309	40.227	77.450	2719.5	-0.0014659	9.0698e-05	0.13797	liquid
258.20	3100.0	65.418	0.015286	5.0390	5.9367	23.329	40.226	77.459	2718.4	-0.0014623	9.0638e-05	0.13790	liquid
258.27	3100.0	65.405	0.015289	5.0440	5.9419	23.349	40.225	77.467	2717.3	-0.0014586	9.0578e-05	0.13784	liquid
258.33	3100.0	65.392	0.015292	5.0489	5.9470	23.369	40.224	77.475	2716.1	-0.0014549	9.0517e-05	0.13778	liquid
258.40	3100.0	65.378	0.015296	5.0539	5.9522	23.389	40.224	77.483	2715.0	-0.0014512	9.0457e-05	0.13771	liquid
258.47	3100.0	65.365	0.015299	5.0589	5.9574	23.409	40.223	77.491	2713.9	-0.0014475	9.0397e-05	0.13765	liquid
258.53	3100.0	65.352	0.015302	5.0639	5.9625	23.429	40.222	77.499	2712.8	-0.0014438	9.0337e-05	0.13759	liquid
258.60	3100.0	65.339	0.015305	5.0689	5.9677	23.449	40.221	77.507	2711.7	-0.0014401	9.0277e-05	0.13752	liquid
258.67	3100.0	65.325	0.015308	5.0739	5.9729	23.469	40.220	77.515	2710.6	-0.0014364	9.0217e-05	0.13746	liquid
258.73	3100.0	65.312	0.015311	5.0788	5.9780	23.489	40.219	77.523	2709.4	-0.0014327	9.0158e-05	0.13739	liquid
258.80	3100.0	65.299	0.015314	5.0838	5.9832	23.509	40.218	77.531	2708.3	-0.0014290	9.0098e-05	0.13733	liquid
258.87	3100.0	65.286	0.015317	5.0888	5.9884	23.529	40.217	77.540	2707.2	-0.0014252	9.0038e-05	0.13727	liquid
258.93	3100.0	65.272	0.015320	5.0938	5.9935	23.549	40.216	77.548	2706.1	-0.0014215	8.9978e-05	0.13720	liquid
259.00	3100.0	65.259	0.015324	5.0988	5.9987	23.569	40.215	77.556	2705.0	-0.0014178	8.9919e-05	0.13714	liquid
259.07	3100.0	65.246	0.015327	5.1038	6.0039	23.589	40.214	77.564	2703.9	-0.0014140	8.9859e-05	0.13708	liquid
259.13	3100.0	65.233	0.015330	5.1088	6.0090	23.609	40.213	77.572	2702.7	-0.0014103	8.9800e-05	0.13701	liquid
259.20	3100.0	65.219	0.015333	5.1138	6.0142	23.629	40.212	77.580	2701.6	-0.0014066	8.9740e-05	0.13695	liquid
259.27	3100.0	65.206	0.015336	5.1187	6.0194	23.649	40.211	77.589	2700.5	-0.0014028	8.9681e-05	0.13689	liquid
259.33	3100.0	65.193	0.015339	5.1237	6.0246	23.669	40.210	77.597	2699.4	-0.0013990	8.9622e-05	0.13682	liquid
259.40	3100.0	65.179	0.015342	5.1287	6.0297	23.689	40.209	77.605	2698.3	-0.0013953	8.9562e-05	0.13676	liquid
259.47	3100.0	65.166	0.015345	5.1337	6.0349	23.709	40.208	77.613	2697.2	-0.0013915	8.9503e-05	0.13670	liquid
259.53	3100.0	65.153	0.015349	5.1387	6.0401	23.729	40.207	77.622	2696.0	-0.0013877	8.9444e-05	0.13663	liquid
259.60	3100.0	65.140	0.015352	5.1437	6.0453	23.749	40.206	77.630	2694.9	-0.0013840	8.9385e-05	0.13657	liquid
259.67	3100.0	65.126	0.015355	5.1487	6.0504	23.769	40.206	77.638	2693.8	-0.0013802	8.9326e-05	0.13651	liquid
259.73	3100.0	65.113	0.015358	5.1537	6.0556	23.789	40.205	77.646	2692.7	-0.0013764	8.9267e-05	0.13644	liquid
259.80	3100.0	65.100	0.015361	5.1587	6.0608	23.808	40.204	77.655	2691.6	-0.0013726	8.9208e-05	0.13638	liquid
259.87	3100.0	65.086	0.015364	5.1637	6.0660	23.828	40.203	77.663	2690.5	-0.0013688	8.9149e-05	0.13632	liquid
259.93	3100.0	65.073	0.015367	5.1687	6.0711	23.848	40.202	77.671	2689.4	-0.0013650	8.9090e-05	0.13625	liquid
260.00	3100.0	65.060	0.015370	5.1737	6.0763	23.868	40.201	77.680	2688.2	-0.0013612	8.9031e-05	0.13619	liquid
260.07	3100.0	65.046	0.015374	5.1786	6.0815	23.888	40.200	77.688	2687.1	-0.0013574	8.8972e-05	0.13613	liquid
260.13	3100.0	65.033	0.015377	5.1836	6.0867	23.908	40.199	77.696	2686.0	-0.0013536	8.8914e-05	0.13606	liquid
260.20	3100.0	65.020	0.015380	5.1886	6.0919	23.928	40.198	77.705	2684.9	-0.0013498	8.8855e-05	0.13600	liquid
260.27	3100.0	65.006	0.015383	5.1936	6.0970	23.948	40.197	77.713	2683.8	-0.0013459	8.8796e-05	0.13594	liquid
260.33	3100.0	64.993	0.015386	5.1986	6.1022	23.968	40.196	77.721	2682.7	-0.0013421	8.8738e-05	0.13587	liquid
260.40	3100.0	64.980	0.015389	5.2036	6.1074	23.988	40.195	77.730	2681.5	-0.0013383	8.8679e-05	0.13581	liquid
260.47	3100.0	64.966	0.015393	5.2086	6.1126	24.008	40.194	77.738	2680.4	-0.0013344	8.8621e-05	0.13575	liquid
260.53	3100.0	64.953	0.015396	5.2136	6.1178	24.027	40.194	77.747	2679.3	-0.0013306	8.8562e-05	0.13568	liquid
260.60	3100.0	64.940	0.015399	5.2186	6.1229	24.047	40.193	77.755	2678.2	-0.0013267	8.8504e-05	0.13562	liquid
260.67	3100.0	64.926	0.015402	5.2236	6.1281	24.067	40.192	77.763	2677.1	-0.0013229	8.8446e-05	0.13556	liquid
260.73	3100.0	64.913	0.015405	5.2286	6.1333	24.087	40.191	77.772	2676.0	-0.0013190	8.8387e-05	0.13549	liquid
260.80	3100.0	64.900	0.015408	5.2336	6.1385	24.107	40.190	77.780	2674.9	-0.0013152	8.8329e-05	0.13543	liquid
260.87	3100.0	64.886	0.015412	5.2386	6.1437	24.127	40.189	77.789	2673.7	-0.0013113	8.8271e-05	0.13537	liquid
260.93	3100.0	64.873	0.015415	5.2436	6.1489	24.147	40.188	77.797	2672.6	-0.0013074	8.8213e-05	0.13530	liquid
261.00	3100.0	64.860	0.015418	5.2486	6.1541	24.167	40.187	77.806	2671.5	-0.0013035	8.8155e-05	0.13524	liquid
261.07	3100.0	64.846	0.015421	5.2536	6.1592	24.187	40.186	77.814	2670.4	-0.0012997	8.8097e-05	0.13518	liquid
261.13	3100.0	64.833	0.015424	5.2586	6.1644	24.206	40.185	77.823	2669.3	-0.0012958	8.8039e-05	0.13512	liquid
261.20	3100.0	64.820	0.015427	5.2636	6.1696	24.226	40.184	77.831	2668.2	-0.0012919	8.7981e-05	0.13505	liquid
261.27	3100.0	64.806	0.015431	5.2686	6.1748	24.246	40.184	77.840	2667.1	-0.0012880	8.7923e-05	0.13499	liquid
261.33	3100.0	64.793	0.015434	5.2736	6.1800	24.266	40.183	77.848	2665.9	-0.0012841	8.7865e-05	0.13493	liquid
261.40	3100.0	64.779	0.015437	5.2786	6.1852	24.286	40.182	77.857	2664.8	-0.0012802	8.7807e-05	0.13486	liquid
261.47	3100.0	64.766	0.015440	5.2836	6.1904	24.306	40.181	77.865	2663.7	-0.0012762	8.7750e-05	0.13480	liquid
261.53	3100.0	64.753	0.015443	5.2886	6.1956	24.326	40.180	77.874	2662.6	-0.0012723	8.7692e-05	0.13474	liquid
261.60	3100.0	64.739	0.015447	5.2936	6.2008	24.345	40.179	77.882	2661.5	-0.0012684	8.7635e-05	0.13467	liquid
261.67	3100.0	64.726	0.015450	5.2986	6.2060	24.365	40.178	77.891	2660.4	-0.0012645	8.7577e-05	0.13461	liquid
261.73	3100.0	64.712	0.015453	5.3036	6.2112	24.385	40.177	77.899	2659.3	-0.0012605	8.7519e-05	0.13455	liquid
261.80	3100.0	64.699	0.015456	5.3086	6.2163	24.405	40.176	77.908	2658.2	-0.0012566	8.7462e-05	0.13449	liquid
261.87	3100.0	64.686	0.015459	5.3137	6.2215	24.425	40.176	77.917	2657.0	-0.0012526	8.7405e-05	0.13442	liquid
261.93	3100.0	64.672	0.015463	5.3187	6.2267	24.445	40.175	77.925	2655.9	-0.0012487	8.7347e-05	0.13436	liquid
262.00	3100.0	64.659	0.015466	5.3237	6.2319	24.464	40.174	77.934	2654.8	-0.0012447	8.7290e-05	0.13430	liquid
262.07	3100.0	64.645	0.015469	5.3287	6.2371	24.484	40.173	77.943	2653.7	-0.0012408	8.7233e-05	0.13423	liquid
262.13	3100.0	64.632	0.015472	5.3337	6.2423	24.504	40.172	77.951	2652.6	-0.0012368	8.7175e-05	0.13417	liquid
262.20	3100.0	64.618	0.015475	5.3387	6.2475	24.524	40.171	77.960	2651.5	-0.0012328	8.7118e-05	0.13411	liquid
262.27	3100.0	64.605	0.015479	5.3437	6.2527	24.544	40.170	77.969	2650.4	-0.0012289	8.7061e-05	0.13404	liquid
262.33	3100.0	64.591	0.015482	5.3487	6.2579	24.564	40.169	77.977	2649.3	-0.0012249	8.7004e-05	0.13398	liquid
262.40	3100.0	64.578	0.015485	5.3537	6.2631	24.583	40.169	77.986	2648.1	-0.0012209	8.6947e-05	0.13392	liquid
262.47	3100.0	64.565	0.015488	5.3587	6.2683	24.603	40.168	77.995	2647.0	-0.0012169	8.6890e-05	0.13386	liquid
262.53	3100.0	64.551	0.015492	5.3637	6.2735	24.623	40.167	78.003	2645.9	-0.0012129	8.6833e-05	0.13379	liquid
262.60	3100.0	64.538	0.015495	5.3687	6.2787	24.643	40.166	78.012	2644.8	-0.0012089	8.6776e-05	0.13373	liquid
262.67	3100.0	64.524	0.015498	5.3738	6.2839	24.663	40.165	78.021	2643.7	-0.0012049	8.6720e-05	0.13367	liquid
262.73	3100.0	64.511	0.015501	5.3788	6.2891	24.682	40.164	78.030	2642.6	-0.0012009	8.6663e-05	0.13361	liquid
262.80	3100.0	64.497	0.015505	5.3838	6.2943	24.702	40.163	78.038	2641.5	-0.0011969	8.6606e-05	0.13354	liquid
262.87	3100.0	64.484	0.015508	5.3888	6.2995	24.722	40.162	78.047	2640.4	-0.0011928	8.6549e-05	0.13348	liquid
262.93	3100.0	64.470	0.015511	5.3938	6.3047	24.742	40.162	78.056	2639.2	-0.0011888	8.6493e-05	0.13342	liquid
263.00	3100.0	64.457	0.015514	5.3988	6.3099	24.762	40.161	78.065	2638.1	-0.0011848	8.6436e-05	0.13335	liquid
263.07	3100.0	64.443	0.015518	5.4038	6.3151	24.781	40.160	78.073	2637.0	-0.0011807	8.6380e-05	0.13329	liquid
263.13	3100.0	64.430	0.015521	5.4089	6.3203	24.801	40.159	78.082	2635.9	-0.0011767	8.6323e-05	0.13323	liquid
263.20	3100.0	64.416	0.015524	5.4139	6.3255	24.821	40.158	78.091	2634.8	-0.0011726	8.6267e-05	0.13317	liquid
263.27	3100.0	64.403	0.015527	5.4189	6.3308	24.841	40.157	78.100	2633.7	-0.0011686	8.6210e-05	0.13310	liquid
263.33	3100.0	64.389	0.015531	5.4239	6.3360	24.860	40.156	78.109	2632.6	-0.0011645	8.6154e-05	0.13304	liquid
263.40	3100.0	64.376	0.015534	5.4289	6.3412	24.880	40.156	78.118	2631.5	-0.0011605	8.6098e-05	0.13298	liquid
263.47	3100.0	64.362	0.015537	5.4339	6.3464	24.900	40.155	78.126	2630.4	-0.0011564	8.6041e-05	0.13292	liquid
263.53	3100.0	64.349	0.015540	5.4389	6.3516	24.920	40.154	78.135	2629.2	-0.0011523	8.5985e-05	0.13285	liquid
263.60	3100.0	64.335	0.015544	5.4440	6.3568	24.940	40.153	78.144	2628.1	-0.0011482	8.5929e-05	0.13279	liquid
263.67	3100.0	64.322	0.015547	5.4490	6.3620	24.959	40.152	78.153	2627.0	-0.0011442	8.5873e-05	0.13273	liquid
263.73	3100.0	64.308	0.015550	5.4540	6.3672	24.979	40.151	78.162	2625.9	-0.0011401	8.5817e-05	0.13267	liquid
263.80	3100.0	64.295	0.015553	5.4590	6.3724	24.999	40.151	78.171	2624.8	-0.0011360	8.5761e-05	0.13260	liquid
263.87	3100.0	64.281	0.015557	5.4640	6.3776	25.019	40.150	78.180	2623.7	-0.0011319	8.5705e-05	0.13254	liquid
263.93	3100.0	64.268	0.015560	5.4691	6.3828	25.038	40.149	78.189	2622.6	-0.0011278	8.5649e-05	0.13248	liquid
264.00	3100.0	64.254	0.015563	5.4741	6.3881	25.058	40.148	78.198	2621.5	-0.0011236	8.5593e-05	0.13242	liquid
264.07	3100.0	64.241	0.015566	5.4791	6.3933	25.078	40.147	78.207	2620.4	-0.0011195	8.5537e-05	0.13235	liquid
264.13	3100.0	64.227	0.015570	5.4841	6.3985	25.098	40.146	78.216	2619.3	-0.0011154	8.5481e-05	0.13229	liquid
264.20	3100.0	64.214	0.015573	5.4891	6.4037	25.117	40.146	78.224	2618.1	-0.0011113	8.5426e-05	0.13223	liquid
264.27	3100.0	64.200	0.015576	5.4942	6.4089	25.137	40.145	78.233	2617.0	-0.0011071	8.5370e-05	0.13217	liquid
264.33	3100.0	64.186	0.015580	5.4992	6.4141	25.157	40.144	78.242	2615.9	-0.0011030	8.5314e-05	0.13210	liquid
264.40	3100.0	64.173	0.015583	5.5042	6.4194	25.177	40.143	78.251	2614.8	-0.0010989	8.5259e-05	0.13204	liquid
264.47	3100.0	64.159	0.015586	5.5092	6.4246	25.196	40.142	78.261	2613.7	-0.0010947	8.5203e-05	0.13198	liquid
264.53	3100.0	64.146	0.015589	5.5143	6.4298	25.216	40.141	78.270	2612.6	-0.0010905	8.5148e-05	0.13192	liquid
264.60	3100.0	64.132	0.015593	5.5193	6.4350	25.236	40.141	78.279	2611.5	-0.0010864	8.5092e-05	0.13185	liquid
264.67	3100.0	64.119	0.015596	5.5243	6.4402	25.255	40.140	78.288	2610.4	-0.0010822	8.5037e-05	0.13179	liquid
264.73	3100.0	64.105	0.015599	5.5293	6.4454	25.275	40.139	78.297	2609.3	-0.0010780	8.4982e-05	0.13173	liquid
264.80	3100.0	64.091	0.015603	5.5344	6.4507	25.295	40.138	78.306	2608.2	-0.0010739	8.4926e-05	0.13167	liquid
264.87	3100.0	64.078	0.015606	5.5394	6.4559	25.315	40.137	78.315	2607.0	-0.0010697	8.4871e-05	0.13160	liquid
264.93	3100.0	64.064	0.015609	5.5444	6.4611	25.334	40.137	78.324	2605.9	-0.0010655	8.4816e-05	0.13154	liquid
265.00	3100.0	64.051	0.015613	5.5494	6.4663	25.354	40.136	78.333	2604.8	-0.0010613	8.4761e-05	0.13148	liquid
265.07	3100.0	64.037	0.015616	5.5545	6.4715	25.374	40.135	78.342	2603.7	-0.0010571	8.4705e-05	0.13142	liquid
265.13	3100.0	64.023	0.015619	5.5595	6.4768	25.393	40.134	78.351	2602.6	-0.0010529	8.4650e-05	0.13135	liquid
265.20	3100.0	64.010	0.015623	5.5645	6.4820	25.413	40.133	78.360	2601.5	-0.0010487	8.4595e-05	0.13129	liquid
265.27	3100.0	63.996	0.015626	5.5696	6.4872	25.433	40.132	78.370	2600.4	-0.0010445	8.4540e-05	0.13123	liquid
265.33	3100.0	63.983	0.015629	5.5746	6.4924	25.452	40.132	78.379	2599.3	-0.0010402	8.4485e-05	0.13117	liquid
265.40	3100.0	63.969	0.015633	5.5796	6.4977	25.472	40.131	78.388	2598.2	-0.0010360	8.4430e-05	0.13111	liquid
265.47	3100.0	63.955	0.015636	5.5846	6.5029	25.492	40.130	78.397	2597.1	-0.0010318	8.4376e-05	0.13104	liquid
265.53	3100.0	63.942	0.015639	5.5897	6.5081	25.512	40.129	78.406	2596.0	-0.0010275	8.4321e-05	0.13098	liquid
265.60	3100.0	63.928	0.015643	5.5947	6.5134	25.531	40.128	78.415	2594.9	-0.0010233	8.4266e-05	0.13092	liquid
265.67	3100.0	63.914	0.015646	5.5997	6.5186	25.551	40.128	78.425	2593.7	-0.0010190	8.4211e-05	0.13086	liquid
265.73	3100.0	63.901	0.015649	5.6048	6.5238	25.571	40.127	78.434	2592.6	-0.0010148	8.4157e-05	0.13079	liquid
265.80	3100.0	63.887	0.015653	5.6098	6.5290	25.590	40.126	78.443	2591.5	-0.0010105	8.4102e-05	0.13073	liquid
265.87	3100.0	63.874	0.015656	5.6148	6.5343	25.610	40.125	78.452	2590.4	-0.0010063	8.4047e-05	0.13067	liquid
265.93	3100.0	63.860	0.015659	5.6199	6.5395	25.630	40.124	78.462	2589.3	-0.0010020	8.3993e-05	0.13061	liquid
266.00	3100.0	63.846	0.015663	5.6249	6.5447	25.649	40.124	78.471	2588.2	-0.00099771	8.3938e-05	0.13055	liquid
266.07	3100.0	63.833	0.015666	5.6299	6.5500	25.669	40.123	78.480	2587.1	-0.00099343	8.3884e-05	0.13048	liquid
266.13	3100.0	63.819	0.015669	5.6350	6.5552	25.689	40.122	78.489	2586.0	-0.00098914	8.3829e-05	0.13042	liquid
266.20	3100.0	63.805	0.015673	5.6400	6.5604	25.708	40.121	78.499	2584.9	-0.00098484	8.3775e-05	0.13036	liquid
266.27	3100.0	63.792	0.015676	5.6450	6.5657	25.728	40.121	78.508	2583.8	-0.00098054	8.3721e-05	0.13030	liquid
266.33	3100.0	63.778	0.015679	5.6501	6.5709	25.748	40.120	78.517	2582.7	-0.00097624	8.3667e-05	0.13024	liquid
266.40	3100.0	63.764	0.015683	5.6551	6.5761	25.767	40.119	78.527	2581.6	-0.00097193	8.3612e-05	0.13017	liquid
266.47	3100.0	63.751	0.015686	5.6602	6.5814	25.787	40.118	78.536	2580.5	-0.00096761	8.3558e-05	0.13011	liquid
266.53	3100.0	63.737	0.015690	5.6652	6.5866	25.807	40.117	78.545	2579.3	-0.00096328	8.3504e-05	0.13005	liquid
266.60	3100.0	63.723	0.015693	5.6702	6.5918	25.826	40.117	78.555	2578.2	-0.00095896	8.3450e-05	0.12999	liquid
266.67	3100.0	63.710	0.015696	5.6753	6.5971	25.846	40.116	78.564	2577.1	-0.00095462	8.3396e-05	0.12993	liquid
266.73	3100.0	63.696	0.015700	5.6803	6.6023	25.865	40.115	78.574	2576.0	-0.00095028	8.3342e-05	0.12986	liquid
266.80	3100.0	63.682	0.015703	5.6854	6.6075	25.885	40.114	78.583	2574.9	-0.00094593	8.3288e-05	0.12980	liquid
266.87	3100.0	63.668	0.015706	5.6904	6.6128	25.905	40.114	78.592	2573.8	-0.00094158	8.3234e-05	0.12974	liquid
266.93	3100.0	63.655	0.015710	5.6954	6.6180	25.924	40.113	78.602	2572.7	-0.00093722	8.3180e-05	0.12968	liquid
267.00	3100.0	63.641	0.015713	5.7005	6.6233	25.944	40.112	78.611	2571.6	-0.00093286	8.3126e-05	0.12962	liquid
267.07	3100.0	63.627	0.015717	5.7055	6.6285	25.964	40.111	78.621	2570.5	-0.00092849	8.3072e-05	0.12955	liquid
267.13	3100.0	63.614	0.015720	5.7106	6.6338	25.983	40.110	78.630	2569.4	-0.00092412	8.3019e-05	0.12949	liquid
267.20	3100.0	63.600	0.015723	5.7156	6.6390	26.003	40.110	78.640	2568.3	-0.00091974	8.2965e-05	0.12943	liquid
267.27	3100.0	63.586	0.015727	5.7207	6.6442	26.022	40.109	78.649	2567.2	-0.00091535	8.2911e-05	0.12937	liquid
267.33	3100.0	63.572	0.015730	5.7257	6.6495	26.042	40.108	78.659	2566.1	-0.00091096	8.2858e-05	0.12931	liquid
267.40	3100.0	63.559	0.015734	5.7307	6.6547	26.062	40.107	78.668	2565.0	-0.00090656	8.2804e-05	0.12925	liquid
267.47	3100.0	63.545	0.015737	5.7358	6.6600	26.081	40.107	78.678	2563.9	-0.00090216	8.2750e-05	0.12918	liquid
267.53	3100.0	63.531	0.015740	5.7408	6.6652	26.101	40.106	78.687	2562.8	-0.00089775	8.2697e-05	0.12912	liquid
267.60	3100.0	63.517	0.015744	5.7459	6.6705	26.121	40.105	78.697	2561.6	-0.00089333	8.2643e-05	0.12906	liquid
267.67	3100.0	63.504	0.015747	5.7509	6.6757	26.140	40.104	78.706	2560.5	-0.00088891	8.2590e-05	0.12900	liquid
267.73	3100.0	63.490	0.015751	5.7560	6.6810	26.160	40.104	78.716	2559.4	-0.00088448	8.2537e-05	0.12894	liquid
267.80	3100.0	63.476	0.015754	5.7610	6.6862	26.179	40.103	78.725	2558.3	-0.00088005	8.2483e-05	0.12888	liquid
267.87	3100.0	63.462	0.015757	5.7661	6.6915	26.199	40.102	78.735	2557.2	-0.00087561	8.2430e-05	0.12881	liquid
267.93	3100.0	63.449	0.015761	5.7711	6.6967	26.219	40.101	78.745	2556.1	-0.00087117	8.2377e-05	0.12875	liquid
268.00	3100.0	63.435	0.015764	5.7762	6.7020	26.238	40.101	78.754	2555.0	-0.00086672	8.2324e-05	0.12869	liquid
268.07	3100.0	63.421	0.015768	5.7812	6.7072	26.258	40.100	78.764	2553.9	-0.00086226	8.2271e-05	0.12863	liquid
268.13	3100.0	63.407	0.015771	5.7863	6.7125	26.277	40.099	78.773	2552.8	-0.00085780	8.2217e-05	0.12857	liquid
268.20	3100.0	63.393	0.015775	5.7913	6.7177	26.297	40.098	78.783	2551.7	-0.00085333	8.2164e-05	0.12851	liquid
268.27	3100.0	63.380	0.015778	5.7964	6.7230	26.316	40.098	78.793	2550.6	-0.00084886	8.2111e-05	0.12844	liquid
268.33	3100.0	63.366	0.015781	5.8014	6.7282	26.336	40.097	78.802	2549.5	-0.00084438	8.2058e-05	0.12838	liquid
268.40	3100.0	63.352	0.015785	5.8065	6.7335	26.356	40.096	78.812	2548.4	-0.00083989	8.2005e-05	0.12832	liquid
268.47	3100.0	63.338	0.015788	5.8115	6.7387	26.375	40.095	78.822	2547.3	-0.00083540	8.1952e-05	0.12826	liquid
268.53	3100.0	63.324	0.015792	5.8166	6.7440	26.395	40.095	78.831	2546.2	-0.00083090	8.1900e-05	0.12820	liquid
268.60	3100.0	63.311	0.015795	5.8216	6.7492	26.414	40.094	78.841	2545.1	-0.00082640	8.1847e-05	0.12814	liquid
268.67	3100.0	63.297	0.015799	5.8267	6.7545	26.434	40.093	78.851	2544.0	-0.00082189	8.1794e-05	0.12807	liquid
268.73	3100.0	63.283	0.015802	5.8317	6.7597	26.453	40.092	78.861	2542.9	-0.00081737	8.1741e-05	0.12801	liquid
268.80	3100.0	63.269	0.015805	5.8368	6.7650	26.473	40.092	78.870	2541.8	-0.00081285	8.1689e-05	0.12795	liquid
268.87	3100.0	63.255	0.015809	5.8418	6.7703	26.493	40.091	78.880	2540.7	-0.00080832	8.1636e-05	0.12789	liquid
268.93	3100.0	63.242	0.015812	5.8469	6.7755	26.512	40.090	78.890	2539.6	-0.00080379	8.1583e-05	0.12783	liquid
269.00	3100.0	63.228	0.015816	5.8520	6.7808	26.532	40.090	78.900	2538.4	-0.00079925	8.1531e-05	0.12777	liquid
269.07	3100.0	63.214	0.015819	5.8570	6.7860	26.551	40.089	78.909	2537.3	-0.00079470	8.1478e-05	0.12771	liquid
269.13	3100.0	63.200	0.015823	5.8621	6.7913	26.571	40.088	78.919	2536.2	-0.00079015	8.1426e-05	0.12764	liquid
269.20	3100.0	63.186	0.015826	5.8671	6.7966	26.590	40.087	78.929	2535.1	-0.00078559	8.1373e-05	0.12758	liquid
269.27	3100.0	63.172	0.015830	5.8722	6.8018	26.610	40.087	78.939	2534.0	-0.00078103	8.1321e-05	0.12752	liquid
269.33	3100.0	63.158	0.015833	5.8772	6.8071	26.629	40.086	78.949	2532.9	-0.00077646	8.1268e-05	0.12746	liquid
269.40	3100.0	63.145	0.015837	5.8823	6.8123	26.649	40.085	78.958	2531.8	-0.00077188	8.1216e-05	0.12740	liquid
269.47	3100.0	63.131	0.015840	5.8874	6.8176	26.669	40.085	78.968	2530.7	-0.00076730	8.1164e-05	0.12734	liquid
269.53	3100.0	63.117	0.015844	5.8924	6.8229	26.688	40.084	78.978	2529.6	-0.00076271	8.1112e-05	0.12728	liquid
269.60	3100.0	63.103	0.015847	5.8975	6.8281	26.708	40.083	78.988	2528.5	-0.00075811	8.1059e-05	0.12721	liquid
269.67	3100.0	63.089	0.015851	5.9026	6.8334	26.727	40.082	78.998	2527.4	-0.00075351	8.1007e-05	0.12715	liquid
269.73	3100.0	63.075	0.015854	5.9076	6.8387	26.747	40.082	79.008	2526.3	-0.00074891	8.0955e-05	0.12709	liquid
269.80	3100.0	63.061	0.015858	5.9127	6.8439	26.766	40.081	79.018	2525.2	-0.00074429	8.0903e-05	0.12703	liquid
269.87	3100.0	63.047	0.015861	5.9177	6.8492	26.786	40.080	79.028	2524.1	-0.00073967	8.0851e-05	0.12697	liquid
269.93	3100.0	63.034	0.015865	5.9228	6.8545	26.805	40.080	79.038	2523.0	-0.00073505	8.0799e-05	0.12691	liquid
270.00	3100.0	63.020	0.015868	5.9279	6.8598	26.825	40.079	79.048	2521.9	-0.00073042	8.0747e-05	0.12685	liquid
270.07	3100.0	63.006	0.015872	5.9329	6.8650	26.844	40.078	79.058	2520.8	-0.00072578	8.0695e-05	0.12679	liquid
270.13	3100.0	62.992	0.015875	5.9380	6.8703	26.864	40.077	79.068	2519.7	-0.00072114	8.0643e-05	0.12672	liquid
270.20	3100.0	62.978	0.015879	5.9431	6.8756	26.883	40.077	79.078	2518.6	-0.00071649	8.0591e-05	0.12666	liquid
270.27	3100.0	62.964	0.015882	5.9481	6.8808	26.903	40.076	79.088	2517.5	-0.00071183	8.0540e-05	0.12660	liquid
270.33	3100.0	62.950	0.015886	5.9532	6.8861	26.922	40.075	79.098	2516.4	-0.00070717	8.0488e-05	0.12654	liquid
270.40	3100.0	62.936	0.015889	5.9583	6.8914	26.942	40.075	79.108	2515.3	-0.00070250	8.0436e-05	0.12648	liquid
270.47	3100.0	62.922	0.015893	5.9633	6.8967	26.961	40.074	79.118	2514.2	-0.00069782	8.0384e-05	0.12642	liquid
270.53	3100.0	62.908	0.015896	5.9684	6.9019	26.981	40.073	79.128	2513.1	-0.00069314	8.0333e-05	0.12636	liquid
270.60	3100.0	62.894	0.015900	5.9735	6.9072	27.000	40.073	79.138	2512.0	-0.00068846	8.0281e-05	0.12630	liquid
270.67	3100.0	62.880	0.015903	5.9785	6.9125	27.020	40.072	79.148	2510.9	-0.00068376	8.0230e-05	0.12623	liquid
270.73	3100.0	62.867	0.015907	5.9836	6.9178	27.039	40.071	79.158	2509.8	-0.00067906	8.0178e-05	0.12617	liquid
270.80	3100.0	62.853	0.015910	5.9887	6.9230	27.059	40.070	79.168	2508.7	-0.00067436	8.0127e-05	0.12611	liquid
270.87	3100.0	62.839	0.015914	5.9937	6.9283	27.078	40.070	79.178	2507.6	-0.00066964	8.0075e-05	0.12605	liquid
270.93	3100.0	62.825	0.015917	5.9988	6.9336	27.098	40.069	79.188	2506.5	-0.00066493	8.0024e-05	0.12599	liquid
271.00	3100.0	62.811	0.015921	6.0039	6.9389	27.117	40.068	79.198	2505.4	-0.00066020	7.9972e-05	0.12593	liquid
271.07	3100.0	62.797	0.015924	6.0090	6.9442	27.137	40.068	79.208	2504.3	-0.00065547	7.9921e-05	0.12587	liquid
271.13	3100.0	62.783	0.015928	6.0140	6.9494	27.156	40.067	79.219	2503.2	-0.00065073	7.9870e-05	0.12581	liquid
271.20	3100.0	62.769	0.015931	6.0191	6.9547	27.176	40.066	79.229	2502.1	-0.00064599	7.9819e-05	0.12575	liquid
271.27	3100.0	62.755	0.015935	6.0242	6.9600	27.195	40.066	79.239	2501.0	-0.00064124	7.9767e-05	0.12569	liquid
271.33	3100.0	62.741	0.015939	6.0293	6.9653	27.215	40.065	79.249	2499.9	-0.00063648	7.9716e-05	0.12562	liquid
271.40	3100.0	62.727	0.015942	6.0343	6.9706	27.234	40.064	79.259	2498.8	-0.00063172	7.9665e-05	0.12556	liquid
271.47	3100.0	62.713	0.015946	6.0394	6.9758	27.254	40.064	79.269	2497.7	-0.00062695	7.9614e-05	0.12550	liquid
271.53	3100.0	62.699	0.015949	6.0445	6.9811	27.273	40.063	79.280	2496.6	-0.00062217	7.9563e-05	0.12544	liquid
271.60	3100.0	62.685	0.015953	6.0496	6.9864	27.293	40.062	79.290	2495.5	-0.00061739	7.9512e-05	0.12538	liquid
271.67	3100.0	62.671	0.015956	6.0546	6.9917	27.312	40.062	79.300	2494.4	-0.00061260	7.9461e-05	0.12532	liquid
271.73	3100.0	62.657	0.015960	6.0597	6.9970	27.331	40.061	79.310	2493.3	-0.00060781	7.9410e-05	0.12526	liquid
271.80	3100.0	62.643	0.015964	6.0648	7.0023	27.351	40.060	79.321	2492.2	-0.00060300	7.9359e-05	0.12520	liquid
271.87	3100.0	62.629	0.015967	6.0699	7.0076	27.370	40.060	79.331	2491.1	-0.00059820	7.9308e-05	0.12514	liquid
271.93	3100.0	62.615	0.015971	6.0749	7.0129	27.390	40.059	79.341	2490.0	-0.00059338	7.9257e-05	0.12508	liquid
272.00	3100.0	62.601	0.015974	6.0800	7.0181	27.409	40.058	79.352	2488.9	-0.00058856	7.9207e-05	0.12502	liquid
272.07	3100.0	62.587	0.015978	6.0851	7.0234	27.429	40.058	79.362	2487.8	-0.00058373	7.9156e-05	0.12495	liquid
272.13	3100.0	62.573	0.015981	6.0902	7.0287	27.448	40.057	79.372	2486.7	-0.00057890	7.9105e-05	0.12489	liquid
272.20	3100.0	62.559	0.015985	6.0953	7.0340	27.468	40.056	79.383	2485.6	-0.00057406	7.9055e-05	0.12483	liquid
272.27	3100.0	62.545	0.015989	6.1004	7.0393	27.487	40.056	79.393	2484.5	-0.00056921	7.9004e-05	0.12477	liquid
272.33	3100.0	62.531	0.015992	6.1054	7.0446	27.506	40.055	79.403	2483.4	-0.00056436	7.8953e-05	0.12471	liquid
272.40	3100.0	62.517	0.015996	6.1105	7.0499	27.526	40.054	79.414	2482.3	-0.00055950	7.8903e-05	0.12465	liquid
272.47	3100.0	62.502	0.015999	6.1156	7.0552	27.545	40.054	79.424	2481.2	-0.00055463	7.8852e-05	0.12459	liquid
272.53	3100.0	62.488	0.016003	6.1207	7.0605	27.565	40.053	79.434	2480.1	-0.00054976	7.8802e-05	0.12453	liquid
272.60	3100.0	62.474	0.016007	6.1258	7.0658	27.584	40.052	79.445	2479.0	-0.00054488	7.8751e-05	0.12447	liquid
272.67	3100.0	62.460	0.016010	6.1309	7.0711	27.604	40.052	79.455	2477.9	-0.00053999	7.8701e-05	0.12441	liquid
272.73	3100.0	62.446	0.016014	6.1359	7.0764	27.623	40.051	79.466	2476.8	-0.00053510	7.8651e-05	0.12435	liquid
272.80	3100.0	62.432	0.016017	6.1410	7.0817	27.642	40.051	79.476	2475.7	-0.00053020	7.8600e-05	0.12429	liquid
272.87	3100.0	62.418	0.016021	6.1461	7.0870	27.662	40.050	79.487	2474.6	-0.00052529	7.8550e-05	0.12423	liquid
272.93	3100.0	62.404	0.016025	6.1512	7.0923	27.681	40.049	79.497	2473.5	-0.00052038	7.8500e-05	0.12417	liquid
273.00	3100.0	62.390	0.016028	6.1563	7.0976	27.701	40.049	79.508	2472.4	-0.00051546	7.8450e-05	0.12411	liquid
273.07	3100.0	62.376	0.016032	6.1614	7.1029	27.720	40.048	79.518	2471.3	-0.00051054	7.8399e-05	0.12404	liquid
273.13	3100.0	62.362	0.016035	6.1665	7.1082	27.740	40.047	79.529	2470.2	-0.00050560	7.8349e-05	0.12398	liquid
273.20	3100.0	62.348	0.016039	6.1716	7.1135	27.759	40.047	79.539	2469.1	-0.00050066	7.8299e-05	0.12392	liquid
273.27	3100.0	62.333	0.016043	6.1766	7.1188	27.778	40.046	79.550	2468.0	-0.00049572	7.8249e-05	0.12386	liquid
273.33	3100.0	62.319	0.016046	6.1817	7.1241	27.798	40.045	79.560	2466.9	-0.00049077	7.8199e-05	0.12380	liquid
273.40	3100.0	62.305	0.016050	6.1868	7.1294	27.817	40.045	79.571	2465.8	-0.00048581	7.8149e-05	0.12374	liquid
273.47	3100.0	62.291	0.016054	6.1919	7.1347	27.837	40.044	79.581	2464.7	-0.00048084	7.8099e-05	0.12368	liquid
273.53	3100.0	62.277	0.016057	6.1970	7.1400	27.856	40.044	79.592	2463.6	-0.00047587	7.8049e-05	0.12362	liquid
273.60	3100.0	62.263	0.016061	6.2021	7.1453	27.875	40.043	79.603	2462.5	-0.00047089	7.7999e-05	0.12356	liquid
273.67	3100.0	62.249	0.016065	6.2072	7.1506	27.895	40.042	79.613	2461.4	-0.00046590	7.7949e-05	0.12350	liquid
273.73	3100.0	62.235	0.016068	6.2123	7.1559	27.914	40.042	79.624	2460.3	-0.00046091	7.7900e-05	0.12344	liquid
273.80	3100.0	62.220	0.016072	6.2174	7.1612	27.934	40.041	79.635	2459.2	-0.00045591	7.7850e-05	0.12338	liquid
273.87	3100.0	62.206	0.016076	6.2225	7.1665	27.953	40.040	79.645	2458.1	-0.00045090	7.7800e-05	0.12332	liquid
273.93	3100.0	62.192	0.016079	6.2276	7.1719	27.972	40.040	79.656	2457.0	-0.00044589	7.7750e-05	0.12326	liquid
274.00	3100.0	62.178	0.016083	6.2327	7.1772	27.992	40.039	79.667	2455.9	-0.00044087	7.7701e-05	0.12320	liquid
274.07	3100.0	62.164	0.016087	6.2378	7.1825	28.011	40.039	79.677	2454.8	-0.00043584	7.7651e-05	0.12314	liquid
274.13	3100.0	62.150	0.016090	6.2429	7.1878	28.030	40.038	79.688	2453.7	-0.00043081	7.7602e-05	0.12308	liquid
274.20	3100.0	62.135	0.016094	6.2480	7.1931	28.050	40.037	79.699	2452.6	-0.00042577	7.7552e-05	0.12302	liquid
274.27	3100.0	62.121	0.016098	6.2531	7.1984	28.069	40.037	79.709	2451.5	-0.00042072	7.7503e-05	0.12296	liquid
274.33	3100.0	62.107	0.016101	6.2582	7.2037	28.089	40.036	79.720	2450.4	-0.00041567	7.7453e-05	0.12290	liquid
274.40	3100.0	62.093	0.016105	6.2632	7.2090	28.108	40.035	79.731	2449.3	-0.00041061	7.7404e-05	0.12284	liquid
274.47	3100.0	62.079	0.016109	6.2683	7.2144	28.127	40.035	79.742	2448.2	-0.00040554	7.7354e-05	0.12278	liquid
274.53	3100.0	62.065	0.016112	6.2734	7.2197	28.147	40.034	79.752	2447.1	-0.00040046	7.7305e-05	0.12272	liquid
274.60	3100.0	62.050	0.016116	6.2786	7.2250	28.166	40.034	79.763	2446.0	-0.00039538	7.7255e-05	0.12266	liquid
274.67	3100.0	62.036	0.016120	6.2837	7.2303	28.185	40.033	79.774	2444.9	-0.00039029	7.7206e-05	0.12260	liquid
274.73	3100.0	62.022	0.016123	6.2888	7.2356	28.205	40.032	79.785	2443.8	-0.00038520	7.7157e-05	0.12254	liquid
274.80	3100.0	62.008	0.016127	6.2939	7.2409	28.224	40.032	79.796	2442.7	-0.00038010	7.7108e-05	0.12248	liquid
274.87	3100.0	61.993	0.016131	6.2990	7.2463	28.244	40.031	79.806	2441.6	-0.00037499	7.7059e-05	0.12241	liquid
274.93	3100.0	61.979	0.016134	6.3041	7.2516	28.263	40.031	79.817	2440.5	-0.00036987	7.7009e-05	0.12235	liquid
275.00	3100.0	61.965	0.016138	6.3092	7.2569	28.282	40.030	79.828	2439.4	-0.00036475	7.6960e-05	0.12229	liquid
275.07	3100.0	61.951	0.016142	6.3143	7.2622	28.302	40.029	79.839	2438.3	-0.00035962	7.6911e-05	0.12223	liquid
275.13	3100.0	61.937	0.016146	6.3194	7.2676	28.321	40.029	79.850	2437.2	-0.00035448	7.6862e-05	0.12217	liquid
275.20	3100.0	61.922	0.016149	6.3245	7.2729	28.340	40.028	79.861	2436.1	-0.00034934	7.6813e-05	0.12211	liquid
275.27	3100.0	61.908	0.016153	6.3296	7.2782	28.360	40.028	79.872	2435.0	-0.00034419	7.6764e-05	0.12205	liquid
275.33	3100.0	61.894	0.016157	6.3347	7.2835	28.379	40.027	79.883	2433.9	-0.00033903	7.6715e-05	0.12199	liquid
275.40	3100.0	61.880	0.016160	6.3398	7.2889	28.398	40.026	79.894	2432.8	-0.00033386	7.6666e-05	0.12193	liquid
275.47	3100.0	61.865	0.016164	6.3449	7.2942	28.418	40.026	79.905	2431.7	-0.00032869	7.6617e-05	0.12187	liquid
275.53	3100.0	61.851	0.016168	6.3500	7.2995	28.437	40.025	79.916	2430.7	-0.00032351	7.6569e-05	0.12181	liquid
275.60	3100.0	61.837	0.016172	6.3551	7.3048	28.456	40.025	79.927	2429.6	-0.00031833	7.6520e-05	0.12175	liquid
275.67	3100.0	61.823	0.016175	6.3602	7.3102	28.476	40.024	79.938	2428.5	-0.00031313	7.6471e-05	0.12169	liquid
275.73	3100.0	61.808	0.016179	6.3653	7.3155	28.495	40.024	79.949	2427.4	-0.00030793	7.6422e-05	0.12163	liquid
275.80	3100.0	61.794	0.016183	6.3705	7.3208	28.514	40.023	79.960	2426.3	-0.00030272	7.6374e-05	0.12157	liquid
275.87	3100.0	61.780	0.016187	6.3756	7.3262	28.534	40.022	79.971	2425.2	-0.00029751	7.6325e-05	0.12151	liquid
275.93	3100.0	61.765	0.016190	6.3807	7.3315	28.553	40.022	79.982	2424.1	-0.00029229	7.6276e-05	0.12145	liquid
276.00	3100.0	61.751	0.016194	6.3858	7.3368	28.572	40.021	79.993	2423.0	-0.00028706	7.6228e-05	0.12139	liquid
276.07	3100.0	61.737	0.016198	6.3909	7.3422	28.592	40.021	80.004	2421.9	-0.00028182	7.6179e-05	0.12133	liquid
276.13	3100.0	61.723	0.016202	6.3960	7.3475	28.611	40.020	80.015	2420.8	-0.00027658	7.6131e-05	0.12127	liquid
276.20	3100.0	61.708	0.016205	6.4011	7.3528	28.630	40.020	80.026	2419.7	-0.00027133	7.6082e-05	0.12121	liquid
276.27	3100.0	61.694	0.016209	6.4062	7.3582	28.650	40.019	80.037	2418.6	-0.00026607	7.6034e-05	0.12115	liquid
276.33	3100.0	61.680	0.016213	6.4114	7.3635	28.669	40.018	80.048	2417.5	-0.00026081	7.5985e-05	0.12110	liquid
276.40	3100.0	61.665	0.016217	6.4165	7.3688	28.688	40.018	80.059	2416.4	-0.00025554	7.5937e-05	0.12104	liquid
276.47	3100.0	61.651	0.016220	6.4216	7.3742	28.707	40.017	80.070	2415.3	-0.00025026	7.5889e-05	0.12098	liquid
276.53	3100.0	61.637	0.016224	6.4267	7.3795	28.727	40.017	80.082	2414.2	-0.00024497	7.5840e-05	0.12092	liquid
276.60	3100.0	61.622	0.016228	6.4318	7.3848	28.746	40.016	80.093	2413.1	-0.00023968	7.5792e-05	0.12086	liquid
276.67	3100.0	61.608	0.016232	6.4369	7.3902	28.765	40.016	80.104	2412.0	-0.00023438	7.5744e-05	0.12080	liquid
276.73	3100.0	61.594	0.016235	6.4421	7.3955	28.785	40.015	80.115	2410.9	-0.00022907	7.5696e-05	0.12074	liquid
276.80	3100.0	61.579	0.016239	6.4472	7.4009	28.804	40.014	80.126	2409.8	-0.00022375	7.5647e-05	0.12068	liquid
276.87	3100.0	61.565	0.016243	6.4523	7.4062	28.823	40.014	80.138	2408.7	-0.00021843	7.5599e-05	0.12062	liquid
276.93	3100.0	61.551	0.016247	6.4574	7.4116	28.843	40.013	80.149	2407.7	-0.00021310	7.5551e-05	0.12056	liquid
277.00	3100.0	61.536	0.016251	6.4625	7.4169	28.862	40.013	80.160	2406.6	-0.00020776	7.5503e-05	0.12050	liquid
277.07	3100.0	61.522	0.016254	6.4677	7.4222	28.881	40.012	80.171	2405.5	-0.00020242	7.5455e-05	0.12044	liquid
277.13	3100.0	61.507	0.016258	6.4728	7.4276	28.900	40.012	80.183	2404.4	-0.00019707	7.5407e-05	0.12038	liquid
277.20	3100.0	61.493	0.016262	6.4779	7.4329	28.920	40.011	80.194	2403.3	-0.00019171	7.5359e-05	0.12032	liquid
277.27	3100.0	61.479	0.016266	6.4830	7.4383	28.939	40.011	80.205	2402.2	-0.00018634	7.5311e-05	0.12026	liquid
277.33	3100.0	61.464	0.016270	6.4882	7.4436	28.958	40.010	80.217	2401.1	-0.00018097	7.5263e-05	0.12020	liquid
277.40	3100.0	61.450	0.016273	6.4933	7.4490	28.978	40.009	80.228	2400.0	-0.00017559	7.5215e-05	0.12014	liquid
277.47	3100.0	61.436	0.016277	6.4984	7.4543	28.997	40.009	80.239	2398.9	-0.00017020	7.5167e-05	0.12008	liquid
277.53	3100.0	61.421	0.016281	6.5035	7.4597	29.016	40.008	80.251	2397.8	-0.00016480	7.5120e-05	0.12002	liquid
277.60	3100.0	61.407	0.016285	6.5087	7.4650	29.035	40.008	80.262	2396.7	-0.00015940	7.5072e-05	0.11996	liquid
277.67	3100.0	61.392	0.016289	6.5138	7.4704	29.055	40.007	80.273	2395.6	-0.00015399	7.5024e-05	0.11990	liquid
277.73	3100.0	61.378	0.016293	6.5189	7.4757	29.074	40.007	80.285	2394.5	-0.00014857	7.4976e-05	0.11984	liquid
277.80	3100.0	61.363	0.016296	6.5240	7.4811	29.093	40.006	80.296	2393.4	-0.00014314	7.4929e-05	0.11978	liquid
277.87	3100.0	61.349	0.016300	6.5292	7.4864	29.113	40.006	80.308	2392.3	-0.00013771	7.4881e-05	0.11972	liquid
277.93	3100.0	61.335	0.016304	6.5343	7.4918	29.132	40.005	80.319	2391.2	-0.00013227	7.4834e-05	0.11966	liquid
278.00	3100.0	61.320	0.016308	6.5394	7.4971	29.151	40.005	80.331	2390.2	-0.00012682	7.4786e-05	0.11960	liquid
278.07	3100.0	61.306	0.016312	6.5446	7.5025	29.170	40.004	80.342	2389.1	-0.00012136	7.4738e-05	0.11954	liquid
278.13	3100.0	61.291	0.016316	6.5497	7.5079	29.190	40.004	80.353	2388.0	-0.00011590	7.4691e-05	0.11949	liquid
278.20	3100.0	61.277	0.016319	6.5548	7.5132	29.209	40.003	80.365	2386.9	-0.00011043	7.4643e-05	0.11943	liquid
278.27	3100.0	61.262	0.016323	6.5600	7.5186	29.228	40.002	80.376	2385.8	-0.00010495	7.4596e-05	0.11937	liquid
278.33	3100.0	61.248	0.016327	6.5651	7.5239	29.247	40.002	80.388	2384.7	-9.9466e-05	7.4549e-05	0.11931	liquid
278.40	3100.0	61.233	0.016331	6.5702	7.5293	29.267	40.001	80.400	2383.6	-9.3973e-05	7.4501e-05	0.11925	liquid
278.47	3100.0	61.219	0.016335	6.5754	7.5346	29.286	40.001	80.411	2382.5	-8.8472e-05	7.4454e-05	0.11919	liquid
278.53	3100.0	61.205	0.016339	6.5805	7.5400	29.305	40.000	80.423	2381.4	-8.2963e-05	7.4407e-05	0.11913	liquid
278.60	3100.0	61.190	0.016343	6.5856	7.5454	29.324	40.000	80.434	2380.3	-7.7447e-05	7.4359e-05	0.11907	liquid
278.67	3100.0	61.176	0.016346	6.5908	7.5507	29.344	39.999	80.446	2379.2	-7.1923e-05	7.4312e-05	0.11901	liquid
278.73	3100.0	61.161	0.016350	6.5959	7.5561	29.363	39.999	80.457	2378.1	-6.6392e-05	7.4265e-05	0.11895	liquid
278.80	3100.0	61.147	0.016354	6.6010	7.5615	29.382	39.998	80.469	2377.0	-6.0852e-05	7.4218e-05	0.11889	liquid
278.87	3100.0	61.132	0.016358	6.6062	7.5668	29.401	39.998	80.481	2375.9	-5.5306e-05	7.4170e-05	0.11883	liquid
278.93	3100.0	61.118	0.016362	6.6113	7.5722	29.421	39.997	80.492	2374.9	-4.9751e-05	7.4123e-05	0.11877	liquid
279.00	3100.0	61.103	0.016366	6.6164	7.5776	29.440	39.997	80.504	2373.8	-4.4189e-05	7.4076e-05	0.11871	liquid
279.07	3100.0	61.089	0.016370	6.6216	7.5829	29.459	39.996	80.516	2372.7	-3.8619e-05	7.4029e-05	0.11866	liquid
279.13	3100.0	61.074	0.016374	6.6267	7.5883	29.478	39.996	80.527	2371.6	-3.3042e-05	7.3982e-05	0.11860	liquid
279.20	3100.0	61.060	0.016377	6.6319	7.5937	29.498	39.995	80.539	2370.5	-2.7457e-05	7.3935e-05	0.11854	liquid
279.27	3100.0	61.045	0.016381	6.6370	7.5990	29.517	39.995	80.551	2369.4	-2.1864e-05	7.3888e-05	0.11848	liquid
279.33	3100.0	61.031	0.016385	6.6421	7.6044	29.536	39.994	80.562	2368.3	-1.6263e-05	7.3841e-05	0.11842	liquid
279.40	3100.0	61.016	0.016389	6.6473	7.6098	29.555	39.994	80.574	2367.2	-1.0654e-05	7.3794e-05	0.11836	liquid
279.47	3100.0	61.001	0.016393	6.6524	7.6151	29.574	39.993	80.586	2366.1	-5.0383e-06	7.3748e-05	0.11830	liquid
279.53	3100.0	60.987	0.016397	6.6576	7.6205	29.594	39.993	80.598	2365.0	5.8574e-07	7.3701e-05	0.11824	liquid
279.60	3100.0	60.972	0.016401	6.6627	7.6259	29.613	39.992	80.609	2363.9	6.2176e-06	7.3654e-05	0.11818	liquid
279.67	3100.0	60.958	0.016405	6.6679	7.6313	29.632	39.992	80.621	2362.8	1.1857e-05	7.3607e-05	0.11812	liquid
279.73	3100.0	60.943	0.016409	6.6730	7.6366	29.651	39.991	80.633	2361.8	1.7505e-05	7.3560e-05	0.11806	liquid
279.80	3100.0	60.929	0.016413	6.6782	7.6420	29.671	39.991	80.645	2360.7	2.3160e-05	7.3514e-05	0.11801	liquid
279.87	3100.0	60.914	0.016417	6.6833	7.6474	29.690	39.990	80.657	2359.6	2.8823e-05	7.3467e-05	0.11795	liquid
279.93	3100.0	60.900	0.016420	6.6884	7.6528	29.709	39.990	80.669	2358.5	3.4494e-05	7.3420e-05	0.11789	liquid
280.00	3100.0	60.885	0.016424	6.6936	7.6582	29.728	39.989	80.680	2357.4	4.0173e-05	7.3374e-05	0.11783	liquid
280.07	3100.0	60.870	0.016428	6.6987	7.6635	29.747	39.989	80.692	2356.3	4.5860e-05	7.3327e-05	0.11777	liquid
280.13	3100.0	60.856	0.016432	6.7039	7.6689	29.767	39.988	80.704	2355.2	5.1554e-05	7.3281e-05	0.11771	liquid
280.20	3100.0	60.841	0.016436	6.7090	7.6743	29.786	39.988	80.716	2354.1	5.7257e-05	7.3234e-05	0.11765	liquid
280.27	3100.0	60.827	0.016440	6.7142	7.6797	29.805	39.987	80.728	2353.0	6.2967e-05	7.3188e-05	0.11759	liquid
280.33	3100.0	60.812	0.016444	6.7193	7.6851	29.824	39.987	80.740	2351.9	6.8686e-05	7.3141e-05	0.11753	liquid
280.40	3100.0	60.797	0.016448	6.7245	7.6904	29.843	39.986	80.752	2350.8	7.4412e-05	7.3095e-05	0.11747	liquid
280.47	3100.0	60.783	0.016452	6.7296	7.6958	29.863	39.986	80.764	2349.8	8.0146e-05	7.3049e-05	0.11742	liquid
280.53	3100.0	60.768	0.016456	6.7348	7.7012	29.882	39.985	80.776	2348.7	8.5889e-05	7.3002e-05	0.11736	liquid
280.60	3100.0	60.754	0.016460	6.7399	7.7066	29.901	39.985	80.788	2347.6	9.1639e-05	7.2956e-05	0.11730	liquid
280.67	3100.0	60.739	0.016464	6.7451	7.7120	29.920	39.984	80.800	2346.5	9.7398e-05	7.2910e-05	0.11724	liquid
280.73	3100.0	60.724	0.016468	6.7503	7.7174	29.939	39.984	80.812	2345.4	0.00010316	7.2863e-05	0.11718	liquid
280.80	3100.0	60.710	0.016472	6.7554	7.7228	29.959	39.983	80.824	2344.3	0.00010894	7.2817e-05	0.11712	liquid
280.87	3100.0	60.695	0.016476	6.7606	7.7281	29.978	39.983	80.836	2343.2	0.00011472	7.2771e-05	0.11706	liquid
280.93	3100.0	60.680	0.016480	6.7657	7.7335	29.997	39.982	80.848	2342.1	0.00012051	7.2725e-05	0.11700	liquid
281.00	3100.0	60.666	0.016484	6.7709	7.7389	30.016	39.982	80.860	2341.0	0.00012631	7.2679e-05	0.11695	liquid
281.07	3100.0	60.651	0.016488	6.7760	7.7443	30.035	39.981	80.872	2339.9	0.00013212	7.2632e-05	0.11689	liquid
281.13	3100.0	60.636	0.016492	6.7812	7.7497	30.054	39.981	80.884	2338.9	0.00013793	7.2586e-05	0.11683	liquid
281.20	3100.0	60.622	0.016496	6.7864	7.7551	30.074	39.981	80.896	2337.8	0.00014375	7.2540e-05	0.11677	liquid
281.27	3100.0	60.607	0.016500	6.7915	7.7605	30.093	39.980	80.908	2336.7	0.00014959	7.2494e-05	0.11671	liquid
281.33	3100.0	60.592	0.016504	6.7967	7.7659	30.112	39.980	80.921	2335.6	0.00015542	7.2448e-05	0.11665	liquid
281.40	3100.0	60.578	0.016508	6.8018	7.7713	30.131	39.979	80.933	2334.5	0.00016127	7.2402e-05	0.11659	liquid
281.47	3100.0	60.563	0.016512	6.8070	7.7767	30.150	39.979	80.945	2333.4	0.00016713	7.2356e-05	0.11654	liquid
281.53	3100.0	60.548	0.016516	6.8122	7.7821	30.170	39.978	80.957	2332.3	0.00017299	7.2311e-05	0.11648	liquid
281.60	3100.0	60.534	0.016520	6.8173	7.7875	30.189	39.978	80.969	2331.2	0.00017886	7.2265e-05	0.11642	liquid
281.67	3100.0	60.519	0.016524	6.8225	7.7929	30.208	39.977	80.982	2330.1	0.00018474	7.2219e-05	0.11636	liquid
281.73	3100.0	60.504	0.016528	6.8276	7.7983	30.227	39.977	80.994	2329.1	0.00019063	7.2173e-05	0.11630	liquid
281.80	3100.0	60.489	0.016532	6.8328	7.8037	30.246	39.976	81.006	2328.0	0.00019653	7.2127e-05	0.11624	liquid
281.87	3100.0	60.475	0.016536	6.8380	7.8091	30.265	39.976	81.018	2326.9	0.00020243	7.2082e-05	0.11618	liquid
281.93	3100.0	60.460	0.016540	6.8431	7.8145	30.285	39.975	81.031	2325.8	0.00020835	7.2036e-05	0.11613	liquid
282.00	3100.0	60.445	0.016544	6.8483	7.8199	30.304	39.975	81.043	2324.7	0.00021427	7.1990e-05	0.11607	liquid
282.07	3100.0	60.431	0.016548	6.8535	7.8253	30.323	39.975	81.055	2323.6	0.00022020	7.1945e-05	0.11601	liquid
282.13	3100.0	60.416	0.016552	6.8586	7.8307	30.342	39.974	81.067	2322.5	0.00022613	7.1899e-05	0.11595	liquid
282.20	3100.0	60.401	0.016556	6.8638	7.8361	30.361	39.974	81.080	2321.4	0.00023208	7.1853e-05	0.11589	liquid
282.27	3100.0	60.386	0.016560	6.8690	7.8415	30.380	39.973	81.092	2320.3	0.00023804	7.1808e-05	0.11583	liquid
282.33	3100.0	60.372	0.016564	6.8741	7.8469	30.399	39.973	81.104	2319.3	0.00024400	7.1762e-05	0.11577	liquid
282.40	3100.0	60.357	0.016568	6.8793	7.8523	30.419	39.972	81.117	2318.2	0.00024997	7.1717e-05	0.11572	liquid
282.47	3100.0	60.342	0.016572	6.8845	7.8577	30.438	39.972	81.129	2317.1	0.00025595	7.1671e-05	0.11566	liquid
282.53	3100.0	60.327	0.016576	6.8896	7.8631	30.457	39.971	81.142	2316.0	0.00026194	7.1626e-05	0.11560	liquid
282.60	3100.0	60.313	0.016580	6.8948	7.8685	30.476	39.971	81.154	2314.9	0.00026793	7.1580e-05	0.11554	liquid
282.67	3100.0	60.298	0.016584	6.9000	7.8739	30.495	39.971	81.166	2313.8	0.00027394	7.1535e-05	0.11548	liquid
282.73	3100.0	60.283	0.016588	6.9052	7.8794	30.514	39.970	81.179	2312.7	0.00027995	7.1490e-05	0.11542	liquid
282.80	3100.0	60.268	0.016592	6.9103	7.8848	30.533	39.970	81.191	2311.6	0.00028598	7.1444e-05	0.11537	liquid
282.87	3100.0	60.253	0.016597	6.9155	7.8902	30.553	39.969	81.204	2310.6	0.00029201	7.1399e-05	0.11531	liquid
282.93	3100.0	60.239	0.016601	6.9207	7.8956	30.572	39.969	81.216	2309.5	0.00029804	7.1354e-05	0.11525	liquid
283.00	3100.0	60.224	0.016605	6.9259	7.9010	30.591	39.968	81.229	2308.4	0.00030409	7.1308e-05	0.11519	liquid
283.07	3100.0	60.209	0.016609	6.9310	7.9064	30.610	39.968	81.241	2307.3	0.00031015	7.1263e-05	0.11513	liquid
283.13	3100.0	60.194	0.016613	6.9362	7.9118	30.629	39.968	81.254	2306.2	0.00031621	7.1218e-05	0.11508	liquid
283.20	3100.0	60.179	0.016617	6.9414	7.9173	30.648	39.967	81.266	2305.1	0.00032229	7.1173e-05	0.11502	liquid
283.27	3100.0	60.165	0.016621	6.9466	7.9227	30.667	39.967	81.279	2304.0	0.00032837	7.1128e-05	0.11496	liquid
283.33	3100.0	60.150	0.016625	6.9517	7.9281	30.687	39.966	81.292	2302.9	0.00033446	7.1083e-05	0.11490	liquid
283.40	3100.0	60.135	0.016629	6.9569	7.9335	30.706	39.966	81.304	2301.9	0.00034056	7.1038e-05	0.11484	liquid
283.47	3100.0	60.120	0.016633	6.9621	7.9389	30.725	39.965	81.317	2300.8	0.00034666	7.0993e-05	0.11478	liquid
283.53	3100.0	60.105	0.016637	6.9673	7.9444	30.744	39.965	81.329	2299.7	0.00035278	7.0948e-05	0.11473	liquid
283.60	3100.0	60.090	0.016642	6.9725	7.9498	30.763	39.965	81.342	2298.6	0.00035890	7.0903e-05	0.11467	liquid
283.67	3100.0	60.075	0.016646	6.9776	7.9552	30.782	39.964	81.355	2297.5	0.00036504	7.0858e-05	0.11461	liquid
283.73	3100.0	60.061	0.016650	6.9828	7.9606	30.801	39.964	81.367	2296.4	0.00037118	7.0813e-05	0.11455	liquid
283.80	3100.0	60.046	0.016654	6.9880	7.9661	30.820	39.963	81.380	2295.3	0.00037733	7.0768e-05	0.11449	liquid
283.87	3100.0	60.031	0.016658	6.9932	7.9715	30.840	39.963	81.393	2294.3	0.00038349	7.0723e-05	0.11444	liquid
283.93	3100.0	60.016	0.016662	6.9984	7.9769	30.859	39.963	81.405	2293.2	0.00038966	7.0678e-05	0.11438	liquid
284.00	3100.0	60.001	0.016666	7.0036	7.9823	30.878	39.962	81.418	2292.1	0.00039583	7.0633e-05	0.11432	liquid
284.07	3100.0	59.986	0.016670	7.0088	7.9878	30.897	39.962	81.431	2291.0	0.00040202	7.0589e-05	0.11426	liquid
284.13	3100.0	59.971	0.016675	7.0139	7.9932	30.916	39.961	81.444	2289.9	0.00040821	7.0544e-05	0.11420	liquid
284.20	3100.0	59.956	0.016679	7.0191	7.9986	30.935	39.961	81.456	2288.8	0.00041441	7.0499e-05	0.11415	liquid
284.27	3100.0	59.942	0.016683	7.0243	8.0041	30.954	39.961	81.469	2287.7	0.00042063	7.0454e-05	0.11409	liquid
284.33	3100.0	59.927	0.016687	7.0295	8.0095	30.973	39.960	81.482	2286.6	0.00042685	7.0410e-05	0.11403	liquid
284.40	3100.0	59.912	0.016691	7.0347	8.0149	30.992	39.960	81.495	2285.6	0.00043308	7.0365e-05	0.11397	liquid
284.47	3100.0	59.897	0.016695	7.0399	8.0203	31.011	39.959	81.508	2284.5	0.00043931	7.0321e-05	0.11391	liquid
284.53	3100.0	59.882	0.016700	7.0451	8.0258	31.031	39.959	81.520	2283.4	0.00044556	7.0276e-05	0.11386	liquid
284.60	3100.0	59.867	0.016704	7.0503	8.0312	31.050	39.959	81.533	2282.3	0.00045182	7.0231e-05	0.11380	liquid
284.67	3100.0	59.852	0.016708	7.0554	8.0367	31.069	39.958	81.546	2281.2	0.00045808	7.0187e-05	0.11374	liquid
284.73	3100.0	59.837	0.016712	7.0606	8.0421	31.088	39.958	81.559	2280.1	0.00046435	7.0142e-05	0.11368	liquid
284.80	3100.0	59.822	0.016716	7.0658	8.0475	31.107	39.957	81.572	2279.1	0.00047064	7.0098e-05	0.11363	liquid
284.87	3100.0	59.807	0.016720	7.0710	8.0530	31.126	39.957	81.585	2278.0	0.00047693	7.0054e-05	0.11357	liquid
284.93	3100.0	59.792	0.016725	7.0762	8.0584	31.145	39.957	81.598	2276.9	0.00048323	7.0009e-05	0.11351	liquid
285.00	3100.0	59.777	0.016729	7.0814	8.0638	31.164	39.956	81.611	2275.8	0.00048954	6.9965e-05	0.11345	liquid
285.07	3100.0	59.762	0.016733	7.0866	8.0693	31.183	39.956	81.624	2274.7	0.00049586	6.9920e-05	0.11339	liquid
285.13	3100.0	59.747	0.016737	7.0918	8.0747	31.202	39.955	81.637	2273.6	0.00050218	6.9876e-05	0.11334	liquid
285.20	3100.0	59.732	0.016741	7.0970	8.0802	31.222	39.955	81.650	2272.5	0.00050852	6.9832e-05	0.11328	liquid
285.27	3100.0	59.717	0.016746	7.1022	8.0856	31.241	39.955	81.663	2271.5	0.00051486	6.9787e-05	0.11322	liquid
285.33	3100.0	59.702	0.016750	7.1074	8.0911	31.260	39.954	81.676	2270.4	0.00052122	6.9743e-05	0.11316	liquid
285.40	3100.0	59.687	0.016754	7.1126	8.0965	31.279	39.954	81.689	2269.3	0.00052758	6.9699e-05	0.11311	liquid
285.47	3100.0	59.672	0.016758	7.1178	8.1020	31.298	39.953	81.702	2268.2	0.00053395	6.9655e-05	0.11305	liquid
285.53	3100.0	59.657	0.016762	7.1230	8.1074	31.317	39.953	81.715	2267.1	0.00054033	6.9611e-05	0.11299	liquid
285.60	3100.0	59.642	0.016767	7.1282	8.1128	31.336	39.953	81.728	2266.0	0.00054672	6.9567e-05	0.11293	liquid
285.67	3100.0	59.627	0.016771	7.1334	8.1183	31.355	39.952	81.741	2264.9	0.00055312	6.9522e-05	0.11288	liquid
285.73	3100.0	59.612	0.016775	7.1386	8.1237	31.374	39.952	81.754	2263.9	0.00055953	6.9478e-05	0.11282	liquid
285.80	3100.0	59.597	0.016779	7.1438	8.1292	31.393	39.952	81.767	2262.8	0.00056595	6.9434e-05	0.11276	liquid
285.87	3100.0	59.582	0.016783	7.1490	8.1346	31.412	39.951	81.781	2261.7	0.00057238	6.9390e-05	0.11270	liquid
285.93	3100.0	59.567	0.016788	7.1542	8.1401	31.431	39.951	81.794	2260.6	0.00057881	6.9346e-05	0.11265	liquid
286.00	3100.0	59.552	0.016792	7.1594	8.1456	31.450	39.951	81.807	2259.5	0.00058526	6.9302e-05	0.11259	liquid
286.07	3100.0	59.537	0.016796	7.1646	8.1510	31.470	39.950	81.820	2258.4	0.00059171	6.9258e-05	0.11253	liquid
286.13	3100.0	59.522	0.016800	7.1698	8.1565	31.489	39.950	81.833	2257.4	0.00059818	6.9214e-05	0.11247	liquid
286.20	3100.0	59.507	0.016805	7.1750	8.1619	31.508	39.949	81.846	2256.3	0.00060465	6.9171e-05	0.11242	liquid
286.27	3100.0	59.492	0.016809	7.1802	8.1674	31.527	39.949	81.860	2255.2	0.00061113	6.9127e-05	0.11236	liquid
286.33	3100.0	59.477	0.016813	7.1854	8.1728	31.546	39.949	81.873	2254.1	0.00061762	6.9083e-05	0.11230	liquid
286.40	3100.0	59.462	0.016817	7.1907	8.1783	31.565	39.948	81.886	2253.0	0.00062412	6.9039e-05	0.11224	liquid
286.47	3100.0	59.447	0.016822	7.1959	8.1838	31.584	39.948	81.900	2251.9	0.00063063	6.8995e-05	0.11219	liquid
286.53	3100.0	59.432	0.016826	7.2011	8.1892	31.603	39.948	81.913	2250.9	0.00063715	6.8952e-05	0.11213	liquid
286.60	3100.0	59.417	0.016830	7.2063	8.1947	31.622	39.947	81.926	2249.8	0.00064368	6.8908e-05	0.11207	liquid
286.67	3100.0	59.402	0.016835	7.2115	8.2001	31.641	39.947	81.939	2248.7	0.00065022	6.8864e-05	0.11202	liquid
286.73	3100.0	59.386	0.016839	7.2167	8.2056	31.660	39.947	81.953	2247.6	0.00065677	6.8820e-05	0.11196	liquid
286.80	3100.0	59.371	0.016843	7.2219	8.2111	31.679	39.946	81.966	2246.5	0.00066332	6.8777e-05	0.11190	liquid
286.87	3100.0	59.356	0.016847	7.2271	8.2165	31.698	39.946	81.980	2245.4	0.00066989	6.8733e-05	0.11184	liquid
286.93	3100.0	59.341	0.016852	7.2323	8.2220	31.717	39.946	81.993	2244.4	0.00067646	6.8690e-05	0.11179	liquid
287.00	3100.0	59.326	0.016856	7.2376	8.2275	31.736	39.945	82.006	2243.3	0.00068305	6.8646e-05	0.11173	liquid
287.07	3100.0	59.311	0.016860	7.2428	8.2329	31.755	39.945	82.020	2242.2	0.00068964	6.8603e-05	0.11167	liquid
287.13	3100.0	59.296	0.016865	7.2480	8.2384	31.774	39.944	82.033	2241.1	0.00069625	6.8559e-05	0.11161	liquid
287.20	3100.0	59.281	0.016869	7.2532	8.2439	31.793	39.944	82.047	2240.0	0.00070286	6.8516e-05	0.11156	liquid
287.27	3100.0	59.265	0.016873	7.2584	8.2493	31.813	39.944	82.060	2238.9	0.00070948	6.8472e-05	0.11150	liquid
287.33	3100.0	59.250	0.016878	7.2636	8.2548	31.832	39.943	82.074	2237.9	0.00071612	6.8429e-05	0.11144	liquid
287.40	3100.0	59.235	0.016882	7.2689	8.2603	31.851	39.943	82.087	2236.8	0.00072276	6.8385e-05	0.11139	liquid
287.47	3100.0	59.220	0.016886	7.2741	8.2658	31.870	39.943	82.101	2235.7	0.00072941	6.8342e-05	0.11133	liquid
287.53	3100.0	59.205	0.016891	7.2793	8.2712	31.889	39.942	82.114	2234.6	0.00073607	6.8298e-05	0.11127	liquid
287.60	3100.0	59.190	0.016895	7.2845	8.2767	31.908	39.942	82.128	2233.5	0.00074274	6.8255e-05	0.11121	liquid
287.67	3100.0	59.175	0.016899	7.2897	8.2822	31.927	39.942	82.141	2232.5	0.00074942	6.8212e-05	0.11116	liquid
287.73	3100.0	59.159	0.016904	7.2950	8.2877	31.946	39.941	82.155	2231.4	0.00075611	6.8169e-05	0.11110	liquid
287.80	3100.0	59.144	0.016908	7.3002	8.2931	31.965	39.941	82.169	2230.3	0.00076281	6.8125e-05	0.11104	liquid
287.87	3100.0	59.129	0.016912	7.3054	8.2986	31.984	39.941	82.182	2229.2	0.00076952	6.8082e-05	0.11099	liquid
287.93	3100.0	59.114	0.016917	7.3106	8.3041	32.003	39.940	82.196	2228.1	0.00077624	6.8039e-05	0.11093	liquid
288.00	3100.0	59.099	0.016921	7.3159	8.3096	32.022	39.940	82.209	2227.0	0.00078296	6.7996e-05	0.11087	liquid
288.07	3100.0	59.083	0.016925	7.3211	8.3150	32.041	39.940	82.223	2226.0	0.00078970	6.7953e-05	0.11082	liquid
288.13	3100.0	59.068	0.016930	7.3263	8.3205	32.060	39.940	82.237	2224.9	0.00079645	6.7909e-05	0.11076	liquid
288.20	3100.0	59.053	0.016934	7.3315	8.3260	32.079	39.939	82.250	2223.8	0.00080321	6.7866e-05	0.11070	liquid
288.27	3100.0	59.038	0.016938	7.3368	8.3315	32.098	39.939	82.264	2222.7	0.00080997	6.7823e-05	0.11065	liquid
288.33	3100.0	59.022	0.016943	7.3420	8.3370	32.117	39.939	82.278	2221.6	0.00081675	6.7780e-05	0.11059	liquid
288.40	3100.0	59.007	0.016947	7.3472	8.3425	32.136	39.938	82.292	2220.6	0.00082354	6.7737e-05	0.11053	liquid
288.47	3100.0	58.992	0.016951	7.3524	8.3480	32.155	39.938	82.305	2219.5	0.00083033	6.7694e-05	0.11047	liquid
288.53	3100.0	58.977	0.016956	7.3577	8.3534	32.174	39.938	82.319	2218.4	0.00083714	6.7651e-05	0.11042	liquid
288.60	3100.0	58.961	0.016960	7.3629	8.3589	32.193	39.937	82.333	2217.3	0.00084395	6.7608e-05	0.11036	liquid
288.67	3100.0	58.946	0.016965	7.3681	8.3644	32.212	39.937	82.347	2216.2	0.00085078	6.7565e-05	0.11030	liquid
288.73	3100.0	58.931	0.016969	7.3734	8.3699	32.231	39.937	82.361	2215.2	0.00085762	6.7523e-05	0.11025	liquid
288.80	3100.0	58.916	0.016973	7.3786	8.3754	32.250	39.936	82.374	2214.1	0.00086446	6.7480e-05	0.11019	liquid
288.87	3100.0	58.900	0.016978	7.3838	8.3809	32.269	39.936	82.388	2213.0	0.00087132	6.7437e-05	0.11013	liquid
288.93	3100.0	58.885	0.016982	7.3891	8.3864	32.288	39.936	82.402	2211.9	0.00087818	6.7394e-05	0.11008	liquid
289.00	3100.0	58.870	0.016987	7.3943	8.3919	32.307	39.935	82.416	2210.8	0.00088506	6.7351e-05	0.11002	liquid
289.07	3100.0	58.855	0.016991	7.3995	8.3974	32.326	39.935	82.430	2209.8	0.00089194	6.7308e-05	0.10996	liquid
289.13	3100.0	58.839	0.016995	7.4048	8.4029	32.345	39.935	82.444	2208.7	0.00089884	6.7266e-05	0.10991	liquid
289.20	3100.0	58.824	0.017000	7.4100	8.4084	32.364	39.935	82.458	2207.6	0.00090574	6.7223e-05	0.10985	liquid
289.27	3100.0	58.809	0.017004	7.4153	8.4139	32.383	39.934	82.472	2206.5	0.00091266	6.7180e-05	0.10979	liquid
289.33	3100.0	58.793	0.017009	7.4205	8.4194	32.402	39.934	82.486	2205.4	0.00091958	6.7138e-05	0.10974	liquid
289.40	3100.0	58.778	0.017013	7.4257	8.4249	32.421	39.934	82.500	2204.4	0.00092652	6.7095e-05	0.10968	liquid
289.47	3100.0	58.763	0.017018	7.4310	8.4304	32.440	39.933	82.514	2203.3	0.00093346	6.7052e-05	0.10962	liquid
289.53	3100.0	58.747	0.017022	7.4362	8.4359	32.459	39.933	82.528	2202.2	0.00094042	6.7010e-05	0.10957	liquid
289.60	3100.0	58.732	0.017027	7.4415	8.4414	32.478	39.933	82.542	2201.1	0.00094738	6.6967e-05	0.10951	liquid
289.67	3100.0	58.717	0.017031	7.4467	8.4469	32.497	39.932	82.556	2200.0	0.00095436	6.6925e-05	0.10946	liquid
289.73	3100.0	58.701	0.017035	7.4519	8.4524	32.516	39.932	82.570	2199.0	0.00096135	6.6882e-05	0.10940	liquid
289.80	3100.0	58.686	0.017040	7.4572	8.4579	32.535	39.932	82.584	2197.9	0.00096834	6.6840e-05	0.10934	liquid
289.87	3100.0	58.671	0.017044	7.4624	8.4634	32.554	39.932	82.598	2196.8	0.00097535	6.6797e-05	0.10929	liquid
289.93	3100.0	58.655	0.017049	7.4677	8.4689	32.573	39.931	82.612	2195.7	0.00098236	6.6755e-05	0.10923	liquid
290.00	3100.0	58.640	0.017053	7.4729	8.4744	32.592	39.931	82.626	2194.6	0.00098939	6.6712e-05	0.10917	liquid
