Temperature (K)	Pressure (psia)	Density (lbm/ft3)	Volume (ft3/lbm)	Internal Energy (kJ/mol)	Enthalpy (kJ/mol)	Entropy (J/mol*K)	Cv (J/mol*K)	Cp (J/mol*K)	Sound Spd. (ft/s)	Joule-Thomson (F/psia)	Viscosity (lbm/ft*s)	Therm. Cond. (W/m*K)	Phase
250.00	2100.0	65.865	0.015183	4.6312	5.2352	21.704	40.223	78.762	2704.4	-0.0013523	9.3254e-05	0.13993	liquid
250.07	2100.0	65.851	0.015186	4.6363	5.2405	21.725	40.222	78.773	2703.2	-0.0013481	9.3186e-05	0.13986	liquid
250.13	2100.0	65.837	0.015189	4.6415	5.2457	21.746	40.221	78.783	2701.9	-0.0013440	9.3119e-05	0.13979	liquid
250.20	2100.0	65.823	0.015192	4.6466	5.2510	21.767	40.220	78.794	2700.7	-0.0013398	9.3052e-05	0.13972	liquid
250.27	2100.0	65.809	0.015196	4.6517	5.2562	21.788	40.219	78.804	2699.5	-0.0013356	9.2985e-05	0.13965	liquid
250.33	2100.0	65.795	0.015199	4.6568	5.2615	21.809	40.218	78.815	2698.3	-0.0013315	9.2918e-05	0.13958	liquid
250.40	2100.0	65.781	0.015202	4.6620	5.2667	21.830	40.217	78.826	2697.1	-0.0013273	9.2851e-05	0.13952	liquid
250.47	2100.0	65.767	0.015205	4.6671	5.2720	21.851	40.215	78.836	2695.8	-0.0013231	9.2784e-05	0.13945	liquid
250.53	2100.0	65.753	0.015208	4.6722	5.2772	21.872	40.214	78.847	2694.6	-0.0013189	9.2718e-05	0.13938	liquid
250.60	2100.0	65.739	0.015212	4.6773	5.2825	21.893	40.213	78.857	2693.4	-0.0013147	9.2651e-05	0.13931	liquid
250.67	2100.0	65.725	0.015215	4.6825	5.2878	21.914	40.212	78.868	2692.2	-0.0013105	9.2584e-05	0.13924	liquid
250.73	2100.0	65.711	0.015218	4.6876	5.2930	21.935	40.211	78.879	2690.9	-0.0013062	9.2518e-05	0.13917	liquid
250.80	2100.0	65.697	0.015221	4.6927	5.2983	21.956	40.210	78.889	2689.7	-0.0013020	9.2451e-05	0.13910	liquid
250.87	2100.0	65.683	0.015225	4.6979	5.3035	21.977	40.209	78.900	2688.5	-0.0012978	9.2384e-05	0.13904	liquid
250.93	2100.0	65.669	0.015228	4.7030	5.3088	21.998	40.208	78.911	2687.3	-0.0012935	9.2318e-05	0.13897	liquid
251.00	2100.0	65.655	0.015231	4.7081	5.3141	22.019	40.207	78.921	2686.0	-0.0012893	9.2252e-05	0.13890	liquid
251.07	2100.0	65.641	0.015234	4.7132	5.3193	22.040	40.206	78.932	2684.8	-0.0012851	9.2185e-05	0.13883	liquid
251.13	2100.0	65.627	0.015238	4.7184	5.3246	22.061	40.205	78.943	2683.6	-0.0012808	9.2119e-05	0.13876	liquid
251.20	2100.0	65.613	0.015241	4.7235	5.3298	22.082	40.204	78.954	2682.4	-0.0012765	9.2053e-05	0.13869	liquid
251.27	2100.0	65.599	0.015244	4.7286	5.3351	22.103	40.203	78.964	2681.2	-0.0012723	9.1987e-05	0.13863	liquid
251.33	2100.0	65.585	0.015247	4.7338	5.3404	22.124	40.202	78.975	2679.9	-0.0012680	9.1921e-05	0.13856	liquid
251.40	2100.0	65.571	0.015251	4.7389	5.3456	22.145	40.201	78.986	2678.7	-0.0012637	9.1855e-05	0.13849	liquid
251.47	2100.0	65.557	0.015254	4.7441	5.3509	22.166	40.199	78.997	2677.5	-0.0012594	9.1789e-05	0.13842	liquid
251.53	2100.0	65.543	0.015257	4.7492	5.3562	22.187	40.198	79.008	2676.3	-0.0012551	9.1723e-05	0.13835	liquid
251.60	2100.0	65.528	0.015261	4.7543	5.3614	22.208	40.197	79.018	2675.0	-0.0012508	9.1657e-05	0.13828	liquid
251.67	2100.0	65.514	0.015264	4.7595	5.3667	22.229	40.196	79.029	2673.8	-0.0012465	9.1591e-05	0.13822	liquid
251.73	2100.0	65.500	0.015267	4.7646	5.3720	22.249	40.195	79.040	2672.6	-0.0012422	9.1526e-05	0.13815	liquid
251.80	2100.0	65.486	0.015270	4.7697	5.3772	22.270	40.194	79.051	2671.4	-0.0012379	9.1460e-05	0.13808	liquid
251.87	2100.0	65.472	0.015274	4.7749	5.3825	22.291	40.193	79.062	2670.2	-0.0012336	9.1395e-05	0.13801	liquid
251.93	2100.0	65.458	0.015277	4.7800	5.3878	22.312	40.192	79.073	2668.9	-0.0012292	9.1329e-05	0.13794	liquid
252.00	2100.0	65.444	0.015280	4.7852	5.3931	22.333	40.191	79.084	2667.7	-0.0012249	9.1264e-05	0.13787	liquid
252.07	2100.0	65.430	0.015284	4.7903	5.3983	22.354	40.190	79.095	2666.5	-0.0012205	9.1198e-05	0.13781	liquid
252.13	2100.0	65.416	0.015287	4.7955	5.4036	22.375	40.189	79.106	2665.3	-0.0012162	9.1133e-05	0.13774	liquid
252.20	2100.0	65.402	0.015290	4.8006	5.4089	22.396	40.188	79.117	2664.0	-0.0012118	9.1068e-05	0.13767	liquid
252.27	2100.0	65.388	0.015293	4.8057	5.4142	22.417	40.187	79.128	2662.8	-0.0012075	9.1002e-05	0.13760	liquid
252.33	2100.0	65.373	0.015297	4.8109	5.4194	22.438	40.186	79.139	2661.6	-0.0012031	9.0937e-05	0.13753	liquid
252.40	2100.0	65.359	0.015300	4.8160	5.4247	22.459	40.185	79.150	2660.4	-0.0011987	9.0872e-05	0.13747	liquid
252.47	2100.0	65.345	0.015303	4.8212	5.4300	22.480	40.184	79.161	2659.1	-0.0011943	9.0807e-05	0.13740	liquid
252.53	2100.0	65.331	0.015307	4.8263	5.4353	22.500	40.183	79.172	2657.9	-0.0011899	9.0742e-05	0.13733	liquid
252.60	2100.0	65.317	0.015310	4.8315	5.4405	22.521	40.182	79.183	2656.7	-0.0011855	9.0677e-05	0.13726	liquid
252.67	2100.0	65.303	0.015313	4.8366	5.4458	22.542	40.181	79.195	2655.5	-0.0011811	9.0612e-05	0.13719	liquid
252.73	2100.0	65.289	0.015317	4.8418	5.4511	22.563	40.180	79.206	2654.3	-0.0011767	9.0547e-05	0.13713	liquid
252.80	2100.0	65.275	0.015320	4.8469	5.4564	22.584	40.179	79.217	2653.0	-0.0011723	9.0483e-05	0.13706	liquid
252.87	2100.0	65.260	0.015323	4.8521	5.4617	22.605	40.178	79.228	2651.8	-0.0011679	9.0418e-05	0.13699	liquid
252.93	2100.0	65.246	0.015327	4.8572	5.4669	22.626	40.177	79.239	2650.6	-0.0011634	9.0353e-05	0.13692	liquid
253.00	2100.0	65.232	0.015330	4.8624	5.4722	22.647	40.176	79.250	2649.4	-0.0011590	9.0289e-05	0.13685	liquid
253.07	2100.0	65.218	0.015333	4.8675	5.4775	22.668	40.175	79.262	2648.1	-0.0011545	9.0224e-05	0.13678	liquid
253.13	2100.0	65.204	0.015337	4.8727	5.4828	22.688	40.174	79.273	2646.9	-0.0011501	9.0160e-05	0.13672	liquid
253.20	2100.0	65.189	0.015340	4.8778	5.4881	22.709	40.173	79.284	2645.7	-0.0011456	9.0095e-05	0.13665	liquid
253.27	2100.0	65.175	0.015343	4.8830	5.4934	22.730	40.172	79.295	2644.5	-0.0011412	9.0031e-05	0.13658	liquid
253.33	2100.0	65.161	0.015347	4.8881	5.4987	22.751	40.171	79.307	2643.2	-0.0011367	8.9967e-05	0.13651	liquid
253.40	2100.0	65.147	0.015350	4.8933	5.5039	22.772	40.170	79.318	2642.0	-0.0011322	8.9903e-05	0.13644	liquid
253.47	2100.0	65.133	0.015353	4.8984	5.5092	22.793	40.169	79.329	2640.8	-0.0011277	8.9838e-05	0.13638	liquid
253.53	2100.0	65.119	0.015357	4.9036	5.5145	22.814	40.168	79.341	2639.6	-0.0011232	8.9774e-05	0.13631	liquid
253.60	2100.0	65.104	0.015360	4.9087	5.5198	22.835	40.167	79.352	2638.4	-0.0011187	8.9710e-05	0.13624	liquid
253.67	2100.0	65.090	0.015363	4.9139	5.5251	22.855	40.166	79.364	2637.1	-0.0011142	8.9646e-05	0.13617	liquid
253.73	2100.0	65.076	0.015367	4.9191	5.5304	22.876	40.165	79.375	2635.9	-0.0011097	8.9582e-05	0.13610	liquid
253.80	2100.0	65.062	0.015370	4.9242	5.5357	22.897	40.164	79.386	2634.7	-0.0011052	8.9518e-05	0.13604	liquid
253.87	2100.0	65.047	0.015373	4.9294	5.5410	22.918	40.163	79.398	2633.5	-0.0011007	8.9455e-05	0.13597	liquid
253.93	2100.0	65.033	0.015377	4.9345	5.5463	22.939	40.162	79.409	2632.2	-0.0010961	8.9391e-05	0.13590	liquid
254.00	2100.0	65.019	0.015380	4.9397	5.5516	22.960	40.161	79.421	2631.0	-0.0010916	8.9327e-05	0.13583	liquid
254.07	2100.0	65.005	0.015384	4.9449	5.5569	22.981	40.160	79.432	2629.8	-0.0010870	8.9263e-05	0.13576	liquid
254.13	2100.0	64.990	0.015387	4.9500	5.5622	23.001	40.159	79.444	2628.6	-0.0010825	8.9200e-05	0.13570	liquid
254.20	2100.0	64.976	0.015390	4.9552	5.5674	23.022	40.158	79.455	2627.3	-0.0010779	8.9136e-05	0.13563	liquid
254.27	2100.0	64.962	0.015394	4.9603	5.5727	23.043	40.157	79.467	2626.1	-0.0010733	8.9073e-05	0.13556	liquid
254.33	2100.0	64.948	0.015397	4.9655	5.5780	23.064	40.156	79.478	2624.9	-0.0010688	8.9009e-05	0.13549	liquid
254.40	2100.0	64.933	0.015400	4.9707	5.5833	23.085	40.155	79.490	2623.7	-0.0010642	8.8946e-05	0.13543	liquid
254.47	2100.0	64.919	0.015404	4.9758	5.5886	23.106	40.154	79.502	2622.4	-0.0010596	8.8883e-05	0.13536	liquid
254.53	2100.0	64.905	0.015407	4.9810	5.5939	23.126	40.153	79.513	2621.2	-0.0010550	8.8819e-05	0.13529	liquid
254.60	2100.0	64.891	0.015411	4.9862	5.5992	23.147	40.152	79.525	2620.0	-0.0010504	8.8756e-05	0.13522	liquid
254.67	2100.0	64.876	0.015414	4.9913	5.6045	23.168	40.151	79.537	2618.8	-0.0010458	8.8693e-05	0.13515	liquid
254.73	2100.0	64.862	0.015417	4.9965	5.6098	23.189	40.150	79.548	2617.6	-0.0010411	8.8630e-05	0.13509	liquid
254.80	2100.0	64.848	0.015421	5.0017	5.6152	23.210	40.149	79.560	2616.3	-0.0010365	8.8567e-05	0.13502	liquid
254.87	2100.0	64.833	0.015424	5.0068	5.6205	23.230	40.148	79.572	2615.1	-0.0010319	8.8504e-05	0.13495	liquid
254.93	2100.0	64.819	0.015428	5.0120	5.6258	23.251	40.147	79.583	2613.9	-0.0010272	8.8441e-05	0.13488	liquid
255.00	2100.0	64.805	0.015431	5.0172	5.6311	23.272	40.146	79.595	2612.7	-0.0010226	8.8378e-05	0.13482	liquid
255.07	2100.0	64.790	0.015434	5.0224	5.6364	23.293	40.146	79.607	2611.4	-0.0010179	8.8315e-05	0.13475	liquid
255.13	2100.0	64.776	0.015438	5.0275	5.6417	23.314	40.145	79.619	2610.2	-0.0010133	8.8252e-05	0.13468	liquid
255.20	2100.0	64.762	0.015441	5.0327	5.6470	23.334	40.144	79.631	2609.0	-0.0010086	8.8190e-05	0.13461	liquid
255.27	2100.0	64.747	0.015445	5.0379	5.6523	23.355	40.143	79.642	2607.8	-0.0010039	8.8127e-05	0.13454	liquid
255.33	2100.0	64.733	0.015448	5.0430	5.6576	23.376	40.142	79.654	2606.5	-0.00099925	8.8064e-05	0.13448	liquid
255.40	2100.0	64.719	0.015451	5.0482	5.6629	23.397	40.141	79.666	2605.3	-0.00099456	8.8002e-05	0.13441	liquid
255.47	2100.0	64.704	0.015455	5.0534	5.6682	23.418	40.140	79.678	2604.1	-0.00098986	8.7939e-05	0.13434	liquid
255.53	2100.0	64.690	0.015458	5.0586	5.6735	23.438	40.139	79.690	2602.9	-0.00098515	8.7877e-05	0.13427	liquid
255.60	2100.0	64.676	0.015462	5.0637	5.6789	23.459	40.138	79.702	2601.6	-0.00098044	8.7814e-05	0.13421	liquid
255.67	2100.0	64.661	0.015465	5.0689	5.6842	23.480	40.137	79.714	2600.4	-0.00097572	8.7752e-05	0.13414	liquid
255.73	2100.0	64.647	0.015469	5.0741	5.6895	23.501	40.136	79.726	2599.2	-0.00097099	8.7690e-05	0.13407	liquid
255.80	2100.0	64.632	0.015472	5.0793	5.6948	23.522	40.135	79.738	2598.0	-0.00096625	8.7627e-05	0.13400	liquid
255.87	2100.0	64.618	0.015476	5.0845	5.7001	23.542	40.134	79.750	2596.8	-0.00096151	8.7565e-05	0.13393	liquid
255.93	2100.0	64.604	0.015479	5.0896	5.7054	23.563	40.133	79.762	2595.5	-0.00095676	8.7503e-05	0.13387	liquid
256.00	2100.0	64.589	0.015482	5.0948	5.7108	23.584	40.132	79.774	2594.3	-0.00095201	8.7441e-05	0.13380	liquid
256.07	2100.0	64.575	0.015486	5.1000	5.7161	23.605	40.131	79.786	2593.1	-0.00094724	8.7379e-05	0.13373	liquid
256.13	2100.0	64.560	0.015489	5.1052	5.7214	23.625	40.131	79.798	2591.9	-0.00094247	8.7317e-05	0.13366	liquid
256.20	2100.0	64.546	0.015493	5.1104	5.7267	23.646	40.130	79.810	2590.6	-0.00093769	8.7255e-05	0.13360	liquid
256.27	2100.0	64.532	0.015496	5.1155	5.7320	23.667	40.129	79.822	2589.4	-0.00093290	8.7193e-05	0.13353	liquid
256.33	2100.0	64.517	0.015500	5.1207	5.7374	23.688	40.128	79.834	2588.2	-0.00092811	8.7131e-05	0.13346	liquid
256.40	2100.0	64.503	0.015503	5.1259	5.7427	23.709	40.127	79.846	2587.0	-0.00092331	8.7070e-05	0.13339	liquid
256.47	2100.0	64.488	0.015507	5.1311	5.7480	23.729	40.126	79.858	2585.7	-0.00091850	8.7008e-05	0.13333	liquid
256.53	2100.0	64.474	0.015510	5.1363	5.7533	23.750	40.125	79.870	2584.5	-0.00091368	8.6946e-05	0.13326	liquid
256.60	2100.0	64.459	0.015514	5.1415	5.7586	23.771	40.124	79.883	2583.3	-0.00090886	8.6885e-05	0.13319	liquid
256.67	2100.0	64.445	0.015517	5.1467	5.7640	23.792	40.123	79.895	2582.1	-0.00090403	8.6823e-05	0.13312	liquid
256.73	2100.0	64.431	0.015521	5.1518	5.7693	23.812	40.122	79.907	2580.8	-0.00089919	8.6762e-05	0.13306	liquid
256.80	2100.0	64.416	0.015524	5.1570	5.7746	23.833	40.121	79.919	2579.6	-0.00089434	8.6700e-05	0.13299	liquid
256.87	2100.0	64.402	0.015528	5.1622	5.7800	23.854	40.121	79.932	2578.4	-0.00088949	8.6639e-05	0.13292	liquid
256.93	2100.0	64.387	0.015531	5.1674	5.7853	23.875	40.120	79.944	2577.2	-0.00088462	8.6577e-05	0.13285	liquid
257.00	2100.0	64.373	0.015535	5.1726	5.7906	23.895	40.119	79.956	2575.9	-0.00087976	8.6516e-05	0.13279	liquid
257.07	2100.0	64.358	0.015538	5.1778	5.7959	23.916	40.118	79.969	2574.7	-0.00087488	8.6455e-05	0.13272	liquid
257.13	2100.0	64.344	0.015542	5.1830	5.8013	23.937	40.117	79.981	2573.5	-0.00086999	8.6394e-05	0.13265	liquid
257.20	2100.0	64.329	0.015545	5.1882	5.8066	23.958	40.116	79.993	2572.3	-0.00086510	8.6332e-05	0.13258	liquid
257.27	2100.0	64.315	0.015549	5.1934	5.8119	23.978	40.115	80.006	2571.0	-0.00086020	8.6271e-05	0.13252	liquid
257.33	2100.0	64.300	0.015552	5.1986	5.8173	23.999	40.114	80.018	2569.8	-0.00085529	8.6210e-05	0.13245	liquid
257.40	2100.0	64.286	0.015556	5.2038	5.8226	24.020	40.113	80.031	2568.6	-0.00085038	8.6149e-05	0.13238	liquid
257.47	2100.0	64.271	0.015559	5.2090	5.8280	24.040	40.113	80.043	2567.4	-0.00084546	8.6088e-05	0.13231	liquid
257.53	2100.0	64.257	0.015563	5.2142	5.8333	24.061	40.112	80.055	2566.1	-0.00084053	8.6028e-05	0.13225	liquid
257.60	2100.0	64.242	0.015566	5.2194	5.8386	24.082	40.111	80.068	2564.9	-0.00083559	8.5967e-05	0.13218	liquid
257.67	2100.0	64.228	0.015570	5.2246	5.8440	24.103	40.110	80.080	2563.7	-0.00083064	8.5906e-05	0.13211	liquid
257.73	2100.0	64.213	0.015573	5.2298	5.8493	24.123	40.109	80.093	2562.5	-0.00082569	8.5845e-05	0.13204	liquid
257.80	2100.0	64.198	0.015577	5.2350	5.8546	24.144	40.108	80.105	2561.3	-0.00082073	8.5784e-05	0.13198	liquid
257.87	2100.0	64.184	0.015580	5.2402	5.8600	24.165	40.107	80.118	2560.0	-0.00081576	8.5724e-05	0.13191	liquid
257.93	2100.0	64.169	0.015584	5.2454	5.8653	24.185	40.106	80.131	2558.8	-0.00081078	8.5663e-05	0.13184	liquid
258.00	2100.0	64.155	0.015587	5.2506	5.8707	24.206	40.106	80.143	2557.6	-0.00080580	8.5603e-05	0.13178	liquid
258.07	2100.0	64.140	0.015591	5.2558	5.8760	24.227	40.105	80.156	2556.4	-0.00080080	8.5542e-05	0.13171	liquid
258.13	2100.0	64.126	0.015594	5.2610	5.8814	24.248	40.104	80.168	2555.1	-0.00079580	8.5482e-05	0.13164	liquid
258.20	2100.0	64.111	0.015598	5.2662	5.8867	24.268	40.103	80.181	2553.9	-0.00079079	8.5421e-05	0.13157	liquid
258.27	2100.0	64.097	0.015601	5.2714	5.8920	24.289	40.102	80.194	2552.7	-0.00078578	8.5361e-05	0.13151	liquid
258.33	2100.0	64.082	0.015605	5.2766	5.8974	24.310	40.101	80.207	2551.5	-0.00078075	8.5301e-05	0.13144	liquid
258.40	2100.0	64.067	0.015609	5.2818	5.9027	24.330	40.100	80.219	2550.2	-0.00077572	8.5241e-05	0.13137	liquid
258.47	2100.0	64.053	0.015612	5.2870	5.9081	24.351	40.099	80.232	2549.0	-0.00077068	8.5180e-05	0.13130	liquid
258.53	2100.0	64.038	0.015616	5.2922	5.9134	24.372	40.099	80.245	2547.8	-0.00076563	8.5120e-05	0.13124	liquid
258.60	2100.0	64.024	0.015619	5.2974	5.9188	24.392	40.098	80.258	2546.6	-0.00076058	8.5060e-05	0.13117	liquid
258.67	2100.0	64.009	0.015623	5.3026	5.9241	24.413	40.097	80.270	2545.3	-0.00075552	8.5000e-05	0.13110	liquid
258.73	2100.0	63.994	0.015626	5.3078	5.9295	24.434	40.096	80.283	2544.1	-0.00075044	8.4940e-05	0.13104	liquid
258.80	2100.0	63.980	0.015630	5.3130	5.9348	24.455	40.095	80.296	2542.9	-0.00074536	8.4880e-05	0.13097	liquid
258.87	2100.0	63.965	0.015634	5.3182	5.9402	24.475	40.094	80.309	2541.7	-0.00074028	8.4820e-05	0.13090	liquid
258.93	2100.0	63.950	0.015637	5.3235	5.9455	24.496	40.094	80.322	2540.4	-0.00073518	8.4760e-05	0.13083	liquid
259.00	2100.0	63.936	0.015641	5.3287	5.9509	24.517	40.093	80.335	2539.2	-0.00073008	8.4701e-05	0.13077	liquid
259.07	2100.0	63.921	0.015644	5.3339	5.9563	24.537	40.092	80.348	2538.0	-0.00072496	8.4641e-05	0.13070	liquid
259.13	2100.0	63.906	0.015648	5.3391	5.9616	24.558	40.091	80.360	2536.8	-0.00071984	8.4581e-05	0.13063	liquid
259.20	2100.0	63.892	0.015651	5.3443	5.9670	24.579	40.090	80.373	2535.5	-0.00071472	8.4522e-05	0.13057	liquid
259.27	2100.0	63.877	0.015655	5.3495	5.9723	24.599	40.089	80.386	2534.3	-0.00070958	8.4462e-05	0.13050	liquid
259.33	2100.0	63.862	0.015659	5.3547	5.9777	24.620	40.089	80.399	2533.1	-0.00070444	8.4402e-05	0.13043	liquid
259.40	2100.0	63.848	0.015662	5.3600	5.9831	24.641	40.088	80.412	2531.9	-0.00069928	8.4343e-05	0.13036	liquid
259.47	2100.0	63.833	0.015666	5.3652	5.9884	24.661	40.087	80.425	2530.6	-0.00069412	8.4283e-05	0.13030	liquid
259.53	2100.0	63.818	0.015669	5.3704	5.9938	24.682	40.086	80.439	2529.4	-0.00068895	8.4224e-05	0.13023	liquid
259.60	2100.0	63.804	0.015673	5.3756	5.9991	24.703	40.085	80.452	2528.2	-0.00068378	8.4165e-05	0.13016	liquid
259.67	2100.0	63.789	0.015677	5.3808	6.0045	24.723	40.084	80.465	2527.0	-0.00067859	8.4105e-05	0.13010	liquid
259.73	2100.0	63.774	0.015680	5.3861	6.0099	24.744	40.084	80.478	2525.7	-0.00067340	8.4046e-05	0.13003	liquid
259.80	2100.0	63.760	0.015684	5.3913	6.0152	24.765	40.083	80.491	2524.5	-0.00066820	8.3987e-05	0.12996	liquid
259.87	2100.0	63.745	0.015688	5.3965	6.0206	24.785	40.082	80.504	2523.3	-0.00066299	8.3928e-05	0.12989	liquid
259.93	2100.0	63.730	0.015691	5.4017	6.0260	24.806	40.081	80.517	2522.0	-0.00065777	8.3869e-05	0.12983	liquid
260.00	2100.0	63.715	0.015695	5.4070	6.0313	24.827	40.080	80.531	2520.8	-0.00065254	8.3809e-05	0.12976	liquid
260.07	2100.0	63.701	0.015698	5.4122	6.0367	24.847	40.079	80.544	2519.6	-0.00064731	8.3750e-05	0.12969	liquid
260.13	2100.0	63.686	0.015702	5.4174	6.0421	24.868	40.079	80.557	2518.4	-0.00064206	8.3691e-05	0.12963	liquid
260.20	2100.0	63.671	0.015706	5.4226	6.0474	24.888	40.078	80.570	2517.1	-0.00063681	8.3633e-05	0.12956	liquid
260.27	2100.0	63.656	0.015709	5.4279	6.0528	24.909	40.077	80.584	2515.9	-0.00063155	8.3574e-05	0.12949	liquid
260.33	2100.0	63.642	0.015713	5.4331	6.0582	24.930	40.076	80.597	2514.7	-0.00062628	8.3515e-05	0.12943	liquid
260.40	2100.0	63.627	0.015717	5.4383	6.0636	24.950	40.075	80.610	2513.5	-0.00062101	8.3456e-05	0.12936	liquid
260.47	2100.0	63.612	0.015720	5.4435	6.0689	24.971	40.075	80.624	2512.2	-0.00061572	8.3397e-05	0.12929	liquid
260.53	2100.0	63.597	0.015724	5.4488	6.0743	24.992	40.074	80.637	2511.0	-0.00061043	8.3339e-05	0.12922	liquid
260.60	2100.0	63.583	0.015728	5.4540	6.0797	25.012	40.073	80.650	2509.8	-0.00060513	8.3280e-05	0.12916	liquid
260.67	2100.0	63.568	0.015731	5.4592	6.0851	25.033	40.072	80.664	2508.6	-0.00059981	8.3221e-05	0.12909	liquid
260.73	2100.0	63.553	0.015735	5.4645	6.0904	25.054	40.071	80.677	2507.3	-0.00059450	8.3163e-05	0.12902	liquid
260.80	2100.0	63.538	0.015739	5.4697	6.0958	25.074	40.071	80.691	2506.1	-0.00058917	8.3104e-05	0.12896	liquid
260.87	2100.0	63.523	0.015742	5.4749	6.1012	25.095	40.070	80.704	2504.9	-0.00058383	8.3046e-05	0.12889	liquid
260.93	2100.0	63.509	0.015746	5.4802	6.1066	25.115	40.069	80.718	2503.7	-0.00057849	8.2987e-05	0.12882	liquid
261.00	2100.0	63.494	0.015750	5.4854	6.1120	25.136	40.068	80.731	2502.4	-0.00057313	8.2929e-05	0.12876	liquid
261.07	2100.0	63.479	0.015753	5.4906	6.1174	25.157	40.067	80.745	2501.2	-0.00056777	8.2871e-05	0.12869	liquid
261.13	2100.0	63.464	0.015757	5.4959	6.1227	25.177	40.067	80.758	2500.0	-0.00056240	8.2812e-05	0.12862	liquid
261.20	2100.0	63.449	0.015761	5.5011	6.1281	25.198	40.066	80.772	2498.8	-0.00055702	8.2754e-05	0.12856	liquid
261.27	2100.0	63.434	0.015764	5.5064	6.1335	25.219	40.065	80.785	2497.5	-0.00055164	8.2696e-05	0.12849	liquid
261.33	2100.0	63.420	0.015768	5.5116	6.1389	25.239	40.064	80.799	2496.3	-0.00054624	8.2638e-05	0.12842	liquid
261.40	2100.0	63.405	0.015772	5.5168	6.1443	25.260	40.064	80.813	2495.1	-0.00054083	8.2580e-05	0.12836	liquid
261.47	2100.0	63.390	0.015775	5.5221	6.1497	25.280	40.063	80.826	2493.8	-0.00053542	8.2522e-05	0.12829	liquid
261.53	2100.0	63.375	0.015779	5.5273	6.1551	25.301	40.062	80.840	2492.6	-0.00053000	8.2464e-05	0.12822	liquid
261.60	2100.0	63.360	0.015783	5.5326	6.1604	25.322	40.061	80.854	2491.4	-0.00052457	8.2406e-05	0.12816	liquid
261.67	2100.0	63.345	0.015787	5.5378	6.1658	25.342	40.061	80.868	2490.2	-0.00051913	8.2348e-05	0.12809	liquid
261.73	2100.0	63.330	0.015790	5.5430	6.1712	25.363	40.060	80.881	2488.9	-0.00051368	8.2290e-05	0.12802	liquid
261.80	2100.0	63.315	0.015794	5.5483	6.1766	25.383	40.059	80.895	2487.7	-0.00050822	8.2232e-05	0.12796	liquid
261.87	2100.0	63.301	0.015798	5.5535	6.1820	25.404	40.058	80.909	2486.5	-0.00050276	8.2174e-05	0.12789	liquid
261.93	2100.0	63.286	0.015801	5.5588	6.1874	25.425	40.057	80.923	2485.3	-0.00049728	8.2117e-05	0.12782	liquid
262.00	2100.0	63.271	0.015805	5.5640	6.1928	25.445	40.057	80.937	2484.0	-0.00049180	8.2059e-05	0.12776	liquid
262.07	2100.0	63.256	0.015809	5.5693	6.1982	25.466	40.056	80.951	2482.8	-0.00048630	8.2001e-05	0.12769	liquid
262.13	2100.0	63.241	0.015813	5.5745	6.2036	25.486	40.055	80.964	2481.6	-0.00048080	8.1944e-05	0.12762	liquid
262.20	2100.0	63.226	0.015816	5.5798	6.2090	25.507	40.054	80.978	2480.4	-0.00047529	8.1886e-05	0.12756	liquid
262.27	2100.0	63.211	0.015820	5.5850	6.2144	25.528	40.054	80.992	2479.1	-0.00046977	8.1829e-05	0.12749	liquid
262.33	2100.0	63.196	0.015824	5.5903	6.2198	25.548	40.053	81.006	2477.9	-0.00046424	8.1771e-05	0.12742	liquid
262.40	2100.0	63.181	0.015827	5.5955	6.2252	25.569	40.052	81.020	2476.7	-0.00045871	8.1714e-05	0.12736	liquid
262.47	2100.0	63.166	0.015831	5.6008	6.2306	25.589	40.051	81.034	2475.4	-0.00045316	8.1656e-05	0.12729	liquid
262.53	2100.0	63.151	0.015835	5.6060	6.2360	25.610	40.051	81.048	2474.2	-0.00044761	8.1599e-05	0.12722	liquid
262.60	2100.0	63.136	0.015839	5.6113	6.2414	25.630	40.050	81.062	2473.0	-0.00044204	8.1542e-05	0.12716	liquid
262.67	2100.0	63.121	0.015842	5.6165	6.2468	25.651	40.049	81.076	2471.8	-0.00043647	8.1484e-05	0.12709	liquid
262.73	2100.0	63.106	0.015846	5.6218	6.2522	25.672	40.048	81.090	2470.5	-0.00043089	8.1427e-05	0.12702	liquid
262.80	2100.0	63.091	0.015850	5.6271	6.2576	25.692	40.048	81.105	2469.3	-0.00042529	8.1370e-05	0.12696	liquid
262.87	2100.0	63.076	0.015854	5.6323	6.2630	25.713	40.047	81.119	2468.1	-0.00041969	8.1313e-05	0.12689	liquid
262.93	2100.0	63.061	0.015858	5.6376	6.2684	25.733	40.046	81.133	2466.9	-0.00041408	8.1256e-05	0.12682	liquid
263.00	2100.0	63.046	0.015861	5.6428	6.2738	25.754	40.045	81.147	2465.6	-0.00040847	8.1199e-05	0.12676	liquid
263.07	2100.0	63.031	0.015865	5.6481	6.2793	25.774	40.045	81.161	2464.4	-0.00040284	8.1142e-05	0.12669	liquid
263.13	2100.0	63.016	0.015869	5.6534	6.2847	25.795	40.044	81.175	2463.2	-0.00039720	8.1085e-05	0.12662	liquid
263.20	2100.0	63.001	0.015873	5.6586	6.2901	25.816	40.043	81.190	2461.9	-0.00039155	8.1028e-05	0.12656	liquid
263.27	2100.0	62.986	0.015876	5.6639	6.2955	25.836	40.043	81.204	2460.7	-0.00038590	8.0971e-05	0.12649	liquid
263.33	2100.0	62.971	0.015880	5.6691	6.3009	25.857	40.042	81.218	2459.5	-0.00038023	8.0914e-05	0.12642	liquid
263.40	2100.0	62.956	0.015884	5.6744	6.3063	25.877	40.041	81.233	2458.3	-0.00037456	8.0857e-05	0.12636	liquid
263.47	2100.0	62.941	0.015888	5.6797	6.3117	25.898	40.040	81.247	2457.0	-0.00036888	8.0801e-05	0.12629	liquid
263.53	2100.0	62.926	0.015892	5.6849	6.3172	25.918	40.040	81.261	2455.8	-0.00036319	8.0744e-05	0.12622	liquid
263.60	2100.0	62.911	0.015895	5.6902	6.3226	25.939	40.039	81.276	2454.6	-0.00035748	8.0687e-05	0.12616	liquid
263.67	2100.0	62.896	0.015899	5.6955	6.3280	25.960	40.038	81.290	2453.3	-0.00035177	8.0631e-05	0.12609	liquid
263.73	2100.0	62.881	0.015903	5.7007	6.3334	25.980	40.038	81.305	2452.1	-0.00034605	8.0574e-05	0.12602	liquid
263.80	2100.0	62.866	0.015907	5.7060	6.3388	26.001	40.037	81.319	2450.9	-0.00034032	8.0518e-05	0.12596	liquid
263.87	2100.0	62.851	0.015911	5.7113	6.3443	26.021	40.036	81.334	2449.7	-0.00033458	8.0461e-05	0.12589	liquid
263.93	2100.0	62.836	0.015914	5.7165	6.3497	26.042	40.035	81.348	2448.4	-0.00032884	8.0405e-05	0.12583	liquid
264.00	2100.0	62.821	0.015918	5.7218	6.3551	26.062	40.035	81.363	2447.2	-0.00032308	8.0348e-05	0.12576	liquid
264.07	2100.0	62.806	0.015922	5.7271	6.3605	26.083	40.034	81.377	2446.0	-0.00031731	8.0292e-05	0.12569	liquid
264.13	2100.0	62.790	0.015926	5.7324	6.3659	26.103	40.033	81.392	2444.7	-0.00031153	8.0236e-05	0.12563	liquid
264.20	2100.0	62.775	0.015930	5.7376	6.3714	26.124	40.033	81.406	2443.5	-0.00030575	8.0179e-05	0.12556	liquid
264.27	2100.0	62.760	0.015934	5.7429	6.3768	26.144	40.032	81.421	2442.3	-0.00029995	8.0123e-05	0.12549	liquid
264.33	2100.0	62.745	0.015937	5.7482	6.3822	26.165	40.031	81.436	2441.1	-0.00029415	8.0067e-05	0.12543	liquid
264.40	2100.0	62.730	0.015941	5.7535	6.3877	26.186	40.031	81.450	2439.8	-0.00028833	8.0011e-05	0.12536	liquid
264.47	2100.0	62.715	0.015945	5.7587	6.3931	26.206	40.030	81.465	2438.6	-0.00028251	7.9955e-05	0.12529	liquid
264.53	2100.0	62.700	0.015949	5.7640	6.3985	26.227	40.029	81.480	2437.4	-0.00027667	7.9899e-05	0.12523	liquid
264.60	2100.0	62.685	0.015953	5.7693	6.4040	26.247	40.028	81.494	2436.1	-0.00027083	7.9843e-05	0.12516	liquid
264.67	2100.0	62.669	0.015957	5.7746	6.4094	26.268	40.028	81.509	2434.9	-0.00026498	7.9787e-05	0.12510	liquid
264.73	2100.0	62.654	0.015961	5.7799	6.4148	26.288	40.027	81.524	2433.7	-0.00025911	7.9731e-05	0.12503	liquid
264.80	2100.0	62.639	0.015964	5.7851	6.4203	26.309	40.026	81.539	2432.5	-0.00025324	7.9675e-05	0.12496	liquid
264.87	2100.0	62.624	0.015968	5.7904	6.4257	26.329	40.026	81.554	2431.2	-0.00024736	7.9619e-05	0.12490	liquid
264.93	2100.0	62.609	0.015972	5.7957	6.4311	26.350	40.025	81.568	2430.0	-0.00024147	7.9563e-05	0.12483	liquid
265.00	2100.0	62.594	0.015976	5.8010	6.4366	26.370	40.024	81.583	2428.8	-0.00023556	7.9508e-05	0.12476	liquid
265.07	2100.0	62.578	0.015980	5.8063	6.4420	26.391	40.024	81.598	2427.5	-0.00022965	7.9452e-05	0.12470	liquid
265.13	2100.0	62.563	0.015984	5.8116	6.4474	26.411	40.023	81.613	2426.3	-0.00022373	7.9396e-05	0.12463	liquid
265.20	2100.0	62.548	0.015988	5.8169	6.4529	26.432	40.022	81.628	2425.1	-0.00021780	7.9340e-05	0.12457	liquid
265.27	2100.0	62.533	0.015992	5.8221	6.4583	26.452	40.022	81.643	2423.9	-0.00021186	7.9285e-05	0.12450	liquid
265.33	2100.0	62.518	0.015996	5.8274	6.4638	26.473	40.021	81.658	2422.6	-0.00020591	7.9229e-05	0.12443	liquid
265.40	2100.0	62.502	0.015999	5.8327	6.4692	26.493	40.020	81.673	2421.4	-0.00019995	7.9174e-05	0.12437	liquid
265.47	2100.0	62.487	0.016003	5.8380	6.4747	26.514	40.020	81.688	2420.2	-0.00019398	7.9118e-05	0.12430	liquid
265.53	2100.0	62.472	0.016007	5.8433	6.4801	26.534	40.019	81.703	2418.9	-0.00018800	7.9063e-05	0.12424	liquid
265.60	2100.0	62.457	0.016011	5.8486	6.4856	26.555	40.018	81.718	2417.7	-0.00018201	7.9007e-05	0.12417	liquid
265.67	2100.0	62.441	0.016015	5.8539	6.4910	26.575	40.018	81.734	2416.5	-0.00017601	7.8952e-05	0.12410	liquid
265.73	2100.0	62.426	0.016019	5.8592	6.4965	26.596	40.017	81.749	2415.2	-0.00017000	7.8897e-05	0.12404	liquid
265.80	2100.0	62.411	0.016023	5.8645	6.5019	26.616	40.016	81.764	2414.0	-0.00016398	7.8842e-05	0.12397	liquid
265.87	2100.0	62.396	0.016027	5.8698	6.5074	26.637	40.016	81.779	2412.8	-0.00015795	7.8786e-05	0.12391	liquid
265.93	2100.0	62.380	0.016031	5.8751	6.5128	26.657	40.015	81.794	2411.6	-0.00015191	7.8731e-05	0.12384	liquid
266.00	2100.0	62.365	0.016035	5.8804	6.5183	26.678	40.014	81.810	2410.3	-0.00014586	7.8676e-05	0.12377	liquid
266.07	2100.0	62.350	0.016039	5.8857	6.5237	26.698	40.014	81.825	2409.1	-0.00013980	7.8621e-05	0.12371	liquid
266.13	2100.0	62.334	0.016043	5.8910	6.5292	26.719	40.013	81.840	2407.9	-0.00013373	7.8566e-05	0.12364	liquid
266.20	2100.0	62.319	0.016046	5.8963	6.5346	26.740	40.012	81.855	2406.6	-0.00012764	7.8511e-05	0.12357	liquid
266.27	2100.0	62.304	0.016050	5.9016	6.5401	26.760	40.012	81.871	2405.4	-0.00012155	7.8456e-05	0.12351	liquid
266.33	2100.0	62.288	0.016054	5.9069	6.5455	26.780	40.011	81.886	2404.2	-0.00011545	7.8401e-05	0.12344	liquid
266.40	2100.0	62.273	0.016058	5.9122	6.5510	26.801	40.011	81.902	2402.9	-0.00010934	7.8346e-05	0.12338	liquid
266.47	2100.0	62.258	0.016062	5.9175	6.5565	26.821	40.010	81.917	2401.7	-0.00010322	7.8291e-05	0.12331	liquid
266.53	2100.0	62.242	0.016066	5.9228	6.5619	26.842	40.009	81.933	2400.5	-9.7089e-05	7.8236e-05	0.12324	liquid
266.60	2100.0	62.227	0.016070	5.9281	6.5674	26.862	40.009	81.948	2399.3	-9.0947e-05	7.8181e-05	0.12318	liquid
266.67	2100.0	62.212	0.016074	5.9334	6.5729	26.883	40.008	81.963	2398.0	-8.4795e-05	7.8126e-05	0.12311	liquid
266.73	2100.0	62.196	0.016078	5.9387	6.5783	26.903	40.007	81.979	2396.8	-7.8633e-05	7.8072e-05	0.12305	liquid
266.80	2100.0	62.181	0.016082	5.9440	6.5838	26.924	40.007	81.995	2395.6	-7.2460e-05	7.8017e-05	0.12298	liquid
266.87	2100.0	62.166	0.016086	5.9493	6.5893	26.944	40.006	82.010	2394.3	-6.6277e-05	7.7962e-05	0.12292	liquid
266.93	2100.0	62.150	0.016090	5.9546	6.5947	26.965	40.006	82.026	2393.1	-6.0084e-05	7.7908e-05	0.12285	liquid
267.00	2100.0	62.135	0.016094	5.9599	6.6002	26.985	40.005	82.041	2391.9	-5.3880e-05	7.7853e-05	0.12278	liquid
267.07	2100.0	62.119	0.016098	5.9652	6.6057	27.006	40.004	82.057	2390.6	-4.7665e-05	7.7799e-05	0.12272	liquid
267.13	2100.0	62.104	0.016102	5.9705	6.6111	27.026	40.004	82.073	2389.4	-4.1441e-05	7.7744e-05	0.12265	liquid
267.20	2100.0	62.089	0.016106	5.9759	6.6166	27.047	40.003	82.088	2388.2	-3.5205e-05	7.7690e-05	0.12259	liquid
267.27	2100.0	62.073	0.016110	5.9812	6.6221	27.067	40.002	82.104	2386.9	-2.8960e-05	7.7635e-05	0.12252	liquid
267.33	2100.0	62.058	0.016114	5.9865	6.6276	27.088	40.002	82.120	2385.7	-2.2703e-05	7.7581e-05	0.12245	liquid
267.40	2100.0	62.042	0.016118	5.9918	6.6330	27.108	40.001	82.136	2384.5	-1.6437e-05	7.7527e-05	0.12239	liquid
267.47	2100.0	62.027	0.016122	5.9971	6.6385	27.129	40.001	82.152	2383.2	-1.0159e-05	7.7472e-05	0.12232	liquid
267.53	2100.0	62.012	0.016126	6.0024	6.6440	27.149	40.000	82.167	2382.0	-3.8714e-06	7.7418e-05	0.12226	liquid
267.60	2100.0	61.996	0.016130	6.0078	6.6495	27.170	39.999	82.183	2380.8	2.4272e-06	7.7364e-05	0.12219	liquid
267.67	2100.0	61.981	0.016134	6.0131	6.6549	27.190	39.999	82.199	2379.5	8.7363e-06	7.7310e-05	0.12213	liquid
267.73	2100.0	61.965	0.016138	6.0184	6.6604	27.211	39.998	82.215	2378.3	1.5056e-05	7.7255e-05	0.12206	liquid
267.80	2100.0	61.950	0.016142	6.0237	6.6659	27.231	39.998	82.231	2377.1	2.1387e-05	7.7201e-05	0.12199	liquid
267.87	2100.0	61.934	0.016146	6.0290	6.6714	27.252	39.997	82.247	2375.9	2.7728e-05	7.7147e-05	0.12193	liquid
267.93	2100.0	61.919	0.016150	6.0344	6.6769	27.272	39.996	82.263	2374.6	3.4080e-05	7.7093e-05	0.12186	liquid
268.00	2100.0	61.903	0.016154	6.0397	6.6824	27.293	39.996	82.279	2373.4	4.0443e-05	7.7039e-05	0.12180	liquid
268.07	2100.0	61.888	0.016158	6.0450	6.6878	27.313	39.995	82.295	2372.2	4.6816e-05	7.6985e-05	0.12173	liquid
268.13	2100.0	61.872	0.016162	6.0503	6.6933	27.333	39.995	82.311	2370.9	5.3201e-05	7.6931e-05	0.12166	liquid
268.20	2100.0	61.857	0.016166	6.0557	6.6988	27.354	39.994	82.327	2369.7	5.9596e-05	7.6877e-05	0.12160	liquid
268.27	2100.0	61.841	0.016170	6.0610	6.7043	27.374	39.993	82.343	2368.5	6.6002e-05	7.6824e-05	0.12153	liquid
268.33	2100.0	61.826	0.016175	6.0663	6.7098	27.395	39.993	82.360	2367.2	7.2419e-05	7.6770e-05	0.12147	liquid
268.40	2100.0	61.810	0.016179	6.0717	6.7153	27.415	39.992	82.376	2366.0	7.8846e-05	7.6716e-05	0.12140	liquid
268.47	2100.0	61.795	0.016183	6.0770	6.7208	27.436	39.992	82.392	2364.8	8.5285e-05	7.6662e-05	0.12134	liquid
268.53	2100.0	61.779	0.016187	6.0823	6.7263	27.456	39.991	82.408	2363.5	9.1735e-05	7.6608e-05	0.12127	liquid
268.60	2100.0	61.764	0.016191	6.0876	6.7318	27.477	39.991	82.424	2362.3	9.8195e-05	7.6555e-05	0.12121	liquid
268.67	2100.0	61.748	0.016195	6.0930	6.7373	27.497	39.990	82.441	2361.1	0.00010467	7.6501e-05	0.12114	liquid
268.73	2100.0	61.732	0.016199	6.0983	6.7428	27.518	39.989	82.457	2359.8	0.00011115	7.6448e-05	0.12107	liquid
268.80	2100.0	61.717	0.016203	6.1036	6.7483	27.538	39.989	82.473	2358.6	0.00011764	7.6394e-05	0.12101	liquid
268.87	2100.0	61.701	0.016207	6.1090	6.7537	27.559	39.988	82.490	2357.4	0.00012415	7.6340e-05	0.12094	liquid
268.93	2100.0	61.686	0.016211	6.1143	6.7592	27.579	39.988	82.506	2356.1	0.00013066	7.6287e-05	0.12088	liquid
269.00	2100.0	61.670	0.016215	6.1197	6.7648	27.599	39.987	82.523	2354.9	0.00013719	7.6234e-05	0.12081	liquid
269.07	2100.0	61.654	0.016219	6.1250	6.7703	27.620	39.987	82.539	2353.7	0.00014373	7.6180e-05	0.12075	liquid
269.13	2100.0	61.639	0.016224	6.1303	6.7758	27.640	39.986	82.556	2352.4	0.00015028	7.6127e-05	0.12068	liquid
269.20	2100.0	61.623	0.016228	6.1357	6.7813	27.661	39.985	82.572	2351.2	0.00015684	7.6073e-05	0.12062	liquid
269.27	2100.0	61.608	0.016232	6.1410	6.7868	27.681	39.985	82.589	2350.0	0.00016341	7.6020e-05	0.12055	liquid
269.33	2100.0	61.592	0.016236	6.1464	6.7923	27.702	39.984	82.605	2348.7	0.00016999	7.5967e-05	0.12048	liquid
269.40	2100.0	61.576	0.016240	6.1517	6.7978	27.722	39.984	82.622	2347.5	0.00017659	7.5914e-05	0.12042	liquid
269.47	2100.0	61.561	0.016244	6.1570	6.8033	27.743	39.983	82.638	2346.3	0.00018319	7.5860e-05	0.12035	liquid
269.53	2100.0	61.545	0.016248	6.1624	6.8088	27.763	39.983	82.655	2345.0	0.00018981	7.5807e-05	0.12029	liquid
269.60	2100.0	61.529	0.016252	6.1677	6.8143	27.783	39.982	82.672	2343.8	0.00019644	7.5754e-05	0.12022	liquid
269.67	2100.0	61.514	0.016257	6.1731	6.8198	27.804	39.982	82.688	2342.6	0.00020308	7.5701e-05	0.12016	liquid
269.73	2100.0	61.498	0.016261	6.1784	6.8253	27.824	39.981	82.705	2341.3	0.00020973	7.5648e-05	0.12009	liquid
269.80	2100.0	61.482	0.016265	6.1838	6.8308	27.845	39.981	82.722	2340.1	0.00021639	7.5595e-05	0.12003	liquid
269.87	2100.0	61.467	0.016269	6.1891	6.8364	27.865	39.980	82.739	2338.8	0.00022307	7.5542e-05	0.11996	liquid
269.93	2100.0	61.451	0.016273	6.1945	6.8419	27.886	39.979	82.755	2337.6	0.00022975	7.5489e-05	0.11990	liquid
270.00	2100.0	61.435	0.016277	6.1998	6.8474	27.906	39.979	82.772	2336.4	0.00023645	7.5436e-05	0.11983	liquid
270.07	2100.0	61.420	0.016281	6.2052	6.8529	27.927	39.978	82.789	2335.1	0.00024316	7.5383e-05	0.11976	liquid
270.13	2100.0	61.404	0.016286	6.2105	6.8584	27.947	39.978	82.806	2333.9	0.00024988	7.5330e-05	0.11970	liquid
270.20	2100.0	61.388	0.016290	6.2159	6.8640	27.967	39.977	82.823	2332.7	0.00025661	7.5278e-05	0.11963	liquid
270.27	2100.0	61.372	0.016294	6.2213	6.8695	27.988	39.977	82.840	2331.4	0.00026336	7.5225e-05	0.11957	liquid
270.33	2100.0	61.357	0.016298	6.2266	6.8750	28.008	39.976	82.857	2330.2	0.00027011	7.5172e-05	0.11950	liquid
270.40	2100.0	61.341	0.016302	6.2320	6.8805	28.029	39.976	82.874	2329.0	0.00027688	7.5119e-05	0.11944	liquid
270.47	2100.0	61.325	0.016307	6.2373	6.8861	28.049	39.975	82.891	2327.7	0.00028366	7.5067e-05	0.11937	liquid
270.53	2100.0	61.309	0.016311	6.2427	6.8916	28.070	39.975	82.908	2326.5	0.00029045	7.5014e-05	0.11931	liquid
270.60	2100.0	61.294	0.016315	6.2481	6.8971	28.090	39.974	82.925	2325.3	0.00029725	7.4961e-05	0.11924	liquid
270.67	2100.0	61.278	0.016319	6.2534	6.9026	28.110	39.974	82.942	2324.0	0.00030406	7.4909e-05	0.11918	liquid
270.73	2100.0	61.262	0.016323	6.2588	6.9082	28.131	39.973	82.959	2322.8	0.00031089	7.4856e-05	0.11911	liquid
270.80	2100.0	61.246	0.016327	6.2641	6.9137	28.151	39.973	82.977	2321.6	0.00031773	7.4804e-05	0.11905	liquid
270.87	2100.0	61.231	0.016332	6.2695	6.9192	28.172	39.972	82.994	2320.3	0.00032457	7.4751e-05	0.11898	liquid
270.93	2100.0	61.215	0.016336	6.2749	6.9248	28.192	39.972	83.011	2319.1	0.00033144	7.4699e-05	0.11892	liquid
271.00	2100.0	61.199	0.016340	6.2802	6.9303	28.213	39.971	83.028	2317.8	0.00033831	7.4647e-05	0.11885	liquid
271.07	2100.0	61.183	0.016344	6.2856	6.9358	28.233	39.971	83.046	2316.6	0.00034519	7.4594e-05	0.11879	liquid
271.13	2100.0	61.167	0.016349	6.2910	6.9414	28.253	39.970	83.063	2315.4	0.00035209	7.4542e-05	0.11872	liquid
271.20	2100.0	61.151	0.016353	6.2963	6.9469	28.274	39.970	83.080	2314.1	0.00035900	7.4490e-05	0.11865	liquid
271.27	2100.0	61.136	0.016357	6.3017	6.9524	28.294	39.969	83.098	2312.9	0.00036592	7.4437e-05	0.11859	liquid
271.33	2100.0	61.120	0.016361	6.3071	6.9580	28.315	39.969	83.115	2311.7	0.00037286	7.4385e-05	0.11852	liquid
271.40	2100.0	61.104	0.016366	6.3125	6.9635	28.335	39.968	83.133	2310.4	0.00037980	7.4333e-05	0.11846	liquid
271.47	2100.0	61.088	0.016370	6.3178	6.9691	28.356	39.968	83.150	2309.2	0.00038676	7.4281e-05	0.11839	liquid
271.53	2100.0	61.072	0.016374	6.3232	6.9746	28.376	39.967	83.168	2308.0	0.00039373	7.4229e-05	0.11833	liquid
271.60	2100.0	61.056	0.016378	6.3286	6.9802	28.396	39.967	83.185	2306.7	0.00040071	7.4177e-05	0.11826	liquid
271.67	2100.0	61.040	0.016383	6.3340	6.9857	28.417	39.966	83.203	2305.5	0.00040770	7.4125e-05	0.11820	liquid
271.73	2100.0	61.025	0.016387	6.3393	6.9913	28.437	39.966	83.220	2304.2	0.00041471	7.4072e-05	0.11813	liquid
271.80	2100.0	61.009	0.016391	6.3447	6.9968	28.458	39.965	83.238	2303.0	0.00042173	7.4020e-05	0.11807	liquid
271.87	2100.0	60.993	0.016395	6.3501	7.0024	28.478	39.965	83.256	2301.8	0.00042876	7.3969e-05	0.11800	liquid
271.93	2100.0	60.977	0.016400	6.3555	7.0079	28.498	39.964	83.273	2300.5	0.00043580	7.3917e-05	0.11794	liquid
272.00	2100.0	60.961	0.016404	6.3609	7.0135	28.519	39.964	83.291	2299.3	0.00044286	7.3865e-05	0.11787	liquid
272.07	2100.0	60.945	0.016408	6.3662	7.0190	28.539	39.963	83.309	2298.1	0.00044993	7.3813e-05	0.11781	liquid
272.13	2100.0	60.929	0.016413	6.3716	7.0246	28.560	39.963	83.327	2296.8	0.00045701	7.3761e-05	0.11774	liquid
272.20	2100.0	60.913	0.016417	6.3770	7.0301	28.580	39.962	83.345	2295.6	0.00046410	7.3709e-05	0.11768	liquid
272.27	2100.0	60.897	0.016421	6.3824	7.0357	28.601	39.962	83.362	2294.3	0.00047121	7.3657e-05	0.11761	liquid
272.33	2100.0	60.881	0.016425	6.3878	7.0412	28.621	39.961	83.380	2293.1	0.00047832	7.3606e-05	0.11755	liquid
272.40	2100.0	60.865	0.016430	6.3932	7.0468	28.641	39.961	83.398	2291.9	0.00048545	7.3554e-05	0.11748	liquid
272.47	2100.0	60.849	0.016434	6.3986	7.0524	28.662	39.960	83.416	2290.6	0.00049260	7.3502e-05	0.11742	liquid
272.53	2100.0	60.833	0.016438	6.4039	7.0579	28.682	39.960	83.434	2289.4	0.00049975	7.3451e-05	0.11735	liquid
272.60	2100.0	60.817	0.016443	6.4093	7.0635	28.703	39.959	83.452	2288.2	0.00050692	7.3399e-05	0.11729	liquid
272.67	2100.0	60.801	0.016447	6.4147	7.0690	28.723	39.959	83.470	2286.9	0.00051410	7.3348e-05	0.11722	liquid
272.73	2100.0	60.785	0.016451	6.4201	7.0746	28.743	39.959	83.488	2285.7	0.00052130	7.3296e-05	0.11716	liquid
272.80	2100.0	60.769	0.016456	6.4255	7.0802	28.764	39.958	83.506	2284.4	0.00052850	7.3245e-05	0.11709	liquid
272.87	2100.0	60.753	0.016460	6.4309	7.0857	28.784	39.958	83.524	2283.2	0.00053572	7.3193e-05	0.11703	liquid
272.93	2100.0	60.737	0.016464	6.4363	7.0913	28.805	39.957	83.543	2282.0	0.00054295	7.3142e-05	0.11696	liquid
273.00	2100.0	60.721	0.016469	6.4417	7.0969	28.825	39.957	83.561	2280.7	0.00055020	7.3090e-05	0.11690	liquid
273.07	2100.0	60.705	0.016473	6.4471	7.1025	28.845	39.956	83.579	2279.5	0.00055746	7.3039e-05	0.11683	liquid
273.13	2100.0	60.689	0.016477	6.4525	7.1080	28.866	39.956	83.597	2278.2	0.00056473	7.2988e-05	0.11677	liquid
273.20	2100.0	60.673	0.016482	6.4579	7.1136	28.886	39.955	83.615	2277.0	0.00057201	7.2936e-05	0.11670	liquid
273.27	2100.0	60.657	0.016486	6.4633	7.1192	28.907	39.955	83.634	2275.8	0.00057931	7.2885e-05	0.11664	liquid
273.33	2100.0	60.641	0.016491	6.4687	7.1248	28.927	39.955	83.652	2274.5	0.00058661	7.2834e-05	0.11657	liquid
273.40	2100.0	60.625	0.016495	6.4741	7.1303	28.947	39.954	83.670	2273.3	0.00059394	7.2783e-05	0.11651	liquid
273.47	2100.0	60.609	0.016499	6.4795	7.1359	28.968	39.954	83.689	2272.0	0.00060127	7.2731e-05	0.11645	liquid
273.53	2100.0	60.593	0.016504	6.4849	7.1415	28.988	39.953	83.707	2270.8	0.00060862	7.2680e-05	0.11638	liquid
273.60	2100.0	60.576	0.016508	6.4903	7.1471	29.009	39.953	83.726	2269.6	0.00061598	7.2629e-05	0.11632	liquid
273.67	2100.0	60.560	0.016512	6.4957	7.1526	29.029	39.952	83.744	2268.3	0.00062336	7.2578e-05	0.11625	liquid
273.73	2100.0	60.544	0.016517	6.5011	7.1582	29.049	39.952	83.763	2267.1	0.00063074	7.2527e-05	0.11619	liquid
273.80	2100.0	60.528	0.016521	6.5066	7.1638	29.070	39.952	83.781	2265.8	0.00063815	7.2476e-05	0.11612	liquid
273.87	2100.0	60.512	0.016526	6.5120	7.1694	29.090	39.951	83.800	2264.6	0.00064556	7.2425e-05	0.11606	liquid
273.93	2100.0	60.496	0.016530	6.5174	7.1750	29.111	39.951	83.819	2263.4	0.00065299	7.2374e-05	0.11599	liquid
274.00	2100.0	60.480	0.016534	6.5228	7.1806	29.131	39.950	83.837	2262.1	0.00066043	7.2323e-05	0.11593	liquid
274.07	2100.0	60.463	0.016539	6.5282	7.1862	29.151	39.950	83.856	2260.9	0.00066788	7.2272e-05	0.11586	liquid
274.13	2100.0	60.447	0.016543	6.5336	7.1918	29.172	39.949	83.875	2259.6	0.00067535	7.2221e-05	0.11580	liquid
274.20	2100.0	60.431	0.016548	6.5390	7.1974	29.192	39.949	83.894	2258.4	0.00068283	7.2171e-05	0.11573	liquid
274.27	2100.0	60.415	0.016552	6.5445	7.2029	29.213	39.949	83.912	2257.2	0.00069032	7.2120e-05	0.11567	liquid
274.33	2100.0	60.399	0.016557	6.5499	7.2085	29.233	39.948	83.931	2255.9	0.00069783	7.2069e-05	0.11560	liquid
274.40	2100.0	60.383	0.016561	6.5553	7.2141	29.253	39.948	83.950	2254.7	0.00070535	7.2018e-05	0.11554	liquid
274.47	2100.0	60.366	0.016566	6.5607	7.2197	29.274	39.947	83.969	2253.4	0.00071289	7.1967e-05	0.11547	liquid
274.53	2100.0	60.350	0.016570	6.5661	7.2253	29.294	39.947	83.988	2252.2	0.00072044	7.1917e-05	0.11541	liquid
274.60	2100.0	60.334	0.016574	6.5716	7.2309	29.315	39.947	84.007	2250.9	0.00072800	7.1866e-05	0.11535	liquid
274.67	2100.0	60.318	0.016579	6.5770	7.2365	29.335	39.946	84.026	2249.7	0.00073557	7.1816e-05	0.11528	liquid
274.73	2100.0	60.301	0.016583	6.5824	7.2421	29.355	39.946	84.045	2248.5	0.00074316	7.1765e-05	0.11522	liquid
274.80	2100.0	60.285	0.016588	6.5878	7.2477	29.376	39.945	84.064	2247.2	0.00075076	7.1714e-05	0.11515	liquid
274.87	2100.0	60.269	0.016592	6.5933	7.2533	29.396	39.945	84.083	2246.0	0.00075838	7.1664e-05	0.11509	liquid
274.93	2100.0	60.253	0.016597	6.5987	7.2590	29.417	39.945	84.102	2244.7	0.00076601	7.1613e-05	0.11502	liquid
275.00	2100.0	60.236	0.016601	6.6041	7.2646	29.437	39.944	84.121	2243.5	0.00077365	7.1563e-05	0.11496	liquid
275.07	2100.0	60.220	0.016606	6.6095	7.2702	29.457	39.944	84.140	2242.3	0.00078131	7.1512e-05	0.11489	liquid
275.13	2100.0	60.204	0.016610	6.6150	7.2758	29.478	39.943	84.160	2241.0	0.00078898	7.1462e-05	0.11483	liquid
275.20	2100.0	60.187	0.016615	6.6204	7.2814	29.498	39.943	84.179	2239.8	0.00079667	7.1412e-05	0.11476	liquid
275.27	2100.0	60.171	0.016619	6.6258	7.2870	29.519	39.943	84.198	2238.5	0.00080437	7.1361e-05	0.11470	liquid
275.33	2100.0	60.155	0.016624	6.6313	7.2926	29.539	39.942	84.218	2237.3	0.00081208	7.1311e-05	0.11464	liquid
275.40	2100.0	60.138	0.016628	6.6367	7.2982	29.559	39.942	84.237	2236.0	0.00081981	7.1261e-05	0.11457	liquid
275.47	2100.0	60.122	0.016633	6.6421	7.3038	29.580	39.942	84.256	2234.8	0.00082755	7.1210e-05	0.11451	liquid
275.53	2100.0	60.106	0.016637	6.6476	7.3095	29.600	39.941	84.276	2233.6	0.00083531	7.1160e-05	0.11444	liquid
275.60	2100.0	60.089	0.016642	6.6530	7.3151	29.621	39.941	84.295	2232.3	0.00084308	7.1110e-05	0.11438	liquid
275.67	2100.0	60.073	0.016646	6.6585	7.3207	29.641	39.940	84.315	2231.1	0.00085086	7.1060e-05	0.11431	liquid
275.73	2100.0	60.057	0.016651	6.6639	7.3263	29.661	39.940	84.334	2229.8	0.00085866	7.1010e-05	0.11425	liquid
275.80	2100.0	60.040	0.016655	6.6693	7.3319	29.682	39.940	84.354	2228.6	0.00086647	7.0960e-05	0.11418	liquid
275.87	2100.0	60.024	0.016660	6.6748	7.3376	29.702	39.939	84.373	2227.3	0.00087430	7.0909e-05	0.11412	liquid
275.93	2100.0	60.008	0.016665	6.6802	7.3432	29.722	39.939	84.393	2226.1	0.00088214	7.0859e-05	0.11406	liquid
276.00	2100.0	59.991	0.016669	6.6857	7.3488	29.743	39.939	84.413	2224.8	0.00088999	7.0809e-05	0.11399	liquid
276.07	2100.0	59.975	0.016674	6.6911	7.3545	29.763	39.938	84.433	2223.6	0.00089786	7.0759e-05	0.11393	liquid
276.13	2100.0	59.958	0.016678	6.6966	7.3601	29.784	39.938	84.452	2222.4	0.00090574	7.0709e-05	0.11386	liquid
276.20	2100.0	59.942	0.016683	6.7020	7.3657	29.804	39.938	84.472	2221.1	0.00091364	7.0659e-05	0.11380	liquid
276.27	2100.0	59.925	0.016687	6.7075	7.3713	29.824	39.937	84.492	2219.9	0.00092155	7.0610e-05	0.11373	liquid
276.33	2100.0	59.909	0.016692	6.7129	7.3770	29.845	39.937	84.512	2218.6	0.00092948	7.0560e-05	0.11367	liquid
276.40	2100.0	59.893	0.016697	6.7184	7.3826	29.865	39.937	84.532	2217.4	0.00093742	7.0510e-05	0.11361	liquid
276.47	2100.0	59.876	0.016701	6.7238	7.3883	29.886	39.936	84.552	2216.1	0.00094538	7.0460e-05	0.11354	liquid
276.53	2100.0	59.860	0.016706	6.7293	7.3939	29.906	39.936	84.572	2214.9	0.00095335	7.0410e-05	0.11348	liquid
276.60	2100.0	59.843	0.016710	6.7347	7.3995	29.926	39.936	84.592	2213.6	0.00096133	7.0360e-05	0.11341	liquid
276.67	2100.0	59.827	0.016715	6.7402	7.4052	29.947	39.935	84.612	2212.4	0.00096933	7.0311e-05	0.11335	liquid
276.73	2100.0	59.810	0.016720	6.7457	7.4108	29.967	39.935	84.632	2211.2	0.00097735	7.0261e-05	0.11328	liquid
276.80	2100.0	59.794	0.016724	6.7511	7.4165	29.988	39.935	84.652	2209.9	0.00098538	7.0211e-05	0.11322	liquid
276.87	2100.0	59.777	0.016729	6.7566	7.4221	30.008	39.934	84.672	2208.7	0.00099342	7.0162e-05	0.11316	liquid
276.93	2100.0	59.761	0.016733	6.7620	7.4277	30.028	39.934	84.692	2207.4	0.0010015	7.0112e-05	0.11309	liquid
277.00	2100.0	59.744	0.016738	6.7675	7.4334	30.049	39.934	84.712	2206.2	0.0010096	7.0062e-05	0.11303	liquid
277.07	2100.0	59.728	0.016743	6.7730	7.4390	30.069	39.933	84.732	2204.9	0.0010176	7.0013e-05	0.11296	liquid
277.13	2100.0	59.711	0.016747	6.7784	7.4447	30.089	39.933	84.753	2203.7	0.0010257	6.9963e-05	0.11290	liquid
277.20	2100.0	59.694	0.016752	6.7839	7.4503	30.110	39.933	84.773	2202.4	0.0010339	6.9914e-05	0.11284	liquid
277.27	2100.0	59.678	0.016757	6.7894	7.4560	30.130	39.932	84.793	2201.2	0.0010420	6.9864e-05	0.11277	liquid
277.33	2100.0	59.661	0.016761	6.7948	7.4616	30.151	39.932	84.814	2199.9	0.0010501	6.9815e-05	0.11271	liquid
277.40	2100.0	59.645	0.016766	6.8003	7.4673	30.171	39.932	84.834	2198.7	0.0010583	6.9765e-05	0.11264	liquid
277.47	2100.0	59.628	0.016771	6.8058	7.4730	30.191	39.931	84.855	2197.4	0.0010665	6.9716e-05	0.11258	liquid
277.53	2100.0	59.612	0.016775	6.8112	7.4786	30.212	39.931	84.875	2196.2	0.0010747	6.9667e-05	0.11252	liquid
277.60	2100.0	59.595	0.016780	6.8167	7.4843	30.232	39.931	84.896	2194.9	0.0010829	6.9617e-05	0.11245	liquid
277.67	2100.0	59.578	0.016785	6.8222	7.4899	30.253	39.930	84.916	2193.7	0.0010911	6.9568e-05	0.11239	liquid
277.73	2100.0	59.562	0.016789	6.8277	7.4956	30.273	39.930	84.937	2192.5	0.0010994	6.9519e-05	0.11232	liquid
277.80	2100.0	59.545	0.016794	6.8331	7.5013	30.293	39.930	84.958	2191.2	0.0011076	6.9469e-05	0.11226	liquid
277.87	2100.0	59.528	0.016799	6.8386	7.5069	30.314	39.929	84.978	2190.0	0.0011159	6.9420e-05	0.11220	liquid
277.93	2100.0	59.512	0.016803	6.8441	7.5126	30.334	39.929	84.999	2188.7	0.0011242	6.9371e-05	0.11213	liquid
278.00	2100.0	59.495	0.016808	6.8496	7.5183	30.354	39.929	85.020	2187.5	0.0011325	6.9322e-05	0.11207	liquid
278.07	2100.0	59.478	0.016813	6.8551	7.5239	30.375	39.929	85.041	2186.2	0.0011408	6.9273e-05	0.11200	liquid
278.13	2100.0	59.462	0.016818	6.8605	7.5296	30.395	39.928	85.061	2185.0	0.0011491	6.9224e-05	0.11194	liquid
278.20	2100.0	59.445	0.016822	6.8660	7.5353	30.416	39.928	85.082	2183.7	0.0011575	6.9174e-05	0.11188	liquid
278.27	2100.0	59.428	0.016827	6.8715	7.5409	30.436	39.928	85.103	2182.5	0.0011658	6.9125e-05	0.11181	liquid
278.33	2100.0	59.412	0.016832	6.8770	7.5466	30.456	39.927	85.124	2181.2	0.0011742	6.9076e-05	0.11175	liquid
278.40	2100.0	59.395	0.016836	6.8825	7.5523	30.477	39.927	85.145	2180.0	0.0011826	6.9027e-05	0.11168	liquid
278.47	2100.0	59.378	0.016841	6.8880	7.5580	30.497	39.927	85.166	2178.7	0.0011910	6.8978e-05	0.11162	liquid
278.53	2100.0	59.362	0.016846	6.8935	7.5636	30.518	39.927	85.187	2177.5	0.0011994	6.8929e-05	0.11156	liquid
278.60	2100.0	59.345	0.016851	6.8990	7.5693	30.538	39.926	85.208	2176.2	0.0012079	6.8880e-05	0.11149	liquid
278.67	2100.0	59.328	0.016855	6.9044	7.5750	30.558	39.926	85.230	2175.0	0.0012163	6.8831e-05	0.11143	liquid
278.73	2100.0	59.311	0.016860	6.9099	7.5807	30.579	39.926	85.251	2173.7	0.0012248	6.8783e-05	0.11136	liquid
278.80	2100.0	59.295	0.016865	6.9154	7.5864	30.599	39.926	85.272	2172.5	0.0012333	6.8734e-05	0.11130	liquid
278.87	2100.0	59.278	0.016870	6.9209	7.5921	30.620	39.925	85.293	2171.2	0.0012418	6.8685e-05	0.11124	liquid
278.93	2100.0	59.261	0.016875	6.9264	7.5977	30.640	39.925	85.315	2170.0	0.0012503	6.8636e-05	0.11117	liquid
279.00	2100.0	59.244	0.016879	6.9319	7.6034	30.660	39.925	85.336	2168.7	0.0012589	6.8587e-05	0.11111	liquid
279.07	2100.0	59.227	0.016884	6.9374	7.6091	30.681	39.924	85.357	2167.5	0.0012674	6.8539e-05	0.11105	liquid
279.13	2100.0	59.211	0.016889	6.9429	7.6148	30.701	39.924	85.379	2166.2	0.0012760	6.8490e-05	0.11098	liquid
279.20	2100.0	59.194	0.016894	6.9484	7.6205	30.722	39.924	85.400	2165.0	0.0012846	6.8441e-05	0.11092	liquid
279.27	2100.0	59.177	0.016898	6.9539	7.6262	30.742	39.924	85.422	2163.7	0.0012932	6.8392e-05	0.11085	liquid
279.33	2100.0	59.160	0.016903	6.9594	7.6319	30.762	39.923	85.443	2162.5	0.0013018	6.8344e-05	0.11079	liquid
279.40	2100.0	59.143	0.016908	6.9649	7.6376	30.783	39.923	85.465	2161.2	0.0013104	6.8295e-05	0.11073	liquid
279.47	2100.0	59.126	0.016913	6.9704	7.6433	30.803	39.923	85.486	2160.0	0.0013191	6.8247e-05	0.11066	liquid
279.53	2100.0	59.110	0.016918	6.9760	7.6490	30.823	39.923	85.508	2158.7	0.0013278	6.8198e-05	0.11060	liquid
279.60	2100.0	59.093	0.016923	6.9815	7.6547	30.844	39.923	85.530	2157.5	0.0013364	6.8149e-05	0.11054	liquid
279.67	2100.0	59.076	0.016927	6.9870	7.6604	30.864	39.922	85.552	2156.2	0.0013451	6.8101e-05	0.11047	liquid
279.73	2100.0	59.059	0.016932	6.9925	7.6661	30.885	39.922	85.573	2155.0	0.0013539	6.8052e-05	0.11041	liquid
279.80	2100.0	59.042	0.016937	6.9980	7.6718	30.905	39.922	85.595	2153.7	0.0013626	6.8004e-05	0.11034	liquid
279.87	2100.0	59.025	0.016942	7.0035	7.6775	30.925	39.922	85.617	2152.5	0.0013713	6.7955e-05	0.11028	liquid
279.93	2100.0	59.008	0.016947	7.0090	7.6832	30.946	39.921	85.639	2151.2	0.0013801	6.7907e-05	0.11022	liquid
280.00	2100.0	58.991	0.016952	7.0145	7.6889	30.966	39.921	85.661	2150.0	0.0013889	6.7859e-05	0.11015	liquid
280.07	2100.0	58.974	0.016957	7.0201	7.6946	30.987	39.921	85.683	2148.7	0.0013977	6.7810e-05	0.11009	liquid
280.13	2100.0	58.957	0.016961	7.0256	7.7004	31.007	39.921	85.705	2147.4	0.0014065	6.7762e-05	0.11003	liquid
280.20	2100.0	58.940	0.016966	7.0311	7.7061	31.027	39.920	85.727	2146.2	0.0014153	6.7714e-05	0.10996	liquid
280.27	2100.0	58.923	0.016971	7.0366	7.7118	31.048	39.920	85.749	2144.9	0.0014242	6.7665e-05	0.10990	liquid
280.33	2100.0	58.906	0.016976	7.0421	7.7175	31.068	39.920	85.771	2143.7	0.0014331	6.7617e-05	0.10984	liquid
280.40	2100.0	58.889	0.016981	7.0477	7.7232	31.089	39.920	85.793	2142.4	0.0014419	6.7569e-05	0.10977	liquid
280.47	2100.0	58.872	0.016986	7.0532	7.7289	31.109	39.920	85.816	2141.2	0.0014508	6.7521e-05	0.10971	liquid
280.53	2100.0	58.855	0.016991	7.0587	7.7347	31.129	39.919	85.838	2139.9	0.0014598	6.7472e-05	0.10965	liquid
280.60	2100.0	58.838	0.016996	7.0642	7.7404	31.150	39.919	85.860	2138.7	0.0014687	6.7424e-05	0.10958	liquid
280.67	2100.0	58.821	0.017001	7.0698	7.7461	31.170	39.919	85.883	2137.4	0.0014776	6.7376e-05	0.10952	liquid
280.73	2100.0	58.804	0.017006	7.0753	7.7518	31.191	39.919	85.905	2136.2	0.0014866	6.7328e-05	0.10946	liquid
280.80	2100.0	58.787	0.017010	7.0808	7.7576	31.211	39.919	85.927	2134.9	0.0014956	6.7280e-05	0.10939	liquid
280.87	2100.0	58.770	0.017015	7.0864	7.7633	31.231	39.918	85.950	2133.7	0.0015046	6.7232e-05	0.10933	liquid
280.93	2100.0	58.753	0.017020	7.0919	7.7690	31.252	39.918	85.972	2132.4	0.0015136	6.7184e-05	0.10926	liquid
281.00	2100.0	58.736	0.017025	7.0974	7.7748	31.272	39.918	85.995	2131.2	0.0015227	6.7136e-05	0.10920	liquid
281.07	2100.0	58.719	0.017030	7.1030	7.7805	31.293	39.918	86.018	2129.9	0.0015317	6.7088e-05	0.10914	liquid
281.13	2100.0	58.702	0.017035	7.1085	7.7862	31.313	39.918	86.040	2128.6	0.0015408	6.7040e-05	0.10907	liquid
281.20	2100.0	58.685	0.017040	7.1141	7.7920	31.333	39.917	86.063	2127.4	0.0015499	6.6992e-05	0.10901	liquid
281.27	2100.0	58.668	0.017045	7.1196	7.7977	31.354	39.917	86.086	2126.1	0.0015590	6.6944e-05	0.10895	liquid
281.33	2100.0	58.651	0.017050	7.1251	7.8034	31.374	39.917	86.109	2124.9	0.0015681	6.6896e-05	0.10888	liquid
281.40	2100.0	58.633	0.017055	7.1307	7.8092	31.395	39.917	86.131	2123.6	0.0015773	6.6848e-05	0.10882	liquid
281.47	2100.0	58.616	0.017060	7.1362	7.8149	31.415	39.917	86.154	2122.4	0.0015864	6.6800e-05	0.10876	liquid
281.53	2100.0	58.599	0.017065	7.1418	7.8207	31.435	39.916	86.177	2121.1	0.0015956	6.6752e-05	0.10869	liquid
281.60	2100.0	58.582	0.017070	7.1473	7.8264	31.456	39.916	86.200	2119.9	0.0016048	6.6704e-05	0.10863	liquid
281.67	2100.0	58.565	0.017075	7.1529	7.8322	31.476	39.916	86.223	2118.6	0.0016140	6.6657e-05	0.10857	liquid
281.73	2100.0	58.548	0.017080	7.1584	7.8379	31.497	39.916	86.246	2117.3	0.0016233	6.6609e-05	0.10850	liquid
281.80	2100.0	58.530	0.017085	7.1640	7.8437	31.517	39.916	86.269	2116.1	0.0016325	6.6561e-05	0.10844	liquid
281.87	2100.0	58.513	0.017090	7.1695	7.8494	31.537	39.916	86.292	2114.8	0.0016418	6.6513e-05	0.10838	liquid
281.93	2100.0	58.496	0.017095	7.1751	7.8552	31.558	39.915	86.315	2113.6	0.0016511	6.6466e-05	0.10831	liquid
282.00	2100.0	58.479	0.017100	7.1806	7.8609	31.578	39.915	86.339	2112.3	0.0016604	6.6418e-05	0.10825	liquid
282.07	2100.0	58.462	0.017105	7.1862	7.8667	31.599	39.915	86.362	2111.1	0.0016697	6.6370e-05	0.10819	liquid
282.13	2100.0	58.444	0.017110	7.1917	7.8724	31.619	39.915	86.385	2109.8	0.0016790	6.6323e-05	0.10813	liquid
282.20	2100.0	58.427	0.017115	7.1973	7.8782	31.640	39.915	86.409	2108.5	0.0016884	6.6275e-05	0.10806	liquid
282.27	2100.0	58.410	0.017120	7.2029	7.8840	31.660	39.915	86.432	2107.3	0.0016978	6.6228e-05	0.10800	liquid
282.33	2100.0	58.393	0.017125	7.2084	7.8897	31.680	39.915	86.455	2106.0	0.0017072	6.6180e-05	0.10794	liquid
282.40	2100.0	58.375	0.017131	7.2140	7.8955	31.701	39.914	86.479	2104.8	0.0017166	6.6133e-05	0.10787	liquid
282.47	2100.0	58.358	0.017136	7.2195	7.9013	31.721	39.914	86.502	2103.5	0.0017260	6.6085e-05	0.10781	liquid
282.53	2100.0	58.341	0.017141	7.2251	7.9070	31.742	39.914	86.526	2102.3	0.0017355	6.6038e-05	0.10775	liquid
282.60	2100.0	58.323	0.017146	7.2307	7.9128	31.762	39.914	86.550	2101.0	0.0017449	6.5990e-05	0.10768	liquid
282.67	2100.0	58.306	0.017151	7.2362	7.9186	31.782	39.914	86.573	2099.7	0.0017544	6.5943e-05	0.10762	liquid
282.73	2100.0	58.289	0.017156	7.2418	7.9243	31.803	39.914	86.597	2098.5	0.0017639	6.5895e-05	0.10756	liquid
282.80	2100.0	58.271	0.017161	7.2474	7.9301	31.823	39.914	86.621	2097.2	0.0017734	6.5848e-05	0.10749	liquid
282.87	2100.0	58.254	0.017166	7.2530	7.9359	31.844	39.913	86.645	2096.0	0.0017830	6.5801e-05	0.10743	liquid
282.93	2100.0	58.237	0.017171	7.2585	7.9417	31.864	39.913	86.668	2094.7	0.0017925	6.5753e-05	0.10737	liquid
283.00	2100.0	58.219	0.017176	7.2641	7.9474	31.885	39.913	86.692	2093.4	0.0018021	6.5706e-05	0.10731	liquid
283.07	2100.0	58.202	0.017182	7.2697	7.9532	31.905	39.913	86.716	2092.2	0.0018117	6.5659e-05	0.10724	liquid
283.13	2100.0	58.185	0.017187	7.2753	7.9590	31.925	39.913	86.740	2090.9	0.0018213	6.5611e-05	0.10718	liquid
283.20	2100.0	58.167	0.017192	7.2808	7.9648	31.946	39.913	86.764	2089.7	0.0018310	6.5564e-05	0.10712	liquid
283.27	2100.0	58.150	0.017197	7.2864	7.9706	31.966	39.913	86.788	2088.4	0.0018406	6.5517e-05	0.10705	liquid
283.33	2100.0	58.132	0.017202	7.2920	7.9764	31.987	39.913	86.812	2087.1	0.0018503	6.5470e-05	0.10699	liquid
283.40	2100.0	58.115	0.017207	7.2976	7.9821	32.007	39.913	86.837	2085.9	0.0018600	6.5422e-05	0.10693	liquid
283.47	2100.0	58.097	0.017212	7.3032	7.9879	32.028	39.912	86.861	2084.6	0.0018697	6.5375e-05	0.10686	liquid
283.53	2100.0	58.080	0.017218	7.3088	7.9937	32.048	39.912	86.885	2083.4	0.0018795	6.5328e-05	0.10680	liquid
283.60	2100.0	58.063	0.017223	7.3143	7.9995	32.068	39.912	86.909	2082.1	0.0018892	6.5281e-05	0.10674	liquid
283.67	2100.0	58.045	0.017228	7.3199	8.0053	32.089	39.912	86.934	2080.8	0.0018990	6.5234e-05	0.10668	liquid
283.73	2100.0	58.028	0.017233	7.3255	8.0111	32.109	39.912	86.958	2079.6	0.0019088	6.5187e-05	0.10661	liquid
283.80	2100.0	58.010	0.017238	7.3311	8.0169	32.130	39.912	86.983	2078.3	0.0019186	6.5140e-05	0.10655	liquid
283.87	2100.0	57.993	0.017244	7.3367	8.0227	32.150	39.912	87.007	2077.0	0.0019284	6.5093e-05	0.10649	liquid
283.93	2100.0	57.975	0.017249	7.3423	8.0285	32.171	39.912	87.032	2075.8	0.0019383	6.5046e-05	0.10642	liquid
284.00	2100.0	57.958	0.017254	7.3479	8.0343	32.191	39.912	87.056	2074.5	0.0019481	6.4999e-05	0.10636	liquid
284.07	2100.0	57.940	0.017259	7.3535	8.0401	32.211	39.912	87.081	2073.3	0.0019580	6.4952e-05	0.10630	liquid
284.13	2100.0	57.923	0.017264	7.3591	8.0459	32.232	39.911	87.106	2072.0	0.0019679	6.4905e-05	0.10624	liquid
284.20	2100.0	57.905	0.017270	7.3647	8.0517	32.252	39.911	87.130	2070.7	0.0019779	6.4858e-05	0.10617	liquid
284.27	2100.0	57.887	0.017275	7.3703	8.0575	32.273	39.911	87.155	2069.5	0.0019878	6.4811e-05	0.10611	liquid
284.33	2100.0	57.870	0.017280	7.3759	8.0633	32.293	39.911	87.180	2068.2	0.0019978	6.4764e-05	0.10605	liquid
284.40	2100.0	57.852	0.017285	7.3815	8.0692	32.314	39.911	87.205	2066.9	0.0020078	6.4717e-05	0.10598	liquid
284.47	2100.0	57.835	0.017291	7.3871	8.0750	32.334	39.911	87.230	2065.7	0.0020178	6.4670e-05	0.10592	liquid
284.53	2100.0	57.817	0.017296	7.3927	8.0808	32.355	39.911	87.255	2064.4	0.0020278	6.4624e-05	0.10586	liquid
284.60	2100.0	57.799	0.017301	7.3983	8.0866	32.375	39.911	87.280	2063.2	0.0020379	6.4577e-05	0.10580	liquid
284.67	2100.0	57.782	0.017306	7.4039	8.0924	32.395	39.911	87.305	2061.9	0.0020479	6.4530e-05	0.10573	liquid
284.73	2100.0	57.764	0.017312	7.4095	8.0982	32.416	39.911	87.330	2060.6	0.0020580	6.4483e-05	0.10567	liquid
284.80	2100.0	57.747	0.017317	7.4151	8.1041	32.436	39.911	87.355	2059.4	0.0020681	6.4436e-05	0.10561	liquid
284.87	2100.0	57.729	0.017322	7.4208	8.1099	32.457	39.911	87.380	2058.1	0.0020783	6.4390e-05	0.10555	liquid
284.93	2100.0	57.711	0.017328	7.4264	8.1157	32.477	39.911	87.406	2056.8	0.0020884	6.4343e-05	0.10548	liquid
285.00	2100.0	57.694	0.017333	7.4320	8.1216	32.498	39.911	87.431	2055.6	0.0020986	6.4296e-05	0.10542	liquid
285.07	2100.0	57.676	0.017338	7.4376	8.1274	32.518	39.911	87.456	2054.3	0.0021088	6.4250e-05	0.10536	liquid
285.13	2100.0	57.658	0.017344	7.4432	8.1332	32.539	39.911	87.482	2053.0	0.0021190	6.4203e-05	0.10530	liquid
285.20	2100.0	57.640	0.017349	7.4489	8.1390	32.559	39.911	87.507	2051.8	0.0021292	6.4156e-05	0.10523	liquid
285.27	2100.0	57.623	0.017354	7.4545	8.1449	32.579	39.910	87.533	2050.5	0.0021395	6.4110e-05	0.10517	liquid
285.33	2100.0	57.605	0.017360	7.4601	8.1507	32.600	39.910	87.558	2049.2	0.0021497	6.4063e-05	0.10511	liquid
285.40	2100.0	57.587	0.017365	7.4657	8.1566	32.620	39.910	87.584	2048.0	0.0021600	6.4017e-05	0.10505	liquid
285.47	2100.0	57.569	0.017370	7.4714	8.1624	32.641	39.910	87.610	2046.7	0.0021703	6.3970e-05	0.10498	liquid
285.53	2100.0	57.552	0.017376	7.4770	8.1682	32.661	39.910	87.636	2045.4	0.0021807	6.3924e-05	0.10492	liquid
285.60	2100.0	57.534	0.017381	7.4826	8.1741	32.682	39.910	87.661	2044.2	0.0021910	6.3877e-05	0.10486	liquid
285.67	2100.0	57.516	0.017386	7.4882	8.1799	32.702	39.910	87.687	2042.9	0.0022014	6.3831e-05	0.10480	liquid
285.73	2100.0	57.498	0.017392	7.4939	8.1858	32.723	39.910	87.713	2041.6	0.0022118	6.3784e-05	0.10473	liquid
285.80	2100.0	57.481	0.017397	7.4995	8.1916	32.743	39.910	87.739	2040.4	0.0022222	6.3738e-05	0.10467	liquid
285.87	2100.0	57.463	0.017403	7.5051	8.1975	32.764	39.910	87.765	2039.1	0.0022327	6.3691e-05	0.10461	liquid
285.93	2100.0	57.445	0.017408	7.5108	8.2033	32.784	39.910	87.791	2037.8	0.0022431	6.3645e-05	0.10455	liquid
286.00	2100.0	57.427	0.017413	7.5164	8.2092	32.805	39.910	87.817	2036.6	0.0022536	6.3599e-05	0.10448	liquid
286.07	2100.0	57.409	0.017419	7.5221	8.2150	32.825	39.910	87.843	2035.3	0.0022641	6.3552e-05	0.10442	liquid
286.13	2100.0	57.391	0.017424	7.5277	8.2209	32.845	39.910	87.869	2034.0	0.0022747	6.3506e-05	0.10436	liquid
286.20	2100.0	57.373	0.017430	7.5333	8.2267	32.866	39.910	87.896	2032.8	0.0022852	6.3460e-05	0.10430	liquid
286.27	2100.0	57.356	0.017435	7.5390	8.2326	32.886	39.910	87.922	2031.5	0.0022958	6.3413e-05	0.10423	liquid
286.33	2100.0	57.338	0.017441	7.5446	8.2385	32.907	39.910	87.948	2030.2	0.0023064	6.3367e-05	0.10417	liquid
286.40	2100.0	57.320	0.017446	7.5503	8.2443	32.927	39.910	87.975	2029.0	0.0023170	6.3321e-05	0.10411	liquid
286.47	2100.0	57.302	0.017451	7.5559	8.2502	32.948	39.910	88.001	2027.7	0.0023276	6.3275e-05	0.10405	liquid
286.53	2100.0	57.284	0.017457	7.5616	8.2561	32.968	39.910	88.028	2026.4	0.0023383	6.3228e-05	0.10398	liquid
286.60	2100.0	57.266	0.017462	7.5672	8.2619	32.989	39.910	88.054	2025.2	0.0023489	6.3182e-05	0.10392	liquid
286.67	2100.0	57.248	0.017468	7.5729	8.2678	33.009	39.910	88.081	2023.9	0.0023596	6.3136e-05	0.10386	liquid
286.73	2100.0	57.230	0.017473	7.5785	8.2737	33.030	39.910	88.108	2022.6	0.0023704	6.3090e-05	0.10380	liquid
286.80	2100.0	57.212	0.017479	7.5842	8.2796	33.050	39.910	88.134	2021.3	0.0023811	6.3044e-05	0.10373	liquid
286.87	2100.0	57.194	0.017484	7.5899	8.2854	33.071	39.910	88.161	2020.1	0.0023919	6.2998e-05	0.10367	liquid
286.93	2100.0	57.176	0.017490	7.5955	8.2913	33.091	39.910	88.188	2018.8	0.0024027	6.2952e-05	0.10361	liquid
287.00	2100.0	57.158	0.017495	7.6012	8.2972	33.112	39.910	88.215	2017.5	0.0024135	6.2906e-05	0.10355	liquid
287.07	2100.0	57.140	0.017501	7.6068	8.3031	33.132	39.910	88.242	2016.3	0.0024243	6.2859e-05	0.10349	liquid
287.13	2100.0	57.122	0.017506	7.6125	8.3090	33.153	39.910	88.269	2015.0	0.0024352	6.2813e-05	0.10342	liquid
287.20	2100.0	57.104	0.017512	7.6182	8.3148	33.173	39.910	88.296	2013.7	0.0024460	6.2767e-05	0.10336	liquid
287.27	2100.0	57.086	0.017517	7.6238	8.3207	33.194	39.910	88.323	2012.4	0.0024569	6.2721e-05	0.10330	liquid
287.33	2100.0	57.068	0.017523	7.6295	8.3266	33.214	39.911	88.350	2011.2	0.0024679	6.2675e-05	0.10324	liquid
287.40	2100.0	57.050	0.017529	7.6352	8.3325	33.235	39.911	88.377	2009.9	0.0024788	6.2629e-05	0.10318	liquid
287.47	2100.0	57.032	0.017534	7.6408	8.3384	33.255	39.911	88.405	2008.6	0.0024898	6.2584e-05	0.10311	liquid
287.53	2100.0	57.014	0.017540	7.6465	8.3443	33.276	39.911	88.432	2007.4	0.0025008	6.2538e-05	0.10305	liquid
287.60	2100.0	56.995	0.017545	7.6522	8.3502	33.296	39.911	88.459	2006.1	0.0025118	6.2492e-05	0.10299	liquid
287.67	2100.0	56.977	0.017551	7.6579	8.3561	33.317	39.911	88.487	2004.8	0.0025228	6.2446e-05	0.10293	liquid
287.73	2100.0	56.959	0.017556	7.6635	8.3620	33.337	39.911	88.514	2003.5	0.0025339	6.2400e-05	0.10286	liquid
287.80	2100.0	56.941	0.017562	7.6692	8.3679	33.358	39.911	88.542	2002.3	0.0025450	6.2354e-05	0.10280	liquid
287.87	2100.0	56.923	0.017568	7.6749	8.3738	33.378	39.911	88.570	2001.0	0.0025561	6.2308e-05	0.10274	liquid
287.93	2100.0	56.905	0.017573	7.6806	8.3797	33.399	39.911	88.597	1999.7	0.0025672	6.2262e-05	0.10268	liquid
288.00	2100.0	56.887	0.017579	7.6863	8.3856	33.419	39.911	88.625	1998.4	0.0025783	6.2217e-05	0.10262	liquid
288.07	2100.0	56.868	0.017584	7.6920	8.3915	33.440	39.911	88.653	1997.2	0.0025895	6.2171e-05	0.10255	liquid
288.13	2100.0	56.850	0.017590	7.6976	8.3974	33.460	39.911	88.681	1995.9	0.0026007	6.2125e-05	0.10249	liquid
288.20	2100.0	56.832	0.017596	7.7033	8.4033	33.481	39.911	88.708	1994.6	0.0026119	6.2079e-05	0.10243	liquid
288.27	2100.0	56.814	0.017601	7.7090	8.4093	33.501	39.911	88.736	1993.3	0.0026232	6.2034e-05	0.10237	liquid
288.33	2100.0	56.795	0.017607	7.7147	8.4152	33.522	39.911	88.764	1992.1	0.0026345	6.1988e-05	0.10231	liquid
288.40	2100.0	56.777	0.017613	7.7204	8.4211	33.542	39.912	88.792	1990.8	0.0026457	6.1942e-05	0.10225	liquid
288.47	2100.0	56.759	0.017618	7.7261	8.4270	33.563	39.912	88.821	1989.5	0.0026571	6.1897e-05	0.10218	liquid
288.53	2100.0	56.741	0.017624	7.7318	8.4329	33.583	39.912	88.849	1988.2	0.0026684	6.1851e-05	0.10212	liquid
288.60	2100.0	56.722	0.017630	7.7375	8.4389	33.604	39.912	88.877	1987.0	0.0026798	6.1805e-05	0.10206	liquid
288.67	2100.0	56.704	0.017635	7.7432	8.4448	33.625	39.912	88.905	1985.7	0.0026912	6.1760e-05	0.10200	liquid
288.73	2100.0	56.686	0.017641	7.7489	8.4507	33.645	39.912	88.934	1984.4	0.0027026	6.1714e-05	0.10194	liquid
288.80	2100.0	56.667	0.017647	7.7546	8.4566	33.666	39.912	88.962	1983.1	0.0027140	6.1668e-05	0.10187	liquid
288.87	2100.0	56.649	0.017653	7.7603	8.4626	33.686	39.912	88.991	1981.9	0.0027255	6.1623e-05	0.10181	liquid
288.93	2100.0	56.631	0.017658	7.7660	8.4685	33.707	39.912	89.019	1980.6	0.0027369	6.1577e-05	0.10175	liquid
289.00	2100.0	56.612	0.017664	7.7717	8.4744	33.727	39.912	89.048	1979.3	0.0027485	6.1532e-05	0.10169	liquid
289.07	2100.0	56.594	0.017670	7.7774	8.4804	33.748	39.913	89.076	1978.0	0.0027600	6.1486e-05	0.10163	liquid
289.13	2100.0	56.576	0.017675	7.7831	8.4863	33.768	39.913	89.105	1976.8	0.0027715	6.1441e-05	0.10157	liquid
289.20	2100.0	56.557	0.017681	7.7889	8.4923	33.789	39.913	89.134	1975.5	0.0027831	6.1395e-05	0.10150	liquid
289.27	2100.0	56.539	0.017687	7.7946	8.4982	33.809	39.913	89.163	1974.2	0.0027947	6.1350e-05	0.10144	liquid
289.33	2100.0	56.520	0.017693	7.8003	8.5042	33.830	39.913	89.192	1972.9	0.0028064	6.1304e-05	0.10138	liquid
289.40	2100.0	56.502	0.017698	7.8060	8.5101	33.851	39.913	89.221	1971.6	0.0028180	6.1259e-05	0.10132	liquid
289.47	2100.0	56.484	0.017704	7.8117	8.5160	33.871	39.913	89.250	1970.4	0.0028297	6.1214e-05	0.10126	liquid
289.53	2100.0	56.465	0.017710	7.8174	8.5220	33.892	39.913	89.279	1969.1	0.0028414	6.1168e-05	0.10119	liquid
289.60	2100.0	56.447	0.017716	7.8232	8.5280	33.912	39.914	89.308	1967.8	0.0028531	6.1123e-05	0.10113	liquid
289.67	2100.0	56.428	0.017722	7.8289	8.5339	33.933	39.914	89.337	1966.5	0.0028649	6.1077e-05	0.10107	liquid
289.73	2100.0	56.410	0.017727	7.8346	8.5399	33.953	39.914	89.366	1965.2	0.0028767	6.1032e-05	0.10101	liquid
289.80	2100.0	56.391	0.017733	7.8403	8.5458	33.974	39.914	89.396	1964.0	0.0028885	6.0987e-05	0.10095	liquid
289.87	2100.0	56.373	0.017739	7.8461	8.5518	33.994	39.914	89.425	1962.7	0.0029003	6.0941e-05	0.10089	liquid
289.93	2100.0	56.354	0.017745	7.8518	8.5577	34.015	39.914	89.455	1961.4	0.0029122	6.0896e-05	0.10083	liquid
290.00	2100.0	56.336	0.017751	7.8575	8.5637	34.036	39.915	89.484	1960.1	0.0029240	6.0851e-05	0.10076	liquid
