Temperature (K)	Pressure (psia)	Density (lbm/ft3)	Volume (ft3/lbm)	Internal Energy (kJ/mol)	Enthalpy (kJ/mol)	Entropy (J/mol*K)	Cv (J/mol*K)	Cp (J/mol*K)	Sound Spd. (ft/s)	Joule-Thomson (F/psia)	Viscosity (lbm/ft*s)	Therm. Cond. (W/m*K)	Phase
250.00	3200.0	67.126	0.014897	4.4104	5.3135	20.764	40.372	76.353	2870.8	-0.0019260	9.8992e-05	0.14639	liquid
250.07	3200.0	67.113	0.014900	4.4153	5.3186	20.784	40.371	76.360	2869.7	-0.0019229	9.8924e-05	0.14632	liquid
250.13	3200.0	67.100	0.014903	4.4202	5.3237	20.805	40.370	76.366	2868.6	-0.0019199	9.8857e-05	0.14626	liquid
250.20	3200.0	67.088	0.014906	4.4251	5.3288	20.825	40.368	76.373	2867.4	-0.0019168	9.8789e-05	0.14620	liquid
250.27	3200.0	67.075	0.014909	4.4301	5.3338	20.846	40.367	76.380	2866.3	-0.0019137	9.8722e-05	0.14613	liquid
250.33	3200.0	67.062	0.014912	4.4350	5.3389	20.866	40.366	76.386	2865.2	-0.0019106	9.8654e-05	0.14607	liquid
250.40	3200.0	67.049	0.014914	4.4399	5.3440	20.886	40.365	76.393	2864.1	-0.0019076	9.8587e-05	0.14600	liquid
250.47	3200.0	67.037	0.014917	4.4448	5.3491	20.907	40.364	76.400	2862.9	-0.0019045	9.8519e-05	0.14594	liquid
250.53	3200.0	67.024	0.014920	4.4497	5.3542	20.927	40.363	76.406	2861.8	-0.0019014	9.8452e-05	0.14587	liquid
250.60	3200.0	67.011	0.014923	4.4547	5.3593	20.947	40.362	76.413	2860.7	-0.0018983	9.8385e-05	0.14581	liquid
250.67	3200.0	66.998	0.014926	4.4596	5.3644	20.968	40.360	76.420	2859.6	-0.0018952	9.8318e-05	0.14574	liquid
250.73	3200.0	66.986	0.014929	4.4645	5.3695	20.988	40.359	76.426	2858.5	-0.0018921	9.8251e-05	0.14568	liquid
250.80	3200.0	66.973	0.014931	4.4694	5.3746	21.008	40.358	76.433	2857.3	-0.0018890	9.8184e-05	0.14561	liquid
250.87	3200.0	66.960	0.014934	4.4744	5.3797	21.028	40.357	76.440	2856.2	-0.0018858	9.8117e-05	0.14555	liquid
250.93	3200.0	66.947	0.014937	4.4793	5.3848	21.049	40.356	76.447	2855.1	-0.0018827	9.8050e-05	0.14548	liquid
251.00	3200.0	66.935	0.014940	4.4842	5.3899	21.069	40.355	76.453	2854.0	-0.0018796	9.7984e-05	0.14542	liquid
251.07	3200.0	66.922	0.014943	4.4891	5.3950	21.089	40.353	76.460	2852.9	-0.0018765	9.7917e-05	0.14535	liquid
251.13	3200.0	66.909	0.014946	4.4941	5.4001	21.110	40.352	76.467	2851.7	-0.0018733	9.7850e-05	0.14529	liquid
251.20	3200.0	66.896	0.014949	4.4990	5.4052	21.130	40.351	76.474	2850.6	-0.0018702	9.7784e-05	0.14522	liquid
251.27	3200.0	66.884	0.014951	4.5039	5.4103	21.150	40.350	76.481	2849.5	-0.0018671	9.7717e-05	0.14516	liquid
251.33	3200.0	66.871	0.014954	4.5088	5.4154	21.171	40.349	76.487	2848.4	-0.0018639	9.7651e-05	0.14509	liquid
251.40	3200.0	66.858	0.014957	4.5138	5.4205	21.191	40.348	76.494	2847.3	-0.0018608	9.7585e-05	0.14503	liquid
251.47	3200.0	66.845	0.014960	4.5187	5.4256	21.211	40.347	76.501	2846.1	-0.0018576	9.7518e-05	0.14496	liquid
251.53	3200.0	66.832	0.014963	4.5236	5.4307	21.231	40.345	76.508	2845.0	-0.0018545	9.7452e-05	0.14490	liquid
251.60	3200.0	66.820	0.014966	4.5285	5.4358	21.252	40.344	76.515	2843.9	-0.0018513	9.7386e-05	0.14484	liquid
251.67	3200.0	66.807	0.014969	4.5335	5.4409	21.272	40.343	76.521	2842.8	-0.0018482	9.7320e-05	0.14477	liquid
251.73	3200.0	66.794	0.014971	4.5384	5.4460	21.292	40.342	76.528	2841.7	-0.0018450	9.7254e-05	0.14471	liquid
251.80	3200.0	66.781	0.014974	4.5433	5.4511	21.313	40.341	76.535	2840.6	-0.0018418	9.7188e-05	0.14464	liquid
251.87	3200.0	66.768	0.014977	4.5482	5.4562	21.333	40.340	76.542	2839.4	-0.0018387	9.7122e-05	0.14458	liquid
251.93	3200.0	66.756	0.014980	4.5532	5.4613	21.353	40.339	76.549	2838.3	-0.0018355	9.7056e-05	0.14451	liquid
252.00	3200.0	66.743	0.014983	4.5581	5.4664	21.373	40.338	76.556	2837.2	-0.0018323	9.6990e-05	0.14445	liquid
252.07	3200.0	66.730	0.014986	4.5630	5.4715	21.394	40.336	76.563	2836.1	-0.0018291	9.6925e-05	0.14438	liquid
252.13	3200.0	66.717	0.014989	4.5680	5.4766	21.414	40.335	76.570	2835.0	-0.0018259	9.6859e-05	0.14432	liquid
252.20	3200.0	66.704	0.014992	4.5729	5.4817	21.434	40.334	76.576	2833.8	-0.0018227	9.6793e-05	0.14425	liquid
252.27	3200.0	66.692	0.014994	4.5778	5.4868	21.454	40.333	76.583	2832.7	-0.0018196	9.6728e-05	0.14419	liquid
252.33	3200.0	66.679	0.014997	4.5828	5.4919	21.475	40.332	76.590	2831.6	-0.0018164	9.6662e-05	0.14412	liquid
252.40	3200.0	66.666	0.015000	4.5877	5.4970	21.495	40.331	76.597	2830.5	-0.0018131	9.6597e-05	0.14406	liquid
252.47	3200.0	66.653	0.015003	4.5926	5.5021	21.515	40.330	76.604	2829.4	-0.0018099	9.6532e-05	0.14400	liquid
252.53	3200.0	66.640	0.015006	4.5976	5.5072	21.535	40.329	76.611	2828.3	-0.0018067	9.6466e-05	0.14393	liquid
252.60	3200.0	66.627	0.015009	4.6025	5.5123	21.555	40.328	76.618	2827.1	-0.0018035	9.6401e-05	0.14387	liquid
252.67	3200.0	66.615	0.015012	4.6074	5.5175	21.576	40.326	76.625	2826.0	-0.0018003	9.6336e-05	0.14380	liquid
252.73	3200.0	66.602	0.015015	4.6123	5.5226	21.596	40.325	76.632	2824.9	-0.0017971	9.6271e-05	0.14374	liquid
252.80	3200.0	66.589	0.015018	4.6173	5.5277	21.616	40.324	76.639	2823.8	-0.0017938	9.6206e-05	0.14367	liquid
252.87	3200.0	66.576	0.015020	4.6222	5.5328	21.636	40.323	76.646	2822.7	-0.0017906	9.6141e-05	0.14361	liquid
252.93	3200.0	66.563	0.015023	4.6272	5.5379	21.656	40.322	76.653	2821.6	-0.0017874	9.6076e-05	0.14355	liquid
253.00	3200.0	66.550	0.015026	4.6321	5.5430	21.677	40.321	76.660	2820.4	-0.0017841	9.6011e-05	0.14348	liquid
253.07	3200.0	66.537	0.015029	4.6370	5.5481	21.697	40.320	76.667	2819.3	-0.0017809	9.5947e-05	0.14342	liquid
253.13	3200.0	66.525	0.015032	4.6420	5.5532	21.717	40.319	76.674	2818.2	-0.0017776	9.5882e-05	0.14335	liquid
253.20	3200.0	66.512	0.015035	4.6469	5.5583	21.737	40.318	76.681	2817.1	-0.0017744	9.5817e-05	0.14329	liquid
253.27	3200.0	66.499	0.015038	4.6518	5.5634	21.757	40.317	76.688	2816.0	-0.0017711	9.5753e-05	0.14322	liquid
253.33	3200.0	66.486	0.015041	4.6568	5.5686	21.778	40.315	76.695	2814.9	-0.0017679	9.5688e-05	0.14316	liquid
253.40	3200.0	66.473	0.015044	4.6617	5.5737	21.798	40.314	76.702	2813.7	-0.0017646	9.5624e-05	0.14309	liquid
253.47	3200.0	66.460	0.015047	4.6666	5.5788	21.818	40.313	76.709	2812.6	-0.0017613	9.5559e-05	0.14303	liquid
253.53	3200.0	66.447	0.015050	4.6716	5.5839	21.838	40.312	76.716	2811.5	-0.0017581	9.5495e-05	0.14297	liquid
253.60	3200.0	66.435	0.015052	4.6765	5.5890	21.858	40.311	76.724	2810.4	-0.0017548	9.5431e-05	0.14290	liquid
253.67	3200.0	66.422	0.015055	4.6814	5.5941	21.879	40.310	76.731	2809.3	-0.0017515	9.5366e-05	0.14284	liquid
253.73	3200.0	66.409	0.015058	4.6864	5.5992	21.899	40.309	76.738	2808.2	-0.0017482	9.5302e-05	0.14277	liquid
253.80	3200.0	66.396	0.015061	4.6913	5.6044	21.919	40.308	76.745	2807.0	-0.0017449	9.5238e-05	0.14271	liquid
253.87	3200.0	66.383	0.015064	4.6963	5.6095	21.939	40.307	76.752	2805.9	-0.0017416	9.5174e-05	0.14265	liquid
253.93	3200.0	66.370	0.015067	4.7012	5.6146	21.959	40.306	76.759	2804.8	-0.0017383	9.5110e-05	0.14258	liquid
254.00	3200.0	66.357	0.015070	4.7061	5.6197	21.979	40.305	76.766	2803.7	-0.0017350	9.5046e-05	0.14252	liquid
254.07	3200.0	66.344	0.015073	4.7111	5.6248	21.999	40.304	76.773	2802.6	-0.0017317	9.4982e-05	0.14245	liquid
254.13	3200.0	66.331	0.015076	4.7160	5.6299	22.020	40.303	76.781	2801.5	-0.0017284	9.4919e-05	0.14239	liquid
254.20	3200.0	66.318	0.015079	4.7210	5.6351	22.040	40.301	76.788	2800.3	-0.0017251	9.4855e-05	0.14232	liquid
254.27	3200.0	66.306	0.015082	4.7259	5.6402	22.060	40.300	76.795	2799.2	-0.0017218	9.4791e-05	0.14226	liquid
254.33	3200.0	66.293	0.015085	4.7309	5.6453	22.080	40.299	76.802	2798.1	-0.0017185	9.4728e-05	0.14220	liquid
254.40	3200.0	66.280	0.015088	4.7358	5.6504	22.100	40.298	76.809	2797.0	-0.0017151	9.4664e-05	0.14213	liquid
254.47	3200.0	66.267	0.015091	4.7407	5.6555	22.120	40.297	76.817	2795.9	-0.0017118	9.4601e-05	0.14207	liquid
254.53	3200.0	66.254	0.015093	4.7457	5.6607	22.140	40.296	76.824	2794.8	-0.0017085	9.4537e-05	0.14200	liquid
254.60	3200.0	66.241	0.015096	4.7506	5.6658	22.161	40.295	76.831	2793.7	-0.0017051	9.4474e-05	0.14194	liquid
254.67	3200.0	66.228	0.015099	4.7556	5.6709	22.181	40.294	76.838	2792.5	-0.0017018	9.4411e-05	0.14188	liquid
254.73	3200.0	66.215	0.015102	4.7605	5.6760	22.201	40.293	76.845	2791.4	-0.0016984	9.4347e-05	0.14181	liquid
254.80	3200.0	66.202	0.015105	4.7655	5.6812	22.221	40.292	76.853	2790.3	-0.0016951	9.4284e-05	0.14175	liquid
254.87	3200.0	66.189	0.015108	4.7704	5.6863	22.241	40.291	76.860	2789.2	-0.0016917	9.4221e-05	0.14168	liquid
254.93	3200.0	66.176	0.015111	4.7753	5.6914	22.261	40.290	76.867	2788.1	-0.0016884	9.4158e-05	0.14162	liquid
255.00	3200.0	66.163	0.015114	4.7803	5.6965	22.281	40.289	76.875	2787.0	-0.0016850	9.4095e-05	0.14156	liquid
255.07	3200.0	66.150	0.015117	4.7852	5.7017	22.301	40.288	76.882	2785.9	-0.0016816	9.4032e-05	0.14149	liquid
255.13	3200.0	66.137	0.015120	4.7902	5.7068	22.321	40.287	76.889	2784.7	-0.0016783	9.3969e-05	0.14143	liquid
255.20	3200.0	66.124	0.015123	4.7951	5.7119	22.341	40.286	76.896	2783.6	-0.0016749	9.3906e-05	0.14136	liquid
255.27	3200.0	66.111	0.015126	4.8001	5.7170	22.362	40.285	76.904	2782.5	-0.0016715	9.3844e-05	0.14130	liquid
255.33	3200.0	66.098	0.015129	4.8050	5.7222	22.382	40.284	76.911	2781.4	-0.0016681	9.3781e-05	0.14124	liquid
255.40	3200.0	66.085	0.015132	4.8100	5.7273	22.402	40.282	76.918	2780.3	-0.0016647	9.3718e-05	0.14117	liquid
255.47	3200.0	66.073	0.015135	4.8149	5.7324	22.422	40.281	76.926	2779.2	-0.0016613	9.3656e-05	0.14111	liquid
255.53	3200.0	66.060	0.015138	4.8199	5.7375	22.442	40.280	76.933	2778.1	-0.0016579	9.3593e-05	0.14104	liquid
255.60	3200.0	66.047	0.015141	4.8248	5.7427	22.462	40.279	76.940	2777.0	-0.0016545	9.3531e-05	0.14098	liquid
255.67	3200.0	66.034	0.015144	4.8298	5.7478	22.482	40.278	76.948	2775.8	-0.0016511	9.3468e-05	0.14092	liquid
255.73	3200.0	66.021	0.015147	4.8347	5.7529	22.502	40.277	76.955	2774.7	-0.0016477	9.3406e-05	0.14085	liquid
255.80	3200.0	66.008	0.015150	4.8397	5.7581	22.522	40.276	76.963	2773.6	-0.0016443	9.3343e-05	0.14079	liquid
255.87	3200.0	65.995	0.015153	4.8446	5.7632	22.542	40.275	76.970	2772.5	-0.0016409	9.3281e-05	0.14073	liquid
255.93	3200.0	65.982	0.015156	4.8496	5.7683	22.562	40.274	76.977	2771.4	-0.0016375	9.3219e-05	0.14066	liquid
256.00	3200.0	65.969	0.015159	4.8545	5.7735	22.582	40.273	76.985	2770.3	-0.0016340	9.3157e-05	0.14060	liquid
256.07	3200.0	65.956	0.015162	4.8595	5.7786	22.602	40.272	76.992	2769.2	-0.0016306	9.3095e-05	0.14053	liquid
256.13	3200.0	65.943	0.015165	4.8644	5.7837	22.622	40.271	77.000	2768.1	-0.0016272	9.3033e-05	0.14047	liquid
256.20	3200.0	65.930	0.015168	4.8694	5.7889	22.642	40.270	77.007	2766.9	-0.0016237	9.2971e-05	0.14041	liquid
256.27	3200.0	65.917	0.015171	4.8743	5.7940	22.662	40.269	77.015	2765.8	-0.0016203	9.2909e-05	0.14034	liquid
256.33	3200.0	65.904	0.015174	4.8793	5.7991	22.682	40.268	77.022	2764.7	-0.0016168	9.2847e-05	0.14028	liquid
256.40	3200.0	65.891	0.015177	4.8842	5.8043	22.702	40.267	77.029	2763.6	-0.0016134	9.2785e-05	0.14022	liquid
256.47	3200.0	65.878	0.015180	4.8892	5.8094	22.723	40.266	77.037	2762.5	-0.0016099	9.2724e-05	0.14015	liquid
256.53	3200.0	65.865	0.015183	4.8941	5.8145	22.743	40.265	77.044	2761.4	-0.0016065	9.2662e-05	0.14009	liquid
256.60	3200.0	65.852	0.015186	4.8991	5.8197	22.763	40.264	77.052	2760.3	-0.0016030	9.2600e-05	0.14002	liquid
256.67	3200.0	65.838	0.015189	4.9040	5.8248	22.783	40.263	77.059	2759.2	-0.0015995	9.2539e-05	0.13996	liquid
256.73	3200.0	65.825	0.015192	4.9090	5.8299	22.803	40.262	77.067	2758.1	-0.0015960	9.2477e-05	0.13990	liquid
256.80	3200.0	65.812	0.015195	4.9140	5.8351	22.823	40.261	77.074	2756.9	-0.0015926	9.2416e-05	0.13983	liquid
256.87	3200.0	65.799	0.015198	4.9189	5.8402	22.843	40.260	77.082	2755.8	-0.0015891	9.2354e-05	0.13977	liquid
256.93	3200.0	65.786	0.015201	4.9239	5.8454	22.863	40.259	77.090	2754.7	-0.0015856	9.2293e-05	0.13971	liquid
257.00	3200.0	65.773	0.015204	4.9288	5.8505	22.883	40.258	77.097	2753.6	-0.0015821	9.2232e-05	0.13964	liquid
257.07	3200.0	65.760	0.015207	4.9338	5.8556	22.903	40.257	77.105	2752.5	-0.0015786	9.2171e-05	0.13958	liquid
257.13	3200.0	65.747	0.015210	4.9387	5.8608	22.923	40.256	77.112	2751.4	-0.0015751	9.2109e-05	0.13952	liquid
257.20	3200.0	65.734	0.015213	4.9437	5.8659	22.943	40.255	77.120	2750.3	-0.0015716	9.2048e-05	0.13945	liquid
257.27	3200.0	65.721	0.015216	4.9487	5.8711	22.963	40.254	77.127	2749.2	-0.0015681	9.1987e-05	0.13939	liquid
257.33	3200.0	65.708	0.015219	4.9536	5.8762	22.983	40.253	77.135	2748.1	-0.0015646	9.1926e-05	0.13932	liquid
257.40	3200.0	65.695	0.015222	4.9586	5.8813	23.003	40.252	77.143	2746.9	-0.0015610	9.1865e-05	0.13926	liquid
257.47	3200.0	65.682	0.015225	4.9635	5.8865	23.023	40.251	77.150	2745.8	-0.0015575	9.1804e-05	0.13920	liquid
257.53	3200.0	65.669	0.015228	4.9685	5.8916	23.043	40.250	77.158	2744.7	-0.0015540	9.1744e-05	0.13913	liquid
257.60	3200.0	65.656	0.015231	4.9735	5.8968	23.062	40.249	77.165	2743.6	-0.0015504	9.1683e-05	0.13907	liquid
257.67	3200.0	65.643	0.015234	4.9784	5.9019	23.082	40.248	77.173	2742.5	-0.0015469	9.1622e-05	0.13901	liquid
257.73	3200.0	65.630	0.015237	4.9834	5.9071	23.102	40.247	77.181	2741.4	-0.0015434	9.1562e-05	0.13894	liquid
257.80	3200.0	65.616	0.015240	4.9883	5.9122	23.122	40.246	77.188	2740.3	-0.0015398	9.1501e-05	0.13888	liquid
257.87	3200.0	65.603	0.015243	4.9933	5.9174	23.142	40.245	77.196	2739.2	-0.0015363	9.1440e-05	0.13882	liquid
257.93	3200.0	65.590	0.015246	4.9983	5.9225	23.162	40.244	77.204	2738.1	-0.0015327	9.1380e-05	0.13875	liquid
258.00	3200.0	65.577	0.015249	5.0032	5.9277	23.182	40.243	77.211	2737.0	-0.0015292	9.1319e-05	0.13869	liquid
258.07	3200.0	65.564	0.015252	5.0082	5.9328	23.202	40.242	77.219	2735.8	-0.0015256	9.1259e-05	0.13863	liquid
258.13	3200.0	65.551	0.015255	5.0132	5.9380	23.222	40.241	77.227	2734.7	-0.0015220	9.1199e-05	0.13856	liquid
258.20	3200.0	65.538	0.015258	5.0181	5.9431	23.242	40.240	77.235	2733.6	-0.0015184	9.1138e-05	0.13850	liquid
258.27	3200.0	65.525	0.015261	5.0231	5.9482	23.262	40.239	77.242	2732.5	-0.0015149	9.1078e-05	0.13844	liquid
258.33	3200.0	65.512	0.015264	5.0280	5.9534	23.282	40.238	77.250	2731.4	-0.0015113	9.1018e-05	0.13837	liquid
258.40	3200.0	65.499	0.015268	5.0330	5.9585	23.302	40.237	77.258	2730.3	-0.0015077	9.0958e-05	0.13831	liquid
258.47	3200.0	65.485	0.015271	5.0380	5.9637	23.322	40.236	77.266	2729.2	-0.0015041	9.0898e-05	0.13825	liquid
258.53	3200.0	65.472	0.015274	5.0429	5.9689	23.342	40.235	77.273	2728.1	-0.0015005	9.0838e-05	0.13818	liquid
258.60	3200.0	65.459	0.015277	5.0479	5.9740	23.362	40.234	77.281	2727.0	-0.0014969	9.0778e-05	0.13812	liquid
258.67	3200.0	65.446	0.015280	5.0529	5.9792	23.382	40.233	77.289	2725.9	-0.0014933	9.0718e-05	0.13806	liquid
258.73	3200.0	65.433	0.015283	5.0578	5.9843	23.402	40.232	77.297	2724.8	-0.0014897	9.0658e-05	0.13799	liquid
258.80	3200.0	65.420	0.015286	5.0628	5.9895	23.421	40.232	77.304	2723.7	-0.0014861	9.0598e-05	0.13793	liquid
258.87	3200.0	65.407	0.015289	5.0678	5.9946	23.441	40.231	77.312	2722.5	-0.0014825	9.0539e-05	0.13787	liquid
258.93	3200.0	65.394	0.015292	5.0727	5.9998	23.461	40.230	77.320	2721.4	-0.0014788	9.0479e-05	0.13780	liquid
259.00	3200.0	65.380	0.015295	5.0777	6.0049	23.481	40.229	77.328	2720.3	-0.0014752	9.0419e-05	0.13774	liquid
259.07	3200.0	65.367	0.015298	5.0827	6.0101	23.501	40.228	77.336	2719.2	-0.0014716	9.0360e-05	0.13768	liquid
259.13	3200.0	65.354	0.015301	5.0876	6.0152	23.521	40.227	77.344	2718.1	-0.0014679	9.0300e-05	0.13761	liquid
259.20	3200.0	65.341	0.015304	5.0926	6.0204	23.541	40.226	77.351	2717.0	-0.0014643	9.0241e-05	0.13755	liquid
259.27	3200.0	65.328	0.015307	5.0976	6.0256	23.561	40.225	77.359	2715.9	-0.0014606	9.0181e-05	0.13749	liquid
259.33	3200.0	65.315	0.015311	5.1026	6.0307	23.581	40.224	77.367	2714.8	-0.0014570	9.0122e-05	0.13742	liquid
259.40	3200.0	65.301	0.015314	5.1075	6.0359	23.601	40.223	77.375	2713.7	-0.0014533	9.0063e-05	0.13736	liquid
259.47	3200.0	65.288	0.015317	5.1125	6.0410	23.620	40.222	77.383	2712.6	-0.0014497	9.0003e-05	0.13730	liquid
259.53	3200.0	65.275	0.015320	5.1175	6.0462	23.640	40.221	77.391	2711.5	-0.0014460	8.9944e-05	0.13724	liquid
259.60	3200.0	65.262	0.015323	5.1224	6.0513	23.660	40.220	77.399	2710.4	-0.0014423	8.9885e-05	0.13717	liquid
259.67	3200.0	65.249	0.015326	5.1274	6.0565	23.680	40.219	77.407	2709.3	-0.0014387	8.9826e-05	0.13711	liquid
259.73	3200.0	65.236	0.015329	5.1324	6.0617	23.700	40.218	77.415	2708.1	-0.0014350	8.9767e-05	0.13705	liquid
259.80	3200.0	65.222	0.015332	5.1374	6.0668	23.720	40.217	77.423	2707.0	-0.0014313	8.9708e-05	0.13698	liquid
259.87	3200.0	65.209	0.015335	5.1423	6.0720	23.740	40.216	77.431	2705.9	-0.0014276	8.9649e-05	0.13692	liquid
259.93	3200.0	65.196	0.015338	5.1473	6.0771	23.760	40.215	77.438	2704.8	-0.0014239	8.9590e-05	0.13686	liquid
260.00	3200.0	65.183	0.015341	5.1523	6.0823	23.779	40.214	77.446	2703.7	-0.0014202	8.9531e-05	0.13679	liquid
260.07	3200.0	65.170	0.015345	5.1573	6.0875	23.799	40.214	77.454	2702.6	-0.0014165	8.9472e-05	0.13673	liquid
260.13	3200.0	65.156	0.015348	5.1622	6.0926	23.819	40.213	77.462	2701.5	-0.0014128	8.9414e-05	0.13667	liquid
260.20	3200.0	65.143	0.015351	5.1672	6.0978	23.839	40.212	77.470	2700.4	-0.0014091	8.9355e-05	0.13661	liquid
260.27	3200.0	65.130	0.015354	5.1722	6.1030	23.859	40.211	77.478	2699.3	-0.0014054	8.9296e-05	0.13654	liquid
260.33	3200.0	65.117	0.015357	5.1772	6.1081	23.879	40.210	77.486	2698.2	-0.0014017	8.9238e-05	0.13648	liquid
260.40	3200.0	65.103	0.015360	5.1821	6.1133	23.898	40.209	77.494	2697.1	-0.0013979	8.9179e-05	0.13642	liquid
260.47	3200.0	65.090	0.015363	5.1871	6.1185	23.918	40.208	77.503	2696.0	-0.0013942	8.9121e-05	0.13635	liquid
260.53	3200.0	65.077	0.015366	5.1921	6.1236	23.938	40.207	77.511	2694.9	-0.0013905	8.9062e-05	0.13629	liquid
260.60	3200.0	65.064	0.015370	5.1971	6.1288	23.958	40.206	77.519	2693.8	-0.0013867	8.9004e-05	0.13623	liquid
260.67	3200.0	65.051	0.015373	5.2021	6.1340	23.978	40.205	77.527	2692.7	-0.0013830	8.8946e-05	0.13616	liquid
260.73	3200.0	65.037	0.015376	5.2070	6.1391	23.998	40.204	77.535	2691.6	-0.0013792	8.8887e-05	0.13610	liquid
260.80	3200.0	65.024	0.015379	5.2120	6.1443	24.017	40.203	77.543	2690.5	-0.0013755	8.8829e-05	0.13604	liquid
260.87	3200.0	65.011	0.015382	5.2170	6.1495	24.037	40.202	77.551	2689.3	-0.0013717	8.8771e-05	0.13598	liquid
260.93	3200.0	64.998	0.015385	5.2220	6.1546	24.057	40.202	77.559	2688.2	-0.0013680	8.8713e-05	0.13591	liquid
261.00	3200.0	64.984	0.015388	5.2270	6.1598	24.077	40.201	77.567	2687.1	-0.0013642	8.8655e-05	0.13585	liquid
261.07	3200.0	64.971	0.015391	5.2319	6.1650	24.097	40.200	77.575	2686.0	-0.0013604	8.8597e-05	0.13579	liquid
261.13	3200.0	64.958	0.015395	5.2369	6.1702	24.117	40.199	77.583	2684.9	-0.0013566	8.8539e-05	0.13573	liquid
261.20	3200.0	64.945	0.015398	5.2419	6.1753	24.136	40.198	77.592	2683.8	-0.0013529	8.8481e-05	0.13566	liquid
261.27	3200.0	64.931	0.015401	5.2469	6.1805	24.156	40.197	77.600	2682.7	-0.0013491	8.8423e-05	0.13560	liquid
261.33	3200.0	64.918	0.015404	5.2519	6.1857	24.176	40.196	77.608	2681.6	-0.0013453	8.8365e-05	0.13554	liquid
261.40	3200.0	64.905	0.015407	5.2568	6.1909	24.196	40.195	77.616	2680.5	-0.0013415	8.8307e-05	0.13547	liquid
261.47	3200.0	64.892	0.015410	5.2618	6.1960	24.216	40.194	77.624	2679.4	-0.0013377	8.8250e-05	0.13541	liquid
261.53	3200.0	64.878	0.015413	5.2668	6.2012	24.235	40.193	77.632	2678.3	-0.0013339	8.8192e-05	0.13535	liquid
261.60	3200.0	64.865	0.015417	5.2718	6.2064	24.255	40.193	77.641	2677.2	-0.0013301	8.8134e-05	0.13529	liquid
261.67	3200.0	64.852	0.015420	5.2768	6.2116	24.275	40.192	77.649	2676.1	-0.0013262	8.8077e-05	0.13522	liquid
261.73	3200.0	64.838	0.015423	5.2818	6.2167	24.295	40.191	77.657	2675.0	-0.0013224	8.8019e-05	0.13516	liquid
261.80	3200.0	64.825	0.015426	5.2868	6.2219	24.314	40.190	77.665	2673.9	-0.0013186	8.7962e-05	0.13510	liquid
261.87	3200.0	64.812	0.015429	5.2917	6.2271	24.334	40.189	77.673	2672.8	-0.0013148	8.7905e-05	0.13504	liquid
261.93	3200.0	64.799	0.015432	5.2967	6.2323	24.354	40.188	77.682	2671.7	-0.0013109	8.7847e-05	0.13497	liquid
262.00	3200.0	64.785	0.015436	5.3017	6.2374	24.374	40.187	77.690	2670.6	-0.0013071	8.7790e-05	0.13491	liquid
262.07	3200.0	64.772	0.015439	5.3067	6.2426	24.394	40.186	77.698	2669.5	-0.0013032	8.7733e-05	0.13485	liquid
262.13	3200.0	64.759	0.015442	5.3117	6.2478	24.413	40.185	77.707	2668.4	-0.0012994	8.7675e-05	0.13479	liquid
262.20	3200.0	64.745	0.015445	5.3167	6.2530	24.433	40.185	77.715	2667.3	-0.0012955	8.7618e-05	0.13472	liquid
262.27	3200.0	64.732	0.015448	5.3217	6.2582	24.453	40.184	77.723	2666.2	-0.0012917	8.7561e-05	0.13466	liquid
262.33	3200.0	64.719	0.015451	5.3267	6.2634	24.473	40.183	77.731	2665.1	-0.0012878	8.7504e-05	0.13460	liquid
262.40	3200.0	64.705	0.015455	5.3316	6.2685	24.492	40.182	77.740	2664.0	-0.0012839	8.7447e-05	0.13453	liquid
262.47	3200.0	64.692	0.015458	5.3366	6.2737	24.512	40.181	77.748	2662.9	-0.0012801	8.7390e-05	0.13447	liquid
262.53	3200.0	64.679	0.015461	5.3416	6.2789	24.532	40.180	77.756	2661.7	-0.0012762	8.7333e-05	0.13441	liquid
262.60	3200.0	64.665	0.015464	5.3466	6.2841	24.552	40.179	77.765	2660.6	-0.0012723	8.7276e-05	0.13435	liquid
262.67	3200.0	64.652	0.015467	5.3516	6.2893	24.571	40.178	77.773	2659.5	-0.0012684	8.7219e-05	0.13429	liquid
262.73	3200.0	64.639	0.015471	5.3566	6.2945	24.591	40.177	77.781	2658.4	-0.0012645	8.7163e-05	0.13422	liquid
262.80	3200.0	64.625	0.015474	5.3616	6.2996	24.611	40.177	77.790	2657.3	-0.0012606	8.7106e-05	0.13416	liquid
262.87	3200.0	64.612	0.015477	5.3666	6.3048	24.631	40.176	77.798	2656.2	-0.0012567	8.7049e-05	0.13410	liquid
262.93	3200.0	64.599	0.015480	5.3716	6.3100	24.650	40.175	77.807	2655.1	-0.0012528	8.6993e-05	0.13404	liquid
263.00	3200.0	64.585	0.015483	5.3766	6.3152	24.670	40.174	77.815	2654.0	-0.0012489	8.6936e-05	0.13397	liquid
263.07	3200.0	64.572	0.015487	5.3816	6.3204	24.690	40.173	77.823	2652.9	-0.0012450	8.6880e-05	0.13391	liquid
263.13	3200.0	64.559	0.015490	5.3866	6.3256	24.709	40.172	77.832	2651.8	-0.0012410	8.6823e-05	0.13385	liquid
263.20	3200.0	64.545	0.015493	5.3916	6.3308	24.729	40.171	77.840	2650.7	-0.0012371	8.6767e-05	0.13379	liquid
263.27	3200.0	64.532	0.015496	5.3965	6.3360	24.749	40.171	77.849	2649.6	-0.0012332	8.6710e-05	0.13372	liquid
263.33	3200.0	64.518	0.015499	5.4015	6.3411	24.769	40.170	77.857	2648.5	-0.0012292	8.6654e-05	0.13366	liquid
263.40	3200.0	64.505	0.015503	5.4065	6.3463	24.788	40.169	77.866	2647.4	-0.0012253	8.6598e-05	0.13360	liquid
263.47	3200.0	64.492	0.015506	5.4115	6.3515	24.808	40.168	77.874	2646.3	-0.0012213	8.6541e-05	0.13354	liquid
263.53	3200.0	64.478	0.015509	5.4165	6.3567	24.828	40.167	77.883	2645.2	-0.0012174	8.6485e-05	0.13347	liquid
263.60	3200.0	64.465	0.015512	5.4215	6.3619	24.847	40.166	77.891	2644.1	-0.0012134	8.6429e-05	0.13341	liquid
263.67	3200.0	64.451	0.015516	5.4265	6.3671	24.867	40.165	77.900	2643.0	-0.0012094	8.6373e-05	0.13335	liquid
263.73	3200.0	64.438	0.015519	5.4315	6.3723	24.887	40.165	77.908	2641.9	-0.0012055	8.6317e-05	0.13329	liquid
263.80	3200.0	64.425	0.015522	5.4365	6.3775	24.906	40.164	77.917	2640.8	-0.0012015	8.6261e-05	0.13323	liquid
263.87	3200.0	64.411	0.015525	5.4415	6.3827	24.926	40.163	77.925	2639.7	-0.0011975	8.6205e-05	0.13316	liquid
263.93	3200.0	64.398	0.015528	5.4465	6.3879	24.946	40.162	77.934	2638.6	-0.0011935	8.6149e-05	0.13310	liquid
264.00	3200.0	64.384	0.015532	5.4515	6.3931	24.966	40.161	77.942	2637.5	-0.0011895	8.6093e-05	0.13304	liquid
264.07	3200.0	64.371	0.015535	5.4565	6.3983	24.985	40.160	77.951	2636.4	-0.0011855	8.6037e-05	0.13298	liquid
264.13	3200.0	64.358	0.015538	5.4615	6.4035	25.005	40.160	77.959	2635.3	-0.0011815	8.5982e-05	0.13291	liquid
264.20	3200.0	64.344	0.015541	5.4665	6.4087	25.025	40.159	77.968	2634.2	-0.0011775	8.5926e-05	0.13285	liquid
264.27	3200.0	64.331	0.015545	5.4715	6.4139	25.044	40.158	77.977	2633.1	-0.0011735	8.5870e-05	0.13279	liquid
264.33	3200.0	64.317	0.015548	5.4765	6.4191	25.064	40.157	77.985	2632.0	-0.0011695	8.5814e-05	0.13273	liquid
264.40	3200.0	64.304	0.015551	5.4815	6.4243	25.084	40.156	77.994	2630.9	-0.0011655	8.5759e-05	0.13267	liquid
264.47	3200.0	64.290	0.015554	5.4865	6.4295	25.103	40.155	78.002	2629.8	-0.0011615	8.5703e-05	0.13260	liquid
264.53	3200.0	64.277	0.015558	5.4915	6.4347	25.123	40.155	78.011	2628.7	-0.0011574	8.5648e-05	0.13254	liquid
264.60	3200.0	64.264	0.015561	5.4965	6.4399	25.143	40.154	78.020	2627.6	-0.0011534	8.5592e-05	0.13248	liquid
264.67	3200.0	64.250	0.015564	5.5015	6.4451	25.162	40.153	78.028	2626.5	-0.0011493	8.5537e-05	0.13242	liquid
264.73	3200.0	64.237	0.015567	5.5065	6.4503	25.182	40.152	78.037	2625.4	-0.0011453	8.5482e-05	0.13236	liquid
264.80	3200.0	64.223	0.015571	5.5116	6.4555	25.201	40.151	78.046	2624.3	-0.0011412	8.5426e-05	0.13229	liquid
264.87	3200.0	64.210	0.015574	5.5166	6.4607	25.221	40.150	78.054	2623.2	-0.0011372	8.5371e-05	0.13223	liquid
264.93	3200.0	64.196	0.015577	5.5216	6.4659	25.241	40.150	78.063	2622.1	-0.0011331	8.5316e-05	0.13217	liquid
265.00	3200.0	64.183	0.015580	5.5266	6.4711	25.260	40.149	78.072	2621.0	-0.0011290	8.5261e-05	0.13211	liquid
265.07	3200.0	64.169	0.015584	5.5316	6.4763	25.280	40.148	78.080	2619.9	-0.0011250	8.5206e-05	0.13205	liquid
265.13	3200.0	64.156	0.015587	5.5366	6.4815	25.300	40.147	78.089	2618.8	-0.0011209	8.5151e-05	0.13198	liquid
265.20	3200.0	64.142	0.015590	5.5416	6.4867	25.319	40.146	78.098	2617.7	-0.0011168	8.5096e-05	0.13192	liquid
265.27	3200.0	64.129	0.015594	5.5466	6.4919	25.339	40.145	78.107	2616.6	-0.0011127	8.5041e-05	0.13186	liquid
265.33	3200.0	64.115	0.015597	5.5516	6.4971	25.359	40.145	78.115	2615.5	-0.0011086	8.4986e-05	0.13180	liquid
265.40	3200.0	64.102	0.015600	5.5566	6.5023	25.378	40.144	78.124	2614.4	-0.0011045	8.4931e-05	0.13174	liquid
265.47	3200.0	64.088	0.015603	5.5616	6.5075	25.398	40.143	78.133	2613.3	-0.0011004	8.4876e-05	0.13167	liquid
265.53	3200.0	64.075	0.015607	5.5666	6.5127	25.417	40.142	78.142	2612.2	-0.0010963	8.4821e-05	0.13161	liquid
265.60	3200.0	64.062	0.015610	5.5716	6.5180	25.437	40.141	78.151	2611.1	-0.0010922	8.4766e-05	0.13155	liquid
265.67	3200.0	64.048	0.015613	5.5767	6.5232	25.457	40.141	78.159	2610.0	-0.0010881	8.4712e-05	0.13149	liquid
265.73	3200.0	64.034	0.015617	5.5817	6.5284	25.476	40.140	78.168	2608.9	-0.0010839	8.4657e-05	0.13143	liquid
265.80	3200.0	64.021	0.015620	5.5867	6.5336	25.496	40.139	78.177	2607.8	-0.0010798	8.4602e-05	0.13136	liquid
265.87	3200.0	64.007	0.015623	5.5917	6.5388	25.516	40.138	78.186	2606.7	-0.0010757	8.4548e-05	0.13130	liquid
265.93	3200.0	63.994	0.015626	5.5967	6.5440	25.535	40.137	78.195	2605.6	-0.0010715	8.4493e-05	0.13124	liquid
266.00	3200.0	63.980	0.015630	5.6017	6.5492	25.555	40.137	78.204	2604.5	-0.0010674	8.4439e-05	0.13118	liquid
266.07	3200.0	63.967	0.015633	5.6067	6.5544	25.574	40.136	78.212	2603.4	-0.0010632	8.4384e-05	0.13112	liquid
266.13	3200.0	63.953	0.015636	5.6117	6.5597	25.594	40.135	78.221	2602.3	-0.0010591	8.4330e-05	0.13106	liquid
266.20	3200.0	63.940	0.015640	5.6168	6.5649	25.614	40.134	78.230	2601.2	-0.0010549	8.4276e-05	0.13099	liquid
266.27	3200.0	63.926	0.015643	5.6218	6.5701	25.633	40.133	78.239	2600.1	-0.0010507	8.4221e-05	0.13093	liquid
266.33	3200.0	63.913	0.015646	5.6268	6.5753	25.653	40.133	78.248	2599.0	-0.0010466	8.4167e-05	0.13087	liquid
266.40	3200.0	63.899	0.015650	5.6318	6.5805	25.672	40.132	78.257	2597.9	-0.0010424	8.4113e-05	0.13081	liquid
266.47	3200.0	63.886	0.015653	5.6368	6.5857	25.692	40.131	78.266	2596.8	-0.0010382	8.4059e-05	0.13075	liquid
266.53	3200.0	63.872	0.015656	5.6418	6.5909	25.711	40.130	78.275	2595.8	-0.0010340	8.4004e-05	0.13069	liquid
266.60	3200.0	63.859	0.015660	5.6469	6.5962	25.731	40.129	78.284	2594.7	-0.0010298	8.3950e-05	0.13062	liquid
266.67	3200.0	63.845	0.015663	5.6519	6.6014	25.751	40.129	78.293	2593.6	-0.0010256	8.3896e-05	0.13056	liquid
266.73	3200.0	63.831	0.015666	5.6569	6.6066	25.770	40.128	78.302	2592.5	-0.0010214	8.3842e-05	0.13050	liquid
266.80	3200.0	63.818	0.015670	5.6619	6.6118	25.790	40.127	78.311	2591.4	-0.0010172	8.3788e-05	0.13044	liquid
266.87	3200.0	63.804	0.015673	5.6669	6.6170	25.809	40.126	78.320	2590.3	-0.0010130	8.3734e-05	0.13038	liquid
266.93	3200.0	63.791	0.015676	5.6720	6.6223	25.829	40.126	78.329	2589.2	-0.0010087	8.3681e-05	0.13032	liquid
267.00	3200.0	63.777	0.015680	5.6770	6.6275	25.848	40.125	78.338	2588.1	-0.0010045	8.3627e-05	0.13025	liquid
267.07	3200.0	63.764	0.015683	5.6820	6.6327	25.868	40.124	78.347	2587.0	-0.0010003	8.3573e-05	0.13019	liquid
267.13	3200.0	63.750	0.015686	5.6870	6.6379	25.888	40.123	78.356	2585.9	-0.00099604	8.3519e-05	0.13013	liquid
267.20	3200.0	63.736	0.015690	5.6920	6.6432	25.907	40.122	78.365	2584.8	-0.00099180	8.3466e-05	0.13007	liquid
267.27	3200.0	63.723	0.015693	5.6971	6.6484	25.927	40.122	78.374	2583.7	-0.00098755	8.3412e-05	0.13001	liquid
267.33	3200.0	63.709	0.015696	5.7021	6.6536	25.946	40.121	78.383	2582.6	-0.00098329	8.3358e-05	0.12995	liquid
267.40	3200.0	63.696	0.015700	5.7071	6.6588	25.966	40.120	78.392	2581.5	-0.00097903	8.3305e-05	0.12989	liquid
267.47	3200.0	63.682	0.015703	5.7121	6.6641	25.985	40.119	78.401	2580.4	-0.00097476	8.3251e-05	0.12982	liquid
267.53	3200.0	63.668	0.015706	5.7171	6.6693	26.005	40.119	78.410	2579.3	-0.00097049	8.3198e-05	0.12976	liquid
267.60	3200.0	63.655	0.015710	5.7222	6.6745	26.024	40.118	78.419	2578.2	-0.00096621	8.3144e-05	0.12970	liquid
267.67	3200.0	63.641	0.015713	5.7272	6.6797	26.044	40.117	78.428	2577.1	-0.00096193	8.3091e-05	0.12964	liquid
267.73	3200.0	63.628	0.015716	5.7322	6.6850	26.063	40.116	78.437	2576.0	-0.00095764	8.3038e-05	0.12958	liquid
267.80	3200.0	63.614	0.015720	5.7372	6.6902	26.083	40.116	78.447	2574.9	-0.00095334	8.2984e-05	0.12952	liquid
267.87	3200.0	63.600	0.015723	5.7423	6.6954	26.102	40.115	78.456	2573.8	-0.00094904	8.2931e-05	0.12946	liquid
267.93	3200.0	63.587	0.015727	5.7473	6.7007	26.122	40.114	78.465	2572.7	-0.00094473	8.2878e-05	0.12939	liquid
268.00	3200.0	63.573	0.015730	5.7523	6.7059	26.142	40.113	78.474	2571.6	-0.00094042	8.2825e-05	0.12933	liquid
268.07	3200.0	63.559	0.015733	5.7574	6.7111	26.161	40.112	78.483	2570.5	-0.00093610	8.2772e-05	0.12927	liquid
268.13	3200.0	63.546	0.015737	5.7624	6.7164	26.181	40.112	78.492	2569.4	-0.00093178	8.2719e-05	0.12921	liquid
268.20	3200.0	63.532	0.015740	5.7674	6.7216	26.200	40.111	78.502	2568.4	-0.00092745	8.2665e-05	0.12915	liquid
268.27	3200.0	63.518	0.015743	5.7724	6.7268	26.220	40.110	78.511	2567.3	-0.00092312	8.2612e-05	0.12909	liquid
268.33	3200.0	63.505	0.015747	5.7775	6.7321	26.239	40.109	78.520	2566.2	-0.00091878	8.2560e-05	0.12903	liquid
268.40	3200.0	63.491	0.015750	5.7825	6.7373	26.259	40.109	78.529	2565.1	-0.00091443	8.2507e-05	0.12897	liquid
268.47	3200.0	63.477	0.015754	5.7875	6.7425	26.278	40.108	78.539	2564.0	-0.00091008	8.2454e-05	0.12890	liquid
268.53	3200.0	63.464	0.015757	5.7926	6.7478	26.298	40.107	78.548	2562.9	-0.00090572	8.2401e-05	0.12884	liquid
268.60	3200.0	63.450	0.015760	5.7976	6.7530	26.317	40.106	78.557	2561.8	-0.00090136	8.2348e-05	0.12878	liquid
268.67	3200.0	63.436	0.015764	5.8026	6.7582	26.337	40.106	78.566	2560.7	-0.00089699	8.2295e-05	0.12872	liquid
268.73	3200.0	63.423	0.015767	5.8076	6.7635	26.356	40.105	78.576	2559.6	-0.00089262	8.2243e-05	0.12866	liquid
268.80	3200.0	63.409	0.015771	5.8127	6.7687	26.376	40.104	78.585	2558.5	-0.00088824	8.2190e-05	0.12860	liquid
268.87	3200.0	63.395	0.015774	5.8177	6.7740	26.395	40.104	78.594	2557.4	-0.00088386	8.2137e-05	0.12854	liquid
268.93	3200.0	63.382	0.015777	5.8227	6.7792	26.415	40.103	78.603	2556.3	-0.00087946	8.2085e-05	0.12848	liquid
269.00	3200.0	63.368	0.015781	5.8278	6.7844	26.434	40.102	78.613	2555.2	-0.00087507	8.2032e-05	0.12841	liquid
269.07	3200.0	63.354	0.015784	5.8328	6.7897	26.454	40.101	78.622	2554.1	-0.00087067	8.1980e-05	0.12835	liquid
269.13	3200.0	63.341	0.015788	5.8379	6.7949	26.473	40.101	78.632	2553.0	-0.00086626	8.1927e-05	0.12829	liquid
269.20	3200.0	63.327	0.015791	5.8429	6.8002	26.493	40.100	78.641	2551.9	-0.00086184	8.1875e-05	0.12823	liquid
269.27	3200.0	63.313	0.015795	5.8479	6.8054	26.512	40.099	78.650	2550.8	-0.00085742	8.1823e-05	0.12817	liquid
269.33	3200.0	63.299	0.015798	5.8530	6.8107	26.531	40.098	78.660	2549.8	-0.00085300	8.1770e-05	0.12811	liquid
269.40	3200.0	63.286	0.015801	5.8580	6.8159	26.551	40.098	78.669	2548.7	-0.00084857	8.1718e-05	0.12805	liquid
269.47	3200.0	63.272	0.015805	5.8630	6.8211	26.570	40.097	78.678	2547.6	-0.00084413	8.1666e-05	0.12799	liquid
269.53	3200.0	63.258	0.015808	5.8681	6.8264	26.590	40.096	78.688	2546.5	-0.00083969	8.1613e-05	0.12793	liquid
269.60	3200.0	63.245	0.015812	5.8731	6.8316	26.609	40.095	78.697	2545.4	-0.00083524	8.1561e-05	0.12787	liquid
269.67	3200.0	63.231	0.015815	5.8781	6.8369	26.629	40.095	78.707	2544.3	-0.00083079	8.1509e-05	0.12780	liquid
269.73	3200.0	63.217	0.015819	5.8832	6.8421	26.648	40.094	78.716	2543.2	-0.00082633	8.1457e-05	0.12774	liquid
269.80	3200.0	63.203	0.015822	5.8882	6.8474	26.668	40.093	78.726	2542.1	-0.00082186	8.1405e-05	0.12768	liquid
269.87	3200.0	63.190	0.015825	5.8933	6.8526	26.687	40.093	78.735	2541.0	-0.00081739	8.1353e-05	0.12762	liquid
269.93	3200.0	63.176	0.015829	5.8983	6.8579	26.707	40.092	78.745	2539.9	-0.00081291	8.1301e-05	0.12756	liquid
270.00	3200.0	63.162	0.015832	5.9033	6.8631	26.726	40.091	78.754	2538.8	-0.00080843	8.1249e-05	0.12750	liquid
270.07	3200.0	63.148	0.015836	5.9084	6.8684	26.745	40.090	78.764	2537.7	-0.00080394	8.1197e-05	0.12744	liquid
270.13	3200.0	63.135	0.015839	5.9134	6.8736	26.765	40.090	78.773	2536.6	-0.00079944	8.1145e-05	0.12738	liquid
270.20	3200.0	63.121	0.015843	5.9185	6.8789	26.784	40.089	78.783	2535.5	-0.00079494	8.1094e-05	0.12732	liquid
270.27	3200.0	63.107	0.015846	5.9235	6.8841	26.804	40.088	78.792	2534.5	-0.00079044	8.1042e-05	0.12726	liquid
270.33	3200.0	63.093	0.015850	5.9286	6.8894	26.823	40.088	78.802	2533.4	-0.00078592	8.0990e-05	0.12720	liquid
270.40	3200.0	63.079	0.015853	5.9336	6.8946	26.843	40.087	78.811	2532.3	-0.00078141	8.0938e-05	0.12713	liquid
270.47	3200.0	63.066	0.015856	5.9386	6.8999	26.862	40.086	78.821	2531.2	-0.00077688	8.0887e-05	0.12707	liquid
270.53	3200.0	63.052	0.015860	5.9437	6.9051	26.882	40.086	78.830	2530.1	-0.00077235	8.0835e-05	0.12701	liquid
270.60	3200.0	63.038	0.015863	5.9487	6.9104	26.901	40.085	78.840	2529.0	-0.00076781	8.0784e-05	0.12695	liquid
270.67	3200.0	63.024	0.015867	5.9538	6.9157	26.920	40.084	78.849	2527.9	-0.00076327	8.0732e-05	0.12689	liquid
270.73	3200.0	63.011	0.015870	5.9588	6.9209	26.940	40.083	78.859	2526.8	-0.00075872	8.0681e-05	0.12683	liquid
270.80	3200.0	62.997	0.015874	5.9639	6.9262	26.959	40.083	78.869	2525.7	-0.00075417	8.0629e-05	0.12677	liquid
270.87	3200.0	62.983	0.015877	5.9689	6.9314	26.979	40.082	78.878	2524.6	-0.00074961	8.0578e-05	0.12671	liquid
270.93	3200.0	62.969	0.015881	5.9740	6.9367	26.998	40.081	78.888	2523.5	-0.00074504	8.0526e-05	0.12665	liquid
271.00	3200.0	62.955	0.015884	5.9790	6.9420	27.017	40.081	78.898	2522.4	-0.00074047	8.0475e-05	0.12659	liquid
271.07	3200.0	62.941	0.015888	5.9841	6.9472	27.037	40.080	78.907	2521.4	-0.00073589	8.0424e-05	0.12653	liquid
271.13	3200.0	62.928	0.015891	5.9891	6.9525	27.056	40.079	78.917	2520.3	-0.00073131	8.0373e-05	0.12647	liquid
271.20	3200.0	62.914	0.015895	5.9942	6.9577	27.076	40.079	78.927	2519.2	-0.00072672	8.0321e-05	0.12641	liquid
271.27	3200.0	62.900	0.015898	5.9992	6.9630	27.095	40.078	78.936	2518.1	-0.00072212	8.0270e-05	0.12634	liquid
271.33	3200.0	62.886	0.015902	6.0043	6.9683	27.114	40.077	78.946	2517.0	-0.00071752	8.0219e-05	0.12628	liquid
271.40	3200.0	62.872	0.015905	6.0093	6.9735	27.134	40.077	78.956	2515.9	-0.00071291	8.0168e-05	0.12622	liquid
271.47	3200.0	62.858	0.015909	6.0144	6.9788	27.153	40.076	78.966	2514.8	-0.00070830	8.0117e-05	0.12616	liquid
271.53	3200.0	62.845	0.015912	6.0194	6.9840	27.173	40.075	78.975	2513.7	-0.00070368	8.0066e-05	0.12610	liquid
271.60	3200.0	62.831	0.015916	6.0245	6.9893	27.192	40.074	78.985	2512.6	-0.00069905	8.0015e-05	0.12604	liquid
271.67	3200.0	62.817	0.015919	6.0295	6.9946	27.211	40.074	78.995	2511.5	-0.00069442	7.9964e-05	0.12598	liquid
271.73	3200.0	62.803	0.015923	6.0346	6.9998	27.231	40.073	79.005	2510.5	-0.00068978	7.9913e-05	0.12592	liquid
271.80	3200.0	62.789	0.015926	6.0396	7.0051	27.250	40.072	79.014	2509.4	-0.00068514	7.9862e-05	0.12586	liquid
271.87	3200.0	62.775	0.015930	6.0447	7.0104	27.270	40.072	79.024	2508.3	-0.00068049	7.9812e-05	0.12580	liquid
271.93	3200.0	62.761	0.015933	6.0497	7.0157	27.289	40.071	79.034	2507.2	-0.00067583	7.9761e-05	0.12574	liquid
272.00	3200.0	62.748	0.015937	6.0548	7.0209	27.308	40.070	79.044	2506.1	-0.00067117	7.9710e-05	0.12568	liquid
272.07	3200.0	62.734	0.015940	6.0599	7.0262	27.328	40.070	79.054	2505.0	-0.00066650	7.9659e-05	0.12562	liquid
272.13	3200.0	62.720	0.015944	6.0649	7.0315	27.347	40.069	79.063	2503.9	-0.00066182	7.9609e-05	0.12556	liquid
272.20	3200.0	62.706	0.015947	6.0700	7.0367	27.366	40.068	79.073	2502.8	-0.00065714	7.9558e-05	0.12550	liquid
272.27	3200.0	62.692	0.015951	6.0750	7.0420	27.386	40.068	79.083	2501.7	-0.00065246	7.9508e-05	0.12544	liquid
272.33	3200.0	62.678	0.015955	6.0801	7.0473	27.405	40.067	79.093	2500.6	-0.00064776	7.9457e-05	0.12538	liquid
272.40	3200.0	62.664	0.015958	6.0851	7.0526	27.425	40.066	79.103	2499.6	-0.00064306	7.9407e-05	0.12532	liquid
272.47	3200.0	62.650	0.015962	6.0902	7.0578	27.444	40.066	79.113	2498.5	-0.00063836	7.9356e-05	0.12526	liquid
272.53	3200.0	62.636	0.015965	6.0953	7.0631	27.463	40.065	79.123	2497.4	-0.00063365	7.9306e-05	0.12520	liquid
272.60	3200.0	62.623	0.015969	6.1003	7.0684	27.483	40.064	79.133	2496.3	-0.00062893	7.9255e-05	0.12514	liquid
272.67	3200.0	62.609	0.015972	6.1054	7.0736	27.502	40.064	79.143	2495.2	-0.00062420	7.9205e-05	0.12508	liquid
272.73	3200.0	62.595	0.015976	6.1104	7.0789	27.521	40.063	79.153	2494.1	-0.00061947	7.9155e-05	0.12501	liquid
272.80	3200.0	62.581	0.015979	6.1155	7.0842	27.541	40.062	79.162	2493.0	-0.00061474	7.9104e-05	0.12495	liquid
272.87	3200.0	62.567	0.015983	6.1206	7.0895	27.560	40.062	79.172	2491.9	-0.00060999	7.9054e-05	0.12489	liquid
272.93	3200.0	62.553	0.015986	6.1256	7.0948	27.579	40.061	79.182	2490.8	-0.00060524	7.9004e-05	0.12483	liquid
273.00	3200.0	62.539	0.015990	6.1307	7.1000	27.599	40.060	79.192	2489.8	-0.00060049	7.8954e-05	0.12477	liquid
273.07	3200.0	62.525	0.015994	6.1358	7.1053	27.618	40.060	79.202	2488.7	-0.00059573	7.8904e-05	0.12471	liquid
273.13	3200.0	62.511	0.015997	6.1408	7.1106	27.637	40.059	79.212	2487.6	-0.00059096	7.8854e-05	0.12465	liquid
273.20	3200.0	62.497	0.016001	6.1459	7.1159	27.657	40.059	79.222	2486.5	-0.00058618	7.8804e-05	0.12459	liquid
273.27	3200.0	62.483	0.016004	6.1510	7.1212	27.676	40.058	79.232	2485.4	-0.00058140	7.8754e-05	0.12453	liquid
273.33	3200.0	62.469	0.016008	6.1560	7.1264	27.695	40.057	79.242	2484.3	-0.00057662	7.8704e-05	0.12447	liquid
273.40	3200.0	62.455	0.016011	6.1611	7.1317	27.715	40.057	79.253	2483.2	-0.00057182	7.8654e-05	0.12441	liquid
273.47	3200.0	62.441	0.016015	6.1662	7.1370	27.734	40.056	79.263	2482.1	-0.00056702	7.8604e-05	0.12435	liquid
273.53	3200.0	62.427	0.016019	6.1712	7.1423	27.753	40.055	79.273	2481.1	-0.00056222	7.8554e-05	0.12429	liquid
273.60	3200.0	62.413	0.016022	6.1763	7.1476	27.773	40.055	79.283	2480.0	-0.00055740	7.8504e-05	0.12423	liquid
273.67	3200.0	62.399	0.016026	6.1814	7.1529	27.792	40.054	79.293	2478.9	-0.00055258	7.8454e-05	0.12417	liquid
273.73	3200.0	62.385	0.016029	6.1864	7.1582	27.811	40.053	79.303	2477.8	-0.00054776	7.8405e-05	0.12411	liquid
273.80	3200.0	62.371	0.016033	6.1915	7.1634	27.831	40.053	79.313	2476.7	-0.00054293	7.8355e-05	0.12405	liquid
273.87	3200.0	62.357	0.016037	6.1966	7.1687	27.850	40.052	79.323	2475.6	-0.00053809	7.8305e-05	0.12399	liquid
273.93	3200.0	62.343	0.016040	6.2016	7.1740	27.869	40.051	79.333	2474.5	-0.00053325	7.8256e-05	0.12393	liquid
274.00	3200.0	62.329	0.016044	6.2067	7.1793	27.888	40.051	79.344	2473.4	-0.00052840	7.8206e-05	0.12387	liquid
274.07	3200.0	62.315	0.016047	6.2118	7.1846	27.908	40.050	79.354	2472.4	-0.00052354	7.8156e-05	0.12381	liquid
274.13	3200.0	62.301	0.016051	6.2168	7.1899	27.927	40.050	79.364	2471.3	-0.00051867	7.8107e-05	0.12375	liquid
274.20	3200.0	62.287	0.016055	6.2219	7.1952	27.946	40.049	79.374	2470.2	-0.00051380	7.8057e-05	0.12369	liquid
274.27	3200.0	62.273	0.016058	6.2270	7.2005	27.966	40.048	79.384	2469.1	-0.00050893	7.8008e-05	0.12363	liquid
274.33	3200.0	62.259	0.016062	6.2321	7.2058	27.985	40.048	79.395	2468.0	-0.00050405	7.7958e-05	0.12357	liquid
274.40	3200.0	62.245	0.016065	6.2371	7.2111	28.004	40.047	79.405	2466.9	-0.00049916	7.7909e-05	0.12351	liquid
274.47	3200.0	62.231	0.016069	6.2422	7.2164	28.024	40.046	79.415	2465.8	-0.00049426	7.7860e-05	0.12345	liquid
274.53	3200.0	62.217	0.016073	6.2473	7.2216	28.043	40.046	79.425	2464.8	-0.00048936	7.7810e-05	0.12339	liquid
274.60	3200.0	62.203	0.016076	6.2524	7.2269	28.062	40.045	79.436	2463.7	-0.00048445	7.7761e-05	0.12333	liquid
274.67	3200.0	62.189	0.016080	6.2574	7.2322	28.081	40.045	79.446	2462.6	-0.00047953	7.7712e-05	0.12327	liquid
274.73	3200.0	62.175	0.016084	6.2625	7.2375	28.101	40.044	79.456	2461.5	-0.00047461	7.7663e-05	0.12321	liquid
274.80	3200.0	62.161	0.016087	6.2676	7.2428	28.120	40.043	79.466	2460.4	-0.00046968	7.7614e-05	0.12315	liquid
274.87	3200.0	62.147	0.016091	6.2727	7.2481	28.139	40.043	79.477	2459.3	-0.00046475	7.7564e-05	0.12309	liquid
274.93	3200.0	62.133	0.016095	6.2778	7.2534	28.159	40.042	79.487	2458.2	-0.00045981	7.7515e-05	0.12303	liquid
275.00	3200.0	62.119	0.016098	6.2828	7.2587	28.178	40.042	79.497	2457.1	-0.00045486	7.7466e-05	0.12297	liquid
275.07	3200.0	62.105	0.016102	6.2879	7.2640	28.197	40.041	79.508	2456.1	-0.00044990	7.7417e-05	0.12291	liquid
275.13	3200.0	62.091	0.016105	6.2930	7.2693	28.216	40.040	79.518	2455.0	-0.00044494	7.7368e-05	0.12285	liquid
275.20	3200.0	62.077	0.016109	6.2981	7.2746	28.236	40.040	79.528	2453.9	-0.00043998	7.7319e-05	0.12279	liquid
275.27	3200.0	62.063	0.016113	6.3031	7.2799	28.255	40.039	79.539	2452.8	-0.00043500	7.7271e-05	0.12273	liquid
275.33	3200.0	62.048	0.016116	6.3082	7.2852	28.274	40.039	79.549	2451.7	-0.00043002	7.7222e-05	0.12267	liquid
275.40	3200.0	62.034	0.016120	6.3133	7.2905	28.293	40.038	79.560	2450.6	-0.00042503	7.7173e-05	0.12261	liquid
275.47	3200.0	62.020	0.016124	6.3184	7.2958	28.313	40.037	79.570	2449.6	-0.00042004	7.7124e-05	0.12256	liquid
275.53	3200.0	62.006	0.016127	6.3235	7.3011	28.332	40.037	79.580	2448.5	-0.00041504	7.7075e-05	0.12250	liquid
275.60	3200.0	61.992	0.016131	6.3286	7.3065	28.351	40.036	79.591	2447.4	-0.00041003	7.7027e-05	0.12244	liquid
275.67	3200.0	61.978	0.016135	6.3336	7.3118	28.370	40.036	79.601	2446.3	-0.00040502	7.6978e-05	0.12238	liquid
275.73	3200.0	61.964	0.016138	6.3387	7.3171	28.390	40.035	79.612	2445.2	-0.00040000	7.6929e-05	0.12232	liquid
275.80	3200.0	61.950	0.016142	6.3438	7.3224	28.409	40.034	79.622	2444.1	-0.00039497	7.6881e-05	0.12226	liquid
275.87	3200.0	61.936	0.016146	6.3489	7.3277	28.428	40.034	79.633	2443.0	-0.00038993	7.6832e-05	0.12220	liquid
275.93	3200.0	61.921	0.016149	6.3540	7.3330	28.447	40.033	79.643	2442.0	-0.00038489	7.6783e-05	0.12214	liquid
276.00	3200.0	61.907	0.016153	6.3591	7.3383	28.467	40.033	79.654	2440.9	-0.00037984	7.6735e-05	0.12208	liquid
276.07	3200.0	61.893	0.016157	6.3642	7.3436	28.486	40.032	79.664	2439.8	-0.00037479	7.6686e-05	0.12202	liquid
276.13	3200.0	61.879	0.016161	6.3692	7.3489	28.505	40.031	79.675	2438.7	-0.00036973	7.6638e-05	0.12196	liquid
276.20	3200.0	61.865	0.016164	6.3743	7.3542	28.524	40.031	79.685	2437.6	-0.00036466	7.6590e-05	0.12190	liquid
276.27	3200.0	61.851	0.016168	6.3794	7.3595	28.544	40.030	79.696	2436.5	-0.00035959	7.6541e-05	0.12184	liquid
276.33	3200.0	61.837	0.016172	6.3845	7.3649	28.563	40.030	79.706	2435.5	-0.00035451	7.6493e-05	0.12178	liquid
276.40	3200.0	61.822	0.016175	6.3896	7.3702	28.582	40.029	79.717	2434.4	-0.00034942	7.6445e-05	0.12172	liquid
276.47	3200.0	61.808	0.016179	6.3947	7.3755	28.601	40.028	79.728	2433.3	-0.00034432	7.6396e-05	0.12166	liquid
276.53	3200.0	61.794	0.016183	6.3998	7.3808	28.620	40.028	79.738	2432.2	-0.00033922	7.6348e-05	0.12160	liquid
276.60	3200.0	61.780	0.016186	6.4049	7.3861	28.640	40.027	79.749	2431.1	-0.00033411	7.6300e-05	0.12154	liquid
276.67	3200.0	61.766	0.016190	6.4100	7.3914	28.659	40.027	79.759	2430.0	-0.00032900	7.6252e-05	0.12148	liquid
276.73	3200.0	61.752	0.016194	6.4151	7.3968	28.678	40.026	79.770	2429.0	-0.00032387	7.6204e-05	0.12142	liquid
276.80	3200.0	61.737	0.016198	6.4202	7.4021	28.697	40.026	79.781	2427.9	-0.00031875	7.6155e-05	0.12136	liquid
276.87	3200.0	61.723	0.016201	6.4252	7.4074	28.717	40.025	79.791	2426.8	-0.00031361	7.6107e-05	0.12131	liquid
276.93	3200.0	61.709	0.016205	6.4303	7.4127	28.736	40.024	79.802	2425.7	-0.00030847	7.6059e-05	0.12125	liquid
277.00	3200.0	61.695	0.016209	6.4354	7.4180	28.755	40.024	79.813	2424.6	-0.00030332	7.6011e-05	0.12119	liquid
277.07	3200.0	61.681	0.016213	6.4405	7.4234	28.774	40.023	79.823	2423.5	-0.00029816	7.5963e-05	0.12113	liquid
277.13	3200.0	61.666	0.016216	6.4456	7.4287	28.793	40.023	79.834	2422.5	-0.00029300	7.5915e-05	0.12107	liquid
277.20	3200.0	61.652	0.016220	6.4507	7.4340	28.813	40.022	79.845	2421.4	-0.00028783	7.5868e-05	0.12101	liquid
277.27	3200.0	61.638	0.016224	6.4558	7.4393	28.832	40.022	79.856	2420.3	-0.00028265	7.5820e-05	0.12095	liquid
277.33	3200.0	61.624	0.016227	6.4609	7.4446	28.851	40.021	79.866	2419.2	-0.00027746	7.5772e-05	0.12089	liquid
277.40	3200.0	61.610	0.016231	6.4660	7.4500	28.870	40.021	79.877	2418.1	-0.00027227	7.5724e-05	0.12083	liquid
277.47	3200.0	61.595	0.016235	6.4711	7.4553	28.889	40.020	79.888	2417.0	-0.00026708	7.5676e-05	0.12077	liquid
277.53	3200.0	61.581	0.016239	6.4762	7.4606	28.909	40.019	79.899	2416.0	-0.00026187	7.5629e-05	0.12071	liquid
277.60	3200.0	61.567	0.016242	6.4813	7.4660	28.928	40.019	79.910	2414.9	-0.00025666	7.5581e-05	0.12065	liquid
277.67	3200.0	61.553	0.016246	6.4864	7.4713	28.947	40.018	79.920	2413.8	-0.00025144	7.5533e-05	0.12059	liquid
277.73	3200.0	61.538	0.016250	6.4915	7.4766	28.966	40.018	79.931	2412.7	-0.00024621	7.5486e-05	0.12054	liquid
277.80	3200.0	61.524	0.016254	6.4966	7.4819	28.985	40.017	79.942	2411.6	-0.00024098	7.5438e-05	0.12048	liquid
277.87	3200.0	61.510	0.016258	6.5017	7.4873	29.005	40.017	79.953	2410.6	-0.00023574	7.5390e-05	0.12042	liquid
277.93	3200.0	61.496	0.016261	6.5068	7.4926	29.024	40.016	79.964	2409.5	-0.00023049	7.5343e-05	0.12036	liquid
278.00	3200.0	61.481	0.016265	6.5119	7.4979	29.043	40.016	79.975	2408.4	-0.00022524	7.5295e-05	0.12030	liquid
278.07	3200.0	61.467	0.016269	6.5170	7.5033	29.062	40.015	79.985	2407.3	-0.00021998	7.5248e-05	0.12024	liquid
278.13	3200.0	61.453	0.016273	6.5221	7.5086	29.081	40.014	79.996	2406.2	-0.00021471	7.5201e-05	0.12018	liquid
278.20	3200.0	61.439	0.016276	6.5272	7.5139	29.100	40.014	80.007	2405.1	-0.00020943	7.5153e-05	0.12012	liquid
278.27	3200.0	61.424	0.016280	6.5323	7.5193	29.120	40.013	80.018	2404.1	-0.00020415	7.5106e-05	0.12006	liquid
278.33	3200.0	61.410	0.016284	6.5374	7.5246	29.139	40.013	80.029	2403.0	-0.00019886	7.5059e-05	0.12000	liquid
278.40	3200.0	61.396	0.016288	6.5425	7.5299	29.158	40.012	80.040	2401.9	-0.00019356	7.5011e-05	0.11994	liquid
278.47	3200.0	61.381	0.016292	6.5476	7.5353	29.177	40.012	80.051	2400.8	-0.00018826	7.4964e-05	0.11989	liquid
278.53	3200.0	61.367	0.016295	6.5528	7.5406	29.196	40.011	80.062	2399.7	-0.00018295	7.4917e-05	0.11983	liquid
278.60	3200.0	61.353	0.016299	6.5579	7.5459	29.215	40.011	80.073	2398.7	-0.00017763	7.4870e-05	0.11977	liquid
278.67	3200.0	61.339	0.016303	6.5630	7.5513	29.235	40.010	80.084	2397.6	-0.00017231	7.4822e-05	0.11971	liquid
278.73	3200.0	61.324	0.016307	6.5681	7.5566	29.254	40.010	80.095	2396.5	-0.00016697	7.4775e-05	0.11965	liquid
278.80	3200.0	61.310	0.016311	6.5732	7.5620	29.273	40.009	80.106	2395.4	-0.00016163	7.4728e-05	0.11959	liquid
278.87	3200.0	61.296	0.016314	6.5783	7.5673	29.292	40.009	80.117	2394.3	-0.00015629	7.4681e-05	0.11953	liquid
278.93	3200.0	61.281	0.016318	6.5834	7.5726	29.311	40.008	80.128	2393.3	-0.00015093	7.4634e-05	0.11947	liquid
279.00	3200.0	61.267	0.016322	6.5885	7.5780	29.330	40.007	80.139	2392.2	-0.00014557	7.4587e-05	0.11941	liquid
279.07	3200.0	61.253	0.016326	6.5936	7.5833	29.350	40.007	80.150	2391.1	-0.00014020	7.4540e-05	0.11936	liquid
279.13	3200.0	61.238	0.016330	6.5987	7.5887	29.369	40.006	80.161	2390.0	-0.00013483	7.4493e-05	0.11930	liquid
279.20	3200.0	61.224	0.016333	6.6039	7.5940	29.388	40.006	80.172	2388.9	-0.00012945	7.4446e-05	0.11924	liquid
279.27	3200.0	61.210	0.016337	6.6090	7.5994	29.407	40.005	80.183	2387.9	-0.00012406	7.4399e-05	0.11918	liquid
279.33	3200.0	61.195	0.016341	6.6141	7.6047	29.426	40.005	80.195	2386.8	-0.00011866	7.4353e-05	0.11912	liquid
279.40	3200.0	61.181	0.016345	6.6192	7.6101	29.445	40.004	80.206	2385.7	-0.00011325	7.4306e-05	0.11906	liquid
279.47	3200.0	61.166	0.016349	6.6243	7.6154	29.464	40.004	80.217	2384.6	-0.00010784	7.4259e-05	0.11900	liquid
279.53	3200.0	61.152	0.016353	6.6294	7.6207	29.483	40.003	80.228	2383.5	-0.00010242	7.4212e-05	0.11894	liquid
279.60	3200.0	61.138	0.016357	6.6345	7.6261	29.503	40.003	80.239	2382.5	-9.6995e-05	7.4166e-05	0.11889	liquid
279.67	3200.0	61.123	0.016360	6.6397	7.6314	29.522	40.002	80.250	2381.4	-9.1561e-05	7.4119e-05	0.11883	liquid
279.73	3200.0	61.109	0.016364	6.6448	7.6368	29.541	40.002	80.262	2380.3	-8.6120e-05	7.4072e-05	0.11877	liquid
279.80	3200.0	61.095	0.016368	6.6499	7.6421	29.560	40.001	80.273	2379.2	-8.0671e-05	7.4026e-05	0.11871	liquid
279.87	3200.0	61.080	0.016372	6.6550	7.6475	29.579	40.001	80.284	2378.1	-7.5215e-05	7.3979e-05	0.11865	liquid
279.93	3200.0	61.066	0.016376	6.6601	7.6529	29.598	40.000	80.295	2377.1	-6.9752e-05	7.3933e-05	0.11859	liquid
280.00	3200.0	61.051	0.016380	6.6652	7.6582	29.617	40.000	80.306	2376.0	-6.4281e-05	7.3886e-05	0.11853	liquid
280.07	3200.0	61.037	0.016383	6.6704	7.6636	29.637	39.999	80.318	2374.9	-5.8803e-05	7.3840e-05	0.11848	liquid
280.13	3200.0	61.023	0.016387	6.6755	7.6689	29.656	39.999	80.329	2373.8	-5.3317e-05	7.3793e-05	0.11842	liquid
280.20	3200.0	61.008	0.016391	6.6806	7.6743	29.675	39.998	80.340	2372.7	-4.7824e-05	7.3747e-05	0.11836	liquid
280.27	3200.0	60.994	0.016395	6.6857	7.6796	29.694	39.998	80.352	2371.7	-4.2323e-05	7.3700e-05	0.11830	liquid
280.33	3200.0	60.979	0.016399	6.6909	7.6850	29.713	39.997	80.363	2370.6	-3.6815e-05	7.3654e-05	0.11824	liquid
280.40	3200.0	60.965	0.016403	6.6960	7.6903	29.732	39.997	80.374	2369.5	-3.1300e-05	7.3608e-05	0.11818	liquid
280.47	3200.0	60.950	0.016407	6.7011	7.6957	29.751	39.996	80.385	2368.4	-2.5777e-05	7.3561e-05	0.11812	liquid
280.53	3200.0	60.936	0.016411	6.7062	7.7011	29.770	39.996	80.397	2367.3	-2.0246e-05	7.3515e-05	0.11807	liquid
280.60	3200.0	60.922	0.016415	6.7113	7.7064	29.789	39.995	80.408	2366.3	-1.4709e-05	7.3469e-05	0.11801	liquid
280.67	3200.0	60.907	0.016418	6.7165	7.7118	29.808	39.995	80.420	2365.2	-9.1631e-06	7.3423e-05	0.11795	liquid
280.73	3200.0	60.893	0.016422	6.7216	7.7171	29.828	39.994	80.431	2364.1	-3.6102e-06	7.3377e-05	0.11789	liquid
280.80	3200.0	60.878	0.016426	6.7267	7.7225	29.847	39.994	80.442	2363.0	1.9503e-06	7.3331e-05	0.11783	liquid
280.87	3200.0	60.864	0.016430	6.7319	7.7279	29.866	39.993	80.454	2362.0	7.5184e-06	7.3284e-05	0.11777	liquid
280.93	3200.0	60.849	0.016434	6.7370	7.7332	29.885	39.993	80.465	2360.9	1.3094e-05	7.3238e-05	0.11771	liquid
281.00	3200.0	60.835	0.016438	6.7421	7.7386	29.904	39.992	80.477	2359.8	1.8677e-05	7.3192e-05	0.11766	liquid
281.07	3200.0	60.820	0.016442	6.7472	7.7440	29.923	39.992	80.488	2358.7	2.4268e-05	7.3146e-05	0.11760	liquid
281.13	3200.0	60.806	0.016446	6.7524	7.7493	29.942	39.991	80.499	2357.6	2.9866e-05	7.3100e-05	0.11754	liquid
281.20	3200.0	60.791	0.016450	6.7575	7.7547	29.961	39.991	80.511	2356.6	3.5472e-05	7.3054e-05	0.11748	liquid
281.27	3200.0	60.777	0.016454	6.7626	7.7601	29.980	39.990	80.522	2355.5	4.1086e-05	7.3009e-05	0.11742	liquid
281.33	3200.0	60.762	0.016458	6.7678	7.7654	29.999	39.990	80.534	2354.4	4.6707e-05	7.2963e-05	0.11736	liquid
281.40	3200.0	60.748	0.016461	6.7729	7.7708	30.019	39.989	80.545	2353.3	5.2336e-05	7.2917e-05	0.11731	liquid
281.47	3200.0	60.733	0.016465	6.7780	7.7762	30.038	39.989	80.557	2352.3	5.7972e-05	7.2871e-05	0.11725	liquid
281.53	3200.0	60.719	0.016469	6.7831	7.7815	30.057	39.988	80.569	2351.2	6.3617e-05	7.2825e-05	0.11719	liquid
281.60	3200.0	60.704	0.016473	6.7883	7.7869	30.076	39.988	80.580	2350.1	6.9269e-05	7.2779e-05	0.11713	liquid
281.67	3200.0	60.690	0.016477	6.7934	7.7923	30.095	39.987	80.592	2349.0	7.4928e-05	7.2734e-05	0.11707	liquid
281.73	3200.0	60.675	0.016481	6.7985	7.7977	30.114	39.987	80.603	2348.0	8.0595e-05	7.2688e-05	0.11702	liquid
281.80	3200.0	60.661	0.016485	6.8037	7.8030	30.133	39.987	80.615	2346.9	8.6270e-05	7.2642e-05	0.11696	liquid
281.87	3200.0	60.646	0.016489	6.8088	7.8084	30.152	39.986	80.626	2345.8	9.1953e-05	7.2597e-05	0.11690	liquid
281.93	3200.0	60.632	0.016493	6.8140	7.8138	30.171	39.986	80.638	2344.7	9.7644e-05	7.2551e-05	0.11684	liquid
282.00	3200.0	60.617	0.016497	6.8191	7.8192	30.190	39.985	80.650	2343.7	0.00010334	7.2506e-05	0.11678	liquid
282.07	3200.0	60.603	0.016501	6.8242	7.8245	30.209	39.985	80.661	2342.6	0.00010905	7.2460e-05	0.11672	liquid
282.13	3200.0	60.588	0.016505	6.8294	7.8299	30.228	39.984	80.673	2341.5	0.00011476	7.2414e-05	0.11667	liquid
282.20	3200.0	60.574	0.016509	6.8345	7.8353	30.247	39.984	80.685	2340.4	0.00012048	7.2369e-05	0.11661	liquid
282.27	3200.0	60.559	0.016513	6.8396	7.8407	30.266	39.983	80.696	2339.3	0.00012621	7.2324e-05	0.11655	liquid
282.33	3200.0	60.544	0.016517	6.8448	7.8461	30.285	39.983	80.708	2338.3	0.00013195	7.2278e-05	0.11649	liquid
282.40	3200.0	60.530	0.016521	6.8499	7.8514	30.305	39.982	80.720	2337.2	0.00013770	7.2233e-05	0.11643	liquid
282.47	3200.0	60.515	0.016525	6.8551	7.8568	30.324	39.982	80.731	2336.1	0.00014345	7.2187e-05	0.11638	liquid
282.53	3200.0	60.501	0.016529	6.8602	7.8622	30.343	39.981	80.743	2335.0	0.00014921	7.2142e-05	0.11632	liquid
282.60	3200.0	60.486	0.016533	6.8653	7.8676	30.362	39.981	80.755	2334.0	0.00015498	7.2097e-05	0.11626	liquid
282.67	3200.0	60.472	0.016537	6.8705	7.8730	30.381	39.981	80.767	2332.9	0.00016075	7.2051e-05	0.11620	liquid
282.73	3200.0	60.457	0.016541	6.8756	7.8784	30.400	39.980	80.778	2331.8	0.00016654	7.2006e-05	0.11614	liquid
282.80	3200.0	60.442	0.016545	6.8808	7.8837	30.419	39.980	80.790	2330.7	0.00017233	7.1961e-05	0.11609	liquid
282.87	3200.0	60.428	0.016549	6.8859	7.8891	30.438	39.979	80.802	2329.7	0.00017813	7.1916e-05	0.11603	liquid
282.93	3200.0	60.413	0.016553	6.8911	7.8945	30.457	39.979	80.814	2328.6	0.00018394	7.1871e-05	0.11597	liquid
283.00	3200.0	60.399	0.016557	6.8962	7.8999	30.476	39.978	80.826	2327.5	0.00018976	7.1826e-05	0.11591	liquid
283.07	3200.0	60.384	0.016561	6.9014	7.9053	30.495	39.978	80.837	2326.4	0.00019558	7.1780e-05	0.11586	liquid
283.13	3200.0	60.369	0.016565	6.9065	7.9107	30.514	39.977	80.849	2325.4	0.00020141	7.1735e-05	0.11580	liquid
283.20	3200.0	60.355	0.016569	6.9116	7.9161	30.533	39.977	80.861	2324.3	0.00020725	7.1690e-05	0.11574	liquid
283.27	3200.0	60.340	0.016573	6.9168	7.9215	30.552	39.976	80.873	2323.2	0.00021310	7.1645e-05	0.11568	liquid
283.33	3200.0	60.325	0.016577	6.9219	7.9269	30.571	39.976	80.885	2322.1	0.00021896	7.1600e-05	0.11562	liquid
283.40	3200.0	60.311	0.016581	6.9271	7.9322	30.590	39.976	80.897	2321.1	0.00022482	7.1555e-05	0.11557	liquid
283.47	3200.0	60.296	0.016585	6.9322	7.9376	30.609	39.975	80.909	2320.0	0.00023069	7.1511e-05	0.11551	liquid
283.53	3200.0	60.282	0.016589	6.9374	7.9430	30.628	39.975	80.921	2318.9	0.00023657	7.1466e-05	0.11545	liquid
283.60	3200.0	60.267	0.016593	6.9425	7.9484	30.647	39.974	80.933	2317.8	0.00024246	7.1421e-05	0.11539	liquid
283.67	3200.0	60.252	0.016597	6.9477	7.9538	30.666	39.974	80.945	2316.8	0.00024836	7.1376e-05	0.11534	liquid
283.73	3200.0	60.238	0.016601	6.9528	7.9592	30.685	39.973	80.957	2315.7	0.00025426	7.1331e-05	0.11528	liquid
283.80	3200.0	60.223	0.016605	6.9580	7.9646	30.704	39.973	80.969	2314.6	0.00026017	7.1286e-05	0.11522	liquid
283.87	3200.0	60.208	0.016609	6.9631	7.9700	30.723	39.973	80.981	2313.5	0.00026610	7.1242e-05	0.11516	liquid
283.93	3200.0	60.194	0.016613	6.9683	7.9754	30.742	39.972	80.993	2312.5	0.00027202	7.1197e-05	0.11510	liquid
284.00	3200.0	60.179	0.016617	6.9735	7.9808	30.761	39.972	81.005	2311.4	0.00027796	7.1152e-05	0.11505	liquid
284.07	3200.0	60.164	0.016621	6.9786	7.9862	30.780	39.971	81.017	2310.3	0.00028391	7.1108e-05	0.11499	liquid
284.13	3200.0	60.149	0.016625	6.9838	7.9916	30.799	39.971	81.029	2309.3	0.00028986	7.1063e-05	0.11493	liquid
284.20	3200.0	60.135	0.016629	6.9889	7.9970	30.818	39.970	81.041	2308.2	0.00029582	7.1018e-05	0.11487	liquid
284.27	3200.0	60.120	0.016633	6.9941	8.0024	30.837	39.970	81.053	2307.1	0.00030179	7.0974e-05	0.11482	liquid
284.33	3200.0	60.105	0.016637	6.9992	8.0078	30.856	39.970	81.065	2306.0	0.00030777	7.0929e-05	0.11476	liquid
284.40	3200.0	60.091	0.016642	7.0044	8.0132	30.875	39.969	81.077	2305.0	0.00031376	7.0885e-05	0.11470	liquid
284.47	3200.0	60.076	0.016646	7.0096	8.0186	30.894	39.969	81.089	2303.9	0.00031975	7.0840e-05	0.11464	liquid
284.53	3200.0	60.061	0.016650	7.0147	8.0240	30.913	39.968	81.101	2302.8	0.00032575	7.0796e-05	0.11459	liquid
284.60	3200.0	60.046	0.016654	7.0199	8.0294	30.932	39.968	81.113	2301.7	0.00033176	7.0751e-05	0.11453	liquid
284.67	3200.0	60.032	0.016658	7.0250	8.0349	30.951	39.968	81.126	2300.7	0.00033778	7.0707e-05	0.11447	liquid
284.73	3200.0	60.017	0.016662	7.0302	8.0403	30.970	39.967	81.138	2299.6	0.00034381	7.0663e-05	0.11441	liquid
284.80	3200.0	60.002	0.016666	7.0354	8.0457	30.989	39.967	81.150	2298.5	0.00034985	7.0618e-05	0.11436	liquid
284.87	3200.0	59.987	0.016670	7.0405	8.0511	31.008	39.966	81.162	2297.5	0.00035589	7.0574e-05	0.11430	liquid
284.93	3200.0	59.973	0.016674	7.0457	8.0565	31.027	39.966	81.174	2296.4	0.00036194	7.0530e-05	0.11424	liquid
285.00	3200.0	59.958	0.016678	7.0508	8.0619	31.046	39.965	81.187	2295.3	0.00036800	7.0485e-05	0.11419	liquid
285.07	3200.0	59.943	0.016682	7.0560	8.0673	31.065	39.965	81.199	2294.2	0.00037407	7.0441e-05	0.11413	liquid
285.13	3200.0	59.928	0.016687	7.0612	8.0727	31.084	39.965	81.211	2293.2	0.00038015	7.0397e-05	0.11407	liquid
285.20	3200.0	59.914	0.016691	7.0663	8.0782	31.103	39.964	81.223	2292.1	0.00038624	7.0353e-05	0.11401	liquid
285.27	3200.0	59.899	0.016695	7.0715	8.0836	31.122	39.964	81.236	2291.0	0.00039233	7.0309e-05	0.11396	liquid
285.33	3200.0	59.884	0.016699	7.0767	8.0890	31.141	39.963	81.248	2289.9	0.00039843	7.0265e-05	0.11390	liquid
285.40	3200.0	59.869	0.016703	7.0818	8.0944	31.160	39.963	81.260	2288.9	0.00040455	7.0221e-05	0.11384	liquid
285.47	3200.0	59.854	0.016707	7.0870	8.0998	31.179	39.963	81.273	2287.8	0.00041067	7.0176e-05	0.11378	liquid
285.53	3200.0	59.840	0.016711	7.0922	8.1052	31.198	39.962	81.285	2286.7	0.00041679	7.0132e-05	0.11373	liquid
285.60	3200.0	59.825	0.016715	7.0973	8.1107	31.217	39.962	81.297	2285.7	0.00042293	7.0088e-05	0.11367	liquid
285.67	3200.0	59.810	0.016720	7.1025	8.1161	31.236	39.962	81.310	2284.6	0.00042908	7.0044e-05	0.11361	liquid
285.73	3200.0	59.795	0.016724	7.1077	8.1215	31.255	39.961	81.322	2283.5	0.00043523	7.0001e-05	0.11356	liquid
285.80	3200.0	59.780	0.016728	7.1128	8.1269	31.274	39.961	81.334	2282.4	0.00044139	6.9957e-05	0.11350	liquid
285.87	3200.0	59.766	0.016732	7.1180	8.1323	31.293	39.960	81.347	2281.4	0.00044756	6.9913e-05	0.11344	liquid
285.93	3200.0	59.751	0.016736	7.1232	8.1378	31.312	39.960	81.359	2280.3	0.00045374	6.9869e-05	0.11338	liquid
286.00	3200.0	59.736	0.016740	7.1284	8.1432	31.331	39.960	81.372	2279.2	0.00045993	6.9825e-05	0.11333	liquid
286.07	3200.0	59.721	0.016744	7.1335	8.1486	31.350	39.959	81.384	2278.2	0.00046613	6.9781e-05	0.11327	liquid
286.13	3200.0	59.706	0.016749	7.1387	8.1540	31.369	39.959	81.397	2277.1	0.00047233	6.9737e-05	0.11321	liquid
286.20	3200.0	59.691	0.016753	7.1439	8.1595	31.388	39.958	81.409	2276.0	0.00047854	6.9694e-05	0.11316	liquid
286.27	3200.0	59.677	0.016757	7.1491	8.1649	31.407	39.958	81.421	2275.0	0.00048477	6.9650e-05	0.11310	liquid
286.33	3200.0	59.662	0.016761	7.1542	8.1703	31.426	39.958	81.434	2273.9	0.00049100	6.9606e-05	0.11304	liquid
286.40	3200.0	59.647	0.016765	7.1594	8.1758	31.445	39.957	81.446	2272.8	0.00049724	6.9563e-05	0.11298	liquid
286.47	3200.0	59.632	0.016770	7.1646	8.1812	31.464	39.957	81.459	2271.7	0.00050349	6.9519e-05	0.11293	liquid
286.53	3200.0	59.617	0.016774	7.1698	8.1866	31.483	39.957	81.472	2270.7	0.00050974	6.9475e-05	0.11287	liquid
286.60	3200.0	59.602	0.016778	7.1749	8.1920	31.502	39.956	81.484	2269.6	0.00051601	6.9432e-05	0.11281	liquid
286.67	3200.0	59.587	0.016782	7.1801	8.1975	31.521	39.956	81.497	2268.5	0.00052228	6.9388e-05	0.11276	liquid
286.73	3200.0	59.572	0.016786	7.1853	8.2029	31.540	39.955	81.509	2267.5	0.00052857	6.9345e-05	0.11270	liquid
286.80	3200.0	59.558	0.016790	7.1905	8.2083	31.559	39.955	81.522	2266.4	0.00053486	6.9301e-05	0.11264	liquid
286.87	3200.0	59.543	0.016795	7.1957	8.2138	31.578	39.955	81.535	2265.3	0.00054116	6.9258e-05	0.11259	liquid
286.93	3200.0	59.528	0.016799	7.2008	8.2192	31.597	39.954	81.547	2264.3	0.00054747	6.9214e-05	0.11253	liquid
287.00	3200.0	59.513	0.016803	7.2060	8.2247	31.615	39.954	81.560	2263.2	0.00055379	6.9171e-05	0.11247	liquid
287.07	3200.0	59.498	0.016807	7.2112	8.2301	31.634	39.954	81.572	2262.1	0.00056011	6.9127e-05	0.11242	liquid
287.13	3200.0	59.483	0.016812	7.2164	8.2355	31.653	39.953	81.585	2261.0	0.00056645	6.9084e-05	0.11236	liquid
287.20	3200.0	59.468	0.016816	7.2216	8.2410	31.672	39.953	81.598	2260.0	0.00057279	6.9041e-05	0.11230	liquid
287.27	3200.0	59.453	0.016820	7.2268	8.2464	31.691	39.952	81.610	2258.9	0.00057915	6.8997e-05	0.11225	liquid
287.33	3200.0	59.438	0.016824	7.2319	8.2519	31.710	39.952	81.623	2257.8	0.00058551	6.8954e-05	0.11219	liquid
287.40	3200.0	59.423	0.016828	7.2371	8.2573	31.729	39.952	81.636	2256.8	0.00059188	6.8911e-05	0.11213	liquid
287.47	3200.0	59.408	0.016833	7.2423	8.2627	31.748	39.951	81.649	2255.7	0.00059826	6.8868e-05	0.11208	liquid
287.53	3200.0	59.393	0.016837	7.2475	8.2682	31.767	39.951	81.661	2254.6	0.00060465	6.8824e-05	0.11202	liquid
287.60	3200.0	59.378	0.016841	7.2527	8.2736	31.786	39.951	81.674	2253.6	0.00061104	6.8781e-05	0.11196	liquid
287.67	3200.0	59.363	0.016845	7.2579	8.2791	31.805	39.950	81.687	2252.5	0.00061745	6.8738e-05	0.11191	liquid
287.73	3200.0	59.348	0.016850	7.2631	8.2845	31.824	39.950	81.700	2251.4	0.00062387	6.8695e-05	0.11185	liquid
287.80	3200.0	59.333	0.016854	7.2683	8.2900	31.843	39.950	81.713	2250.4	0.00063029	6.8652e-05	0.11179	liquid
287.87	3200.0	59.319	0.016858	7.2734	8.2954	31.862	39.949	81.725	2249.3	0.00063672	6.8609e-05	0.11174	liquid
287.93	3200.0	59.304	0.016862	7.2786	8.3009	31.881	39.949	81.738	2248.2	0.00064317	6.8566e-05	0.11168	liquid
288.00	3200.0	59.289	0.016867	7.2838	8.3063	31.899	39.949	81.751	2247.2	0.00064962	6.8523e-05	0.11162	liquid
288.07	3200.0	59.274	0.016871	7.2890	8.3118	31.918	39.948	81.764	2246.1	0.00065608	6.8480e-05	0.11157	liquid
288.13	3200.0	59.259	0.016875	7.2942	8.3172	31.937	39.948	81.777	2245.0	0.00066255	6.8437e-05	0.11151	liquid
288.20	3200.0	59.244	0.016879	7.2994	8.3227	31.956	39.948	81.790	2243.9	0.00066903	6.8394e-05	0.11145	liquid
288.27	3200.0	59.229	0.016884	7.3046	8.3281	31.975	39.947	81.803	2242.9	0.00067552	6.8351e-05	0.11140	liquid
288.33	3200.0	59.214	0.016888	7.3098	8.3336	31.994	39.947	81.816	2241.8	0.00068201	6.8308e-05	0.11134	liquid
288.40	3200.0	59.198	0.016892	7.3150	8.3390	32.013	39.947	81.829	2240.7	0.00068852	6.8265e-05	0.11128	liquid
288.47	3200.0	59.183	0.016897	7.3202	8.3445	32.032	39.946	81.842	2239.7	0.00069503	6.8222e-05	0.11123	liquid
288.53	3200.0	59.168	0.016901	7.3254	8.3499	32.051	39.946	81.854	2238.6	0.00070156	6.8179e-05	0.11117	liquid
288.60	3200.0	59.153	0.016905	7.3306	8.3554	32.070	39.946	81.867	2237.5	0.00070809	6.8137e-05	0.11111	liquid
288.67	3200.0	59.138	0.016909	7.3358	8.3609	32.089	39.945	81.880	2236.5	0.00071463	6.8094e-05	0.11106	liquid
288.73	3200.0	59.123	0.016914	7.3410	8.3663	32.108	39.945	81.893	2235.4	0.00072118	6.8051e-05	0.11100	liquid
288.80	3200.0	59.108	0.016918	7.3462	8.3718	32.126	39.945	81.907	2234.3	0.00072774	6.8008e-05	0.11094	liquid
288.87	3200.0	59.093	0.016922	7.3514	8.3772	32.145	39.944	81.920	2233.3	0.00073431	6.7966e-05	0.11089	liquid
288.93	3200.0	59.078	0.016927	7.3566	8.3827	32.164	39.944	81.933	2232.2	0.00074089	6.7923e-05	0.11083	liquid
289.00	3200.0	59.063	0.016931	7.3618	8.3882	32.183	39.944	81.946	2231.1	0.00074748	6.7880e-05	0.11078	liquid
289.07	3200.0	59.048	0.016935	7.3670	8.3936	32.202	39.943	81.959	2230.1	0.00075408	6.7838e-05	0.11072	liquid
289.13	3200.0	59.033	0.016940	7.3722	8.3991	32.221	39.943	81.972	2229.0	0.00076069	6.7795e-05	0.11066	liquid
289.20	3200.0	59.018	0.016944	7.3774	8.4045	32.240	39.943	81.985	2227.9	0.00076730	6.7753e-05	0.11061	liquid
289.27	3200.0	59.003	0.016948	7.3826	8.4100	32.259	39.942	81.998	2226.9	0.00077393	6.7710e-05	0.11055	liquid
289.33	3200.0	58.988	0.016953	7.3878	8.4155	32.278	39.942	82.011	2225.8	0.00078056	6.7668e-05	0.11049	liquid
289.40	3200.0	58.973	0.016957	7.3930	8.4210	32.297	39.942	82.024	2224.7	0.00078721	6.7625e-05	0.11044	liquid
289.47	3200.0	58.957	0.016961	7.3982	8.4264	32.315	39.941	82.038	2223.7	0.00079386	6.7583e-05	0.11038	liquid
289.53	3200.0	58.942	0.016966	7.4034	8.4319	32.334	39.941	82.051	2222.6	0.00080052	6.7540e-05	0.11033	liquid
289.60	3200.0	58.927	0.016970	7.4086	8.4374	32.353	39.941	82.064	2221.5	0.00080719	6.7498e-05	0.11027	liquid
289.67	3200.0	58.912	0.016974	7.4138	8.4428	32.372	39.940	82.077	2220.5	0.00081387	6.7455e-05	0.11021	liquid
289.73	3200.0	58.897	0.016979	7.4190	8.4483	32.391	39.940	82.090	2219.4	0.00082057	6.7413e-05	0.11016	liquid
289.80	3200.0	58.882	0.016983	7.4242	8.4538	32.410	39.940	82.104	2218.3	0.00082727	6.7371e-05	0.11010	liquid
289.87	3200.0	58.867	0.016988	7.4294	8.4593	32.429	39.940	82.117	2217.3	0.00083398	6.7329e-05	0.11005	liquid
289.93	3200.0	58.852	0.016992	7.4346	8.4647	32.448	39.939	82.130	2216.2	0.00084069	6.7286e-05	0.10999	liquid
290.00	3200.0	58.836	0.016996	7.4399	8.4702	32.467	39.939	82.144	2215.2	0.00084742	6.7244e-05	0.10993	liquid
