Temperature (K)	Pressure (psia)	Density (lbm/ft3)	Volume (ft3/lbm)	Internal Energy (kJ/mol)	Enthalpy (kJ/mol)	Entropy (J/mol*K)	Cv (J/mol*K)	Cp (J/mol*K)	Sound Spd. (ft/s)	Joule-Thomson (F/psia)	Viscosity (lbm/ft*s)	Therm. Cond. (W/m*K)	Phase
250.00	2600.0	66.462	0.015046	4.5266	5.2677	21.262	40.288	77.563	2782.9	-0.0016358	9.5911e-05	0.14295	liquid
250.07	2600.0	66.449	0.015049	4.5316	5.2729	21.282	40.286	77.572	2781.7	-0.0016322	9.5844e-05	0.14288	liquid
250.13	2600.0	66.435	0.015052	4.5367	5.2781	21.303	40.285	77.580	2780.5	-0.0016286	9.5776e-05	0.14282	liquid
250.20	2600.0	66.422	0.015055	4.5417	5.2832	21.324	40.284	77.589	2779.3	-0.0016250	9.5709e-05	0.14275	liquid
250.27	2600.0	66.409	0.015058	4.5467	5.2884	21.344	40.283	77.597	2778.2	-0.0016214	9.5642e-05	0.14268	liquid
250.33	2600.0	66.395	0.015061	4.5517	5.2936	21.365	40.282	77.606	2777.0	-0.0016177	9.5575e-05	0.14262	liquid
250.40	2600.0	66.382	0.015064	4.5568	5.2988	21.386	40.281	77.614	2775.8	-0.0016141	9.5508e-05	0.14255	liquid
250.47	2600.0	66.369	0.015067	4.5618	5.3039	21.406	40.280	77.623	2774.7	-0.0016105	9.5441e-05	0.14248	liquid
250.53	2600.0	66.355	0.015070	4.5668	5.3091	21.427	40.279	77.631	2773.5	-0.0016069	9.5374e-05	0.14242	liquid
250.60	2600.0	66.342	0.015073	4.5718	5.3143	21.448	40.277	77.640	2772.3	-0.0016032	9.5307e-05	0.14235	liquid
250.67	2600.0	66.328	0.015076	4.5769	5.3195	21.468	40.276	77.648	2771.1	-0.0015996	9.5240e-05	0.14228	liquid
250.73	2600.0	66.315	0.015080	4.5819	5.3246	21.489	40.275	77.657	2770.0	-0.0015959	9.5174e-05	0.14222	liquid
250.80	2600.0	66.302	0.015083	4.5869	5.3298	21.510	40.274	77.666	2768.8	-0.0015923	9.5107e-05	0.14215	liquid
250.87	2600.0	66.288	0.015086	4.5919	5.3350	21.530	40.273	77.674	2767.6	-0.0015886	9.5040e-05	0.14208	liquid
250.93	2600.0	66.275	0.015089	4.5970	5.3402	21.551	40.272	77.683	2766.5	-0.0015850	9.4974e-05	0.14202	liquid
251.00	2600.0	66.262	0.015092	4.6020	5.3453	21.572	40.271	77.691	2765.3	-0.0015813	9.4907e-05	0.14195	liquid
251.07	2600.0	66.248	0.015095	4.6070	5.3505	21.592	40.270	77.700	2764.1	-0.0015776	9.4841e-05	0.14188	liquid
251.13	2600.0	66.235	0.015098	4.6121	5.3557	21.613	40.269	77.709	2762.9	-0.0015740	9.4775e-05	0.14182	liquid
251.20	2600.0	66.221	0.015101	4.6171	5.3609	21.633	40.267	77.717	2761.8	-0.0015703	9.4708e-05	0.14175	liquid
251.27	2600.0	66.208	0.015104	4.6221	5.3661	21.654	40.266	77.726	2760.6	-0.0015666	9.4642e-05	0.14168	liquid
251.33	2600.0	66.194	0.015107	4.6272	5.3712	21.675	40.265	77.735	2759.4	-0.0015629	9.4576e-05	0.14162	liquid
251.40	2600.0	66.181	0.015110	4.6322	5.3764	21.695	40.264	77.743	2758.3	-0.0015592	9.4510e-05	0.14155	liquid
251.47	2600.0	66.168	0.015113	4.6372	5.3816	21.716	40.263	77.752	2757.1	-0.0015555	9.4444e-05	0.14148	liquid
251.53	2600.0	66.154	0.015116	4.6422	5.3868	21.737	40.262	77.761	2755.9	-0.0015518	9.4378e-05	0.14142	liquid
251.60	2600.0	66.141	0.015119	4.6473	5.3920	21.757	40.261	77.770	2754.7	-0.0015481	9.4312e-05	0.14135	liquid
251.67	2600.0	66.127	0.015122	4.6523	5.3972	21.778	40.260	77.778	2753.6	-0.0015444	9.4246e-05	0.14129	liquid
251.73	2600.0	66.114	0.015125	4.6573	5.4024	21.798	40.259	77.787	2752.4	-0.0015407	9.4181e-05	0.14122	liquid
251.80	2600.0	66.100	0.015128	4.6624	5.4075	21.819	40.258	77.796	2751.2	-0.0015369	9.4115e-05	0.14115	liquid
251.87	2600.0	66.087	0.015132	4.6674	5.4127	21.840	40.256	77.805	2750.1	-0.0015332	9.4049e-05	0.14109	liquid
251.93	2600.0	66.074	0.015135	4.6725	5.4179	21.860	40.255	77.814	2748.9	-0.0015295	9.3984e-05	0.14102	liquid
252.00	2600.0	66.060	0.015138	4.6775	5.4231	21.881	40.254	77.822	2747.7	-0.0015257	9.3918e-05	0.14095	liquid
252.07	2600.0	66.047	0.015141	4.6825	5.4283	21.901	40.253	77.831	2746.5	-0.0015220	9.3853e-05	0.14089	liquid
252.13	2600.0	66.033	0.015144	4.6876	5.4335	21.922	40.252	77.840	2745.4	-0.0015182	9.3787e-05	0.14082	liquid
252.20	2600.0	66.020	0.015147	4.6926	5.4387	21.943	40.251	77.849	2744.2	-0.0015145	9.3722e-05	0.14075	liquid
252.27	2600.0	66.006	0.015150	4.6976	5.4439	21.963	40.250	77.858	2743.0	-0.0015107	9.3657e-05	0.14069	liquid
252.33	2600.0	65.993	0.015153	4.7027	5.4490	21.984	40.249	77.867	2741.9	-0.0015069	9.3592e-05	0.14062	liquid
252.40	2600.0	65.979	0.015156	4.7077	5.4542	22.004	40.248	77.875	2740.7	-0.0015032	9.3526e-05	0.14056	liquid
252.47	2600.0	65.966	0.015159	4.7128	5.4594	22.025	40.247	77.884	2739.5	-0.0014994	9.3461e-05	0.14049	liquid
252.53	2600.0	65.952	0.015162	4.7178	5.4646	22.045	40.246	77.893	2738.4	-0.0014956	9.3396e-05	0.14042	liquid
252.60	2600.0	65.939	0.015166	4.7228	5.4698	22.066	40.245	77.902	2737.2	-0.0014918	9.3331e-05	0.14036	liquid
252.67	2600.0	65.925	0.015169	4.7279	5.4750	22.086	40.244	77.911	2736.0	-0.0014880	9.3267e-05	0.14029	liquid
252.73	2600.0	65.912	0.015172	4.7329	5.4802	22.107	40.242	77.920	2734.8	-0.0014842	9.3202e-05	0.14022	liquid
252.80	2600.0	65.898	0.015175	4.7380	5.4854	22.128	40.241	77.929	2733.7	-0.0014804	9.3137e-05	0.14016	liquid
252.87	2600.0	65.885	0.015178	4.7430	5.4906	22.148	40.240	77.938	2732.5	-0.0014766	9.3072e-05	0.14009	liquid
252.93	2600.0	65.871	0.015181	4.7480	5.4958	22.169	40.239	77.947	2731.3	-0.0014728	9.3008e-05	0.14002	liquid
253.00	2600.0	65.858	0.015184	4.7531	5.5010	22.189	40.238	77.956	2730.2	-0.0014690	9.2943e-05	0.13996	liquid
253.07	2600.0	65.844	0.015187	4.7581	5.5062	22.210	40.237	77.965	2729.0	-0.0014651	9.2878e-05	0.13989	liquid
253.13	2600.0	65.831	0.015190	4.7632	5.5114	22.230	40.236	77.974	2727.8	-0.0014613	9.2814e-05	0.13983	liquid
253.20	2600.0	65.817	0.015194	4.7682	5.5166	22.251	40.235	77.983	2726.7	-0.0014575	9.2750e-05	0.13976	liquid
253.27	2600.0	65.804	0.015197	4.7733	5.5218	22.271	40.234	77.992	2725.5	-0.0014536	9.2685e-05	0.13969	liquid
253.33	2600.0	65.790	0.015200	4.7783	5.5270	22.292	40.233	78.001	2724.3	-0.0014498	9.2621e-05	0.13963	liquid
253.40	2600.0	65.777	0.015203	4.7834	5.5322	22.312	40.232	78.010	2723.1	-0.0014459	9.2557e-05	0.13956	liquid
253.47	2600.0	65.763	0.015206	4.7884	5.5374	22.333	40.231	78.019	2722.0	-0.0014421	9.2492e-05	0.13950	liquid
253.53	2600.0	65.750	0.015209	4.7935	5.5426	22.353	40.230	78.028	2720.8	-0.0014382	9.2428e-05	0.13943	liquid
253.60	2600.0	65.736	0.015212	4.7985	5.5478	22.374	40.229	78.038	2719.6	-0.0014343	9.2364e-05	0.13936	liquid
253.67	2600.0	65.722	0.015215	4.8035	5.5530	22.394	40.228	78.047	2718.5	-0.0014305	9.2300e-05	0.13930	liquid
253.73	2600.0	65.709	0.015219	4.8086	5.5582	22.415	40.227	78.056	2717.3	-0.0014266	9.2236e-05	0.13923	liquid
253.80	2600.0	65.695	0.015222	4.8136	5.5634	22.436	40.226	78.065	2716.1	-0.0014227	9.2172e-05	0.13916	liquid
253.87	2600.0	65.682	0.015225	4.8187	5.5686	22.456	40.225	78.074	2715.0	-0.0014188	9.2109e-05	0.13910	liquid
253.93	2600.0	65.668	0.015228	4.8237	5.5738	22.477	40.224	78.083	2713.8	-0.0014149	9.2045e-05	0.13903	liquid
254.00	2600.0	65.655	0.015231	4.8288	5.5790	22.497	40.223	78.092	2712.6	-0.0014110	9.1981e-05	0.13897	liquid
254.07	2600.0	65.641	0.015234	4.8338	5.5842	22.518	40.222	78.102	2711.5	-0.0014071	9.1917e-05	0.13890	liquid
254.13	2600.0	65.627	0.015238	4.8389	5.5894	22.538	40.221	78.111	2710.3	-0.0014032	9.1854e-05	0.13883	liquid
254.20	2600.0	65.614	0.015241	4.8440	5.5946	22.558	40.219	78.120	2709.1	-0.0013993	9.1790e-05	0.13877	liquid
254.27	2600.0	65.600	0.015244	4.8490	5.5998	22.579	40.218	78.129	2708.0	-0.0013954	9.1727e-05	0.13870	liquid
254.33	2600.0	65.587	0.015247	4.8541	5.6051	22.599	40.217	78.139	2706.8	-0.0013914	9.1663e-05	0.13864	liquid
254.40	2600.0	65.573	0.015250	4.8591	5.6103	22.620	40.216	78.148	2705.6	-0.0013875	9.1600e-05	0.13857	liquid
254.47	2600.0	65.560	0.015253	4.8642	5.6155	22.640	40.215	78.157	2704.4	-0.0013836	9.1537e-05	0.13850	liquid
254.53	2600.0	65.546	0.015256	4.8692	5.6207	22.661	40.214	78.166	2703.3	-0.0013796	9.1474e-05	0.13844	liquid
254.60	2600.0	65.532	0.015260	4.8743	5.6259	22.681	40.213	78.176	2702.1	-0.0013757	9.1410e-05	0.13837	liquid
254.67	2600.0	65.519	0.015263	4.8793	5.6311	22.702	40.212	78.185	2700.9	-0.0013717	9.1347e-05	0.13831	liquid
254.73	2600.0	65.505	0.015266	4.8844	5.6363	22.722	40.211	78.194	2699.8	-0.0013678	9.1284e-05	0.13824	liquid
254.80	2600.0	65.491	0.015269	4.8894	5.6415	22.743	40.210	78.204	2698.6	-0.0013638	9.1221e-05	0.13817	liquid
254.87	2600.0	65.478	0.015272	4.8945	5.6467	22.763	40.209	78.213	2697.4	-0.0013598	9.1158e-05	0.13811	liquid
254.93	2600.0	65.464	0.015276	4.8996	5.6520	22.784	40.208	78.222	2696.3	-0.0013559	9.1095e-05	0.13804	liquid
255.00	2600.0	65.451	0.015279	4.9046	5.6572	22.804	40.207	78.232	2695.1	-0.0013519	9.1032e-05	0.13798	liquid
255.07	2600.0	65.437	0.015282	4.9097	5.6624	22.825	40.206	78.241	2693.9	-0.0013479	9.0970e-05	0.13791	liquid
255.13	2600.0	65.423	0.015285	4.9147	5.6676	22.845	40.205	78.251	2692.8	-0.0013439	9.0907e-05	0.13784	liquid
255.20	2600.0	65.410	0.015288	4.9198	5.6728	22.865	40.204	78.260	2691.6	-0.0013399	9.0844e-05	0.13778	liquid
255.27	2600.0	65.396	0.015291	4.9249	5.6780	22.886	40.203	78.269	2690.4	-0.0013359	9.0782e-05	0.13771	liquid
255.33	2600.0	65.382	0.015295	4.9299	5.6833	22.906	40.202	78.279	2689.3	-0.0013319	9.0719e-05	0.13765	liquid
255.40	2600.0	65.369	0.015298	4.9350	5.6885	22.927	40.201	78.288	2688.1	-0.0013279	9.0657e-05	0.13758	liquid
255.47	2600.0	65.355	0.015301	4.9400	5.6937	22.947	40.200	78.298	2686.9	-0.0013238	9.0594e-05	0.13752	liquid
255.53	2600.0	65.341	0.015304	4.9451	5.6989	22.968	40.199	78.307	2685.8	-0.0013198	9.0532e-05	0.13745	liquid
255.60	2600.0	65.328	0.015307	4.9502	5.7041	22.988	40.198	78.317	2684.6	-0.0013158	9.0469e-05	0.13738	liquid
255.67	2600.0	65.314	0.015311	4.9552	5.7094	23.009	40.197	78.326	2683.4	-0.0013117	9.0407e-05	0.13732	liquid
255.73	2600.0	65.300	0.015314	4.9603	5.7146	23.029	40.196	78.336	2682.2	-0.0013077	9.0345e-05	0.13725	liquid
255.80	2600.0	65.287	0.015317	4.9654	5.7198	23.049	40.195	78.345	2681.1	-0.0013036	9.0283e-05	0.13719	liquid
255.87	2600.0	65.273	0.015320	4.9704	5.7250	23.070	40.194	78.355	2679.9	-0.0012996	9.0221e-05	0.13712	liquid
255.93	2600.0	65.259	0.015324	4.9755	5.7303	23.090	40.193	78.364	2678.7	-0.0012955	9.0159e-05	0.13706	liquid
256.00	2600.0	65.246	0.015327	4.9806	5.7355	23.111	40.192	78.374	2677.6	-0.0012915	9.0097e-05	0.13699	liquid
256.07	2600.0	65.232	0.015330	4.9856	5.7407	23.131	40.191	78.384	2676.4	-0.0012874	9.0035e-05	0.13692	liquid
256.13	2600.0	65.218	0.015333	4.9907	5.7459	23.151	40.190	78.393	2675.2	-0.0012833	8.9973e-05	0.13686	liquid
256.20	2600.0	65.204	0.015336	4.9958	5.7512	23.172	40.189	78.403	2674.1	-0.0012792	8.9911e-05	0.13679	liquid
256.27	2600.0	65.191	0.015340	5.0008	5.7564	23.192	40.188	78.412	2672.9	-0.0012751	8.9849e-05	0.13673	liquid
256.33	2600.0	65.177	0.015343	5.0059	5.7616	23.213	40.188	78.422	2671.7	-0.0012710	8.9787e-05	0.13666	liquid
256.40	2600.0	65.163	0.015346	5.0110	5.7668	23.233	40.187	78.432	2670.6	-0.0012669	8.9726e-05	0.13660	liquid
256.47	2600.0	65.149	0.015349	5.0160	5.7721	23.253	40.186	78.441	2669.4	-0.0012628	8.9664e-05	0.13653	liquid
256.53	2600.0	65.136	0.015353	5.0211	5.7773	23.274	40.185	78.451	2668.2	-0.0012587	8.9602e-05	0.13646	liquid
256.60	2600.0	65.122	0.015356	5.0262	5.7825	23.294	40.184	78.461	2667.1	-0.0012546	8.9541e-05	0.13640	liquid
256.67	2600.0	65.108	0.015359	5.0312	5.7878	23.315	40.183	78.470	2665.9	-0.0012505	8.9480e-05	0.13633	liquid
256.73	2600.0	65.095	0.015362	5.0363	5.7930	23.335	40.182	78.480	2664.7	-0.0012464	8.9418e-05	0.13627	liquid
256.80	2600.0	65.081	0.015366	5.0414	5.7982	23.355	40.181	78.490	2663.6	-0.0012422	8.9357e-05	0.13620	liquid
256.87	2600.0	65.067	0.015369	5.0465	5.8035	23.376	40.180	78.500	2662.4	-0.0012381	8.9295e-05	0.13614	liquid
256.93	2600.0	65.053	0.015372	5.0515	5.8087	23.396	40.179	78.509	2661.2	-0.0012339	8.9234e-05	0.13607	liquid
257.00	2600.0	65.040	0.015375	5.0566	5.8139	23.416	40.178	78.519	2660.1	-0.0012298	8.9173e-05	0.13601	liquid
257.07	2600.0	65.026	0.015379	5.0617	5.8192	23.437	40.177	78.529	2658.9	-0.0012256	8.9112e-05	0.13594	liquid
257.13	2600.0	65.012	0.015382	5.0668	5.8244	23.457	40.176	78.539	2657.7	-0.0012215	8.9051e-05	0.13587	liquid
257.20	2600.0	64.998	0.015385	5.0718	5.8296	23.478	40.175	78.549	2656.6	-0.0012173	8.8990e-05	0.13581	liquid
257.27	2600.0	64.984	0.015388	5.0769	5.8349	23.498	40.174	78.558	2655.4	-0.0012131	8.8929e-05	0.13574	liquid
257.33	2600.0	64.971	0.015392	5.0820	5.8401	23.518	40.173	78.568	2654.2	-0.0012089	8.8868e-05	0.13568	liquid
257.40	2600.0	64.957	0.015395	5.0871	5.8453	23.539	40.172	78.578	2653.1	-0.0012047	8.8807e-05	0.13561	liquid
257.47	2600.0	64.943	0.015398	5.0921	5.8506	23.559	40.171	78.588	2651.9	-0.0012005	8.8746e-05	0.13555	liquid
257.53	2600.0	64.929	0.015401	5.0972	5.8558	23.579	40.170	78.598	2650.7	-0.0011963	8.8686e-05	0.13548	liquid
257.60	2600.0	64.915	0.015405	5.1023	5.8611	23.600	40.169	78.608	2649.6	-0.0011921	8.8625e-05	0.13542	liquid
257.67	2600.0	64.902	0.015408	5.1074	5.8663	23.620	40.168	78.618	2648.4	-0.0011879	8.8564e-05	0.13535	liquid
257.73	2600.0	64.888	0.015411	5.1125	5.8715	23.640	40.167	78.628	2647.2	-0.0011837	8.8504e-05	0.13528	liquid
257.80	2600.0	64.874	0.015414	5.1175	5.8768	23.661	40.167	78.637	2646.1	-0.0011795	8.8443e-05	0.13522	liquid
257.87	2600.0	64.860	0.015418	5.1226	5.8820	23.681	40.166	78.647	2644.9	-0.0011753	8.8383e-05	0.13515	liquid
257.93	2600.0	64.846	0.015421	5.1277	5.8873	23.701	40.165	78.657	2643.7	-0.0011710	8.8322e-05	0.13509	liquid
258.00	2600.0	64.833	0.015424	5.1328	5.8925	23.722	40.164	78.667	2642.6	-0.0011668	8.8262e-05	0.13502	liquid
258.07	2600.0	64.819	0.015428	5.1379	5.8978	23.742	40.163	78.677	2641.4	-0.0011625	8.8201e-05	0.13496	liquid
258.13	2600.0	64.805	0.015431	5.1430	5.9030	23.762	40.162	78.687	2640.2	-0.0011583	8.8141e-05	0.13489	liquid
258.20	2600.0	64.791	0.015434	5.1480	5.9083	23.783	40.161	78.697	2639.1	-0.0011540	8.8081e-05	0.13483	liquid
258.27	2600.0	64.777	0.015438	5.1531	5.9135	23.803	40.160	78.707	2637.9	-0.0011498	8.8021e-05	0.13476	liquid
258.33	2600.0	64.763	0.015441	5.1582	5.9187	23.823	40.159	78.717	2636.7	-0.0011455	8.7961e-05	0.13470	liquid
258.40	2600.0	64.750	0.015444	5.1633	5.9240	23.844	40.158	78.727	2635.6	-0.0011412	8.7901e-05	0.13463	liquid
258.47	2600.0	64.736	0.015447	5.1684	5.9292	23.864	40.157	78.738	2634.4	-0.0011369	8.7841e-05	0.13457	liquid
258.53	2600.0	64.722	0.015451	5.1735	5.9345	23.884	40.156	78.748	2633.2	-0.0011326	8.7781e-05	0.13450	liquid
258.60	2600.0	64.708	0.015454	5.1786	5.9397	23.904	40.155	78.758	2632.1	-0.0011283	8.7721e-05	0.13444	liquid
258.67	2600.0	64.694	0.015457	5.1836	5.9450	23.925	40.155	78.768	2630.9	-0.0011240	8.7661e-05	0.13437	liquid
258.73	2600.0	64.680	0.015461	5.1887	5.9502	23.945	40.154	78.778	2629.7	-0.0011197	8.7601e-05	0.13431	liquid
258.80	2600.0	64.666	0.015464	5.1938	5.9555	23.965	40.153	78.788	2628.6	-0.0011154	8.7541e-05	0.13424	liquid
258.87	2600.0	64.652	0.015467	5.1989	5.9608	23.986	40.152	78.798	2627.4	-0.0011111	8.7482e-05	0.13417	liquid
258.93	2600.0	64.639	0.015471	5.2040	5.9660	24.006	40.151	78.808	2626.2	-0.0011068	8.7422e-05	0.13411	liquid
259.00	2600.0	64.625	0.015474	5.2091	5.9713	24.026	40.150	78.819	2625.1	-0.0011024	8.7362e-05	0.13404	liquid
259.07	2600.0	64.611	0.015477	5.2142	5.9765	24.047	40.149	78.829	2623.9	-0.0010981	8.7303e-05	0.13398	liquid
259.13	2600.0	64.597	0.015481	5.2193	5.9818	24.067	40.148	78.839	2622.7	-0.0010938	8.7243e-05	0.13391	liquid
259.20	2600.0	64.583	0.015484	5.2244	5.9870	24.087	40.147	78.849	2621.6	-0.0010894	8.7184e-05	0.13385	liquid
259.27	2600.0	64.569	0.015487	5.2295	5.9923	24.107	40.146	78.859	2620.4	-0.0010851	8.7124e-05	0.13378	liquid
259.33	2600.0	64.555	0.015491	5.2345	5.9975	24.128	40.145	78.870	2619.2	-0.0010807	8.7065e-05	0.13372	liquid
259.40	2600.0	64.541	0.015494	5.2396	6.0028	24.148	40.145	78.880	2618.1	-0.0010763	8.7006e-05	0.13365	liquid
259.47	2600.0	64.527	0.015497	5.2447	6.0081	24.168	40.144	78.890	2616.9	-0.0010719	8.6946e-05	0.13359	liquid
259.53	2600.0	64.513	0.015501	5.2498	6.0133	24.188	40.143	78.901	2615.8	-0.0010676	8.6887e-05	0.13352	liquid
259.60	2600.0	64.499	0.015504	5.2549	6.0186	24.209	40.142	78.911	2614.6	-0.0010632	8.6828e-05	0.13346	liquid
259.67	2600.0	64.485	0.015507	5.2600	6.0238	24.229	40.141	78.921	2613.4	-0.0010588	8.6769e-05	0.13339	liquid
259.73	2600.0	64.472	0.015511	5.2651	6.0291	24.249	40.140	78.932	2612.3	-0.0010544	8.6710e-05	0.13333	liquid
259.80	2600.0	64.458	0.015514	5.2702	6.0344	24.270	40.139	78.942	2611.1	-0.0010500	8.6651e-05	0.13326	liquid
259.87	2600.0	64.444	0.015517	5.2753	6.0396	24.290	40.138	78.952	2609.9	-0.0010456	8.6592e-05	0.13320	liquid
259.93	2600.0	64.430	0.015521	5.2804	6.0449	24.310	40.137	78.963	2608.8	-0.0010411	8.6533e-05	0.13313	liquid
260.00	2600.0	64.416	0.015524	5.2855	6.0502	24.330	40.137	78.973	2607.6	-0.0010367	8.6474e-05	0.13307	liquid
260.07	2600.0	64.402	0.015528	5.2906	6.0554	24.351	40.136	78.983	2606.4	-0.0010323	8.6415e-05	0.13300	liquid
260.13	2600.0	64.388	0.015531	5.2957	6.0607	24.371	40.135	78.994	2605.3	-0.0010279	8.6357e-05	0.13294	liquid
260.20	2600.0	64.374	0.015534	5.3008	6.0660	24.391	40.134	79.004	2604.1	-0.0010234	8.6298e-05	0.13287	liquid
260.27	2600.0	64.360	0.015538	5.3059	6.0712	24.411	40.133	79.015	2602.9	-0.0010190	8.6239e-05	0.13281	liquid
260.33	2600.0	64.346	0.015541	5.3110	6.0765	24.432	40.132	79.025	2601.8	-0.0010145	8.6181e-05	0.13274	liquid
260.40	2600.0	64.332	0.015544	5.3161	6.0818	24.452	40.131	79.036	2600.6	-0.0010100	8.6122e-05	0.13268	liquid
260.47	2600.0	64.318	0.015548	5.3212	6.0870	24.472	40.130	79.046	2599.4	-0.0010056	8.6064e-05	0.13261	liquid
260.53	2600.0	64.304	0.015551	5.3263	6.0923	24.492	40.130	79.057	2598.3	-0.0010011	8.6005e-05	0.13255	liquid
260.60	2600.0	64.290	0.015555	5.3314	6.0976	24.512	40.129	79.067	2597.1	-0.00099661	8.5947e-05	0.13248	liquid
260.67	2600.0	64.276	0.015558	5.3365	6.1028	24.533	40.128	79.078	2595.9	-0.00099212	8.5888e-05	0.13242	liquid
260.73	2600.0	64.262	0.015561	5.3416	6.1081	24.553	40.127	79.088	2594.8	-0.00098762	8.5830e-05	0.13235	liquid
260.80	2600.0	64.248	0.015565	5.3467	6.1134	24.573	40.126	79.099	2593.6	-0.00098312	8.5772e-05	0.13229	liquid
260.87	2600.0	64.234	0.015568	5.3518	6.1187	24.593	40.125	79.109	2592.5	-0.00097861	8.5714e-05	0.13222	liquid
260.93	2600.0	64.220	0.015572	5.3570	6.1239	24.614	40.124	79.120	2591.3	-0.00097410	8.5656e-05	0.13216	liquid
261.00	2600.0	64.206	0.015575	5.3621	6.1292	24.634	40.124	79.131	2590.1	-0.00096958	8.5597e-05	0.13209	liquid
261.07	2600.0	64.192	0.015578	5.3672	6.1345	24.654	40.123	79.141	2589.0	-0.00096505	8.5539e-05	0.13203	liquid
261.13	2600.0	64.178	0.015582	5.3723	6.1398	24.674	40.122	79.152	2587.8	-0.00096052	8.5481e-05	0.13196	liquid
261.20	2600.0	64.164	0.015585	5.3774	6.1450	24.694	40.121	79.163	2586.6	-0.00095598	8.5423e-05	0.13190	liquid
261.27	2600.0	64.150	0.015589	5.3825	6.1503	24.715	40.120	79.173	2585.5	-0.00095143	8.5365e-05	0.13184	liquid
261.33	2600.0	64.136	0.015592	5.3876	6.1556	24.735	40.119	79.184	2584.3	-0.00094688	8.5308e-05	0.13177	liquid
261.40	2600.0	64.121	0.015595	5.3927	6.1609	24.755	40.118	79.195	2583.1	-0.00094232	8.5250e-05	0.13171	liquid
261.47	2600.0	64.107	0.015599	5.3978	6.1662	24.775	40.118	79.205	2582.0	-0.00093775	8.5192e-05	0.13164	liquid
261.53	2600.0	64.093	0.015602	5.4029	6.1714	24.795	40.117	79.216	2580.8	-0.00093318	8.5134e-05	0.13158	liquid
261.60	2600.0	64.079	0.015606	5.4081	6.1767	24.816	40.116	79.227	2579.6	-0.00092860	8.5077e-05	0.13151	liquid
261.67	2600.0	64.065	0.015609	5.4132	6.1820	24.836	40.115	79.237	2578.5	-0.00092401	8.5019e-05	0.13145	liquid
261.73	2600.0	64.051	0.015613	5.4183	6.1873	24.856	40.114	79.248	2577.3	-0.00091942	8.4961e-05	0.13138	liquid
261.80	2600.0	64.037	0.015616	5.4234	6.1926	24.876	40.113	79.259	2576.2	-0.00091482	8.4904e-05	0.13132	liquid
261.87	2600.0	64.023	0.015619	5.4285	6.1978	24.896	40.113	79.270	2575.0	-0.00091022	8.4846e-05	0.13125	liquid
261.93	2600.0	64.009	0.015623	5.4336	6.2031	24.916	40.112	79.281	2573.8	-0.00090560	8.4789e-05	0.13119	liquid
262.00	2600.0	63.995	0.015626	5.4387	6.2084	24.937	40.111	79.291	2572.7	-0.00090098	8.4732e-05	0.13112	liquid
262.07	2600.0	63.981	0.015630	5.4439	6.2137	24.957	40.110	79.302	2571.5	-0.00089636	8.4674e-05	0.13106	liquid
262.13	2600.0	63.967	0.015633	5.4490	6.2190	24.977	40.109	79.313	2570.3	-0.00089173	8.4617e-05	0.13099	liquid
262.20	2600.0	63.952	0.015637	5.4541	6.2243	24.997	40.108	79.324	2569.2	-0.00088709	8.4560e-05	0.13093	liquid
262.27	2600.0	63.938	0.015640	5.4592	6.2296	25.017	40.108	79.335	2568.0	-0.00088244	8.4502e-05	0.13086	liquid
262.33	2600.0	63.924	0.015644	5.4643	6.2349	25.038	40.107	79.346	2566.8	-0.00087779	8.4445e-05	0.13080	liquid
262.40	2600.0	63.910	0.015647	5.4695	6.2401	25.058	40.106	79.357	2565.7	-0.00087313	8.4388e-05	0.13074	liquid
262.47	2600.0	63.896	0.015650	5.4746	6.2454	25.078	40.105	79.368	2564.5	-0.00086846	8.4331e-05	0.13067	liquid
262.53	2600.0	63.882	0.015654	5.4797	6.2507	25.098	40.104	79.379	2563.3	-0.00086379	8.4274e-05	0.13061	liquid
262.60	2600.0	63.868	0.015657	5.4848	6.2560	25.118	40.103	79.390	2562.2	-0.00085911	8.4217e-05	0.13054	liquid
262.67	2600.0	63.854	0.015661	5.4899	6.2613	25.138	40.103	79.401	2561.0	-0.00085443	8.4160e-05	0.13048	liquid
262.73	2600.0	63.839	0.015664	5.4951	6.2666	25.158	40.102	79.412	2559.9	-0.00084973	8.4103e-05	0.13041	liquid
262.80	2600.0	63.825	0.015668	5.5002	6.2719	25.179	40.101	79.423	2558.7	-0.00084504	8.4046e-05	0.13035	liquid
262.87	2600.0	63.811	0.015671	5.5053	6.2772	25.199	40.100	79.434	2557.5	-0.00084033	8.3990e-05	0.13028	liquid
262.93	2600.0	63.797	0.015675	5.5104	6.2825	25.219	40.099	79.445	2556.4	-0.00083562	8.3933e-05	0.13022	liquid
263.00	2600.0	63.783	0.015678	5.5156	6.2878	25.239	40.099	79.456	2555.2	-0.00083090	8.3876e-05	0.13016	liquid
263.07	2600.0	63.769	0.015682	5.5207	6.2931	25.259	40.098	79.467	2554.0	-0.00082617	8.3820e-05	0.13009	liquid
263.13	2600.0	63.754	0.015685	5.5258	6.2984	25.279	40.097	79.478	2552.9	-0.00082144	8.3763e-05	0.13003	liquid
263.20	2600.0	63.740	0.015689	5.5309	6.3037	25.299	40.096	79.489	2551.7	-0.00081670	8.3706e-05	0.12996	liquid
263.27	2600.0	63.726	0.015692	5.5361	6.3090	25.320	40.095	79.500	2550.5	-0.00081195	8.3650e-05	0.12990	liquid
263.33	2600.0	63.712	0.015696	5.5412	6.3143	25.340	40.095	79.511	2549.4	-0.00080719	8.3593e-05	0.12983	liquid
263.40	2600.0	63.698	0.015699	5.5463	6.3196	25.360	40.094	79.522	2548.2	-0.00080243	8.3537e-05	0.12977	liquid
263.47	2600.0	63.683	0.015703	5.5515	6.3249	25.380	40.093	79.533	2547.1	-0.00079767	8.3481e-05	0.12970	liquid
263.53	2600.0	63.669	0.015706	5.5566	6.3302	25.400	40.092	79.545	2545.9	-0.00079289	8.3424e-05	0.12964	liquid
263.60	2600.0	63.655	0.015710	5.5617	6.3355	25.420	40.091	79.556	2544.7	-0.00078811	8.3368e-05	0.12958	liquid
263.67	2600.0	63.641	0.015713	5.5668	6.3408	25.440	40.091	79.567	2543.6	-0.00078332	8.3312e-05	0.12951	liquid
263.73	2600.0	63.627	0.015717	5.5720	6.3461	25.460	40.090	79.578	2542.4	-0.00077853	8.3256e-05	0.12945	liquid
263.80	2600.0	63.612	0.015720	5.5771	6.3514	25.481	40.089	79.590	2541.2	-0.00077372	8.3199e-05	0.12938	liquid
263.87	2600.0	63.598	0.015724	5.5822	6.3567	25.501	40.088	79.601	2540.1	-0.00076891	8.3143e-05	0.12932	liquid
263.93	2600.0	63.584	0.015727	5.5874	6.3620	25.521	40.087	79.612	2538.9	-0.00076410	8.3087e-05	0.12925	liquid
264.00	2600.0	63.570	0.015731	5.5925	6.3673	25.541	40.087	79.623	2537.8	-0.00075927	8.3031e-05	0.12919	liquid
264.07	2600.0	63.555	0.015734	5.5976	6.3726	25.561	40.086	79.635	2536.6	-0.00075444	8.2975e-05	0.12913	liquid
264.13	2600.0	63.541	0.015738	5.6028	6.3779	25.581	40.085	79.646	2535.4	-0.00074961	8.2919e-05	0.12906	liquid
264.20	2600.0	63.527	0.015741	5.6079	6.3833	25.601	40.084	79.657	2534.3	-0.00074476	8.2863e-05	0.12900	liquid
264.27	2600.0	63.513	0.015745	5.6131	6.3886	25.621	40.084	79.669	2533.1	-0.00073991	8.2808e-05	0.12893	liquid
264.33	2600.0	63.498	0.015748	5.6182	6.3939	25.641	40.083	79.680	2531.9	-0.00073505	8.2752e-05	0.12887	liquid
264.40	2600.0	63.484	0.015752	5.6233	6.3992	25.661	40.082	79.691	2530.8	-0.00073019	8.2696e-05	0.12880	liquid
264.47	2600.0	63.470	0.015756	5.6285	6.4045	25.682	40.081	79.703	2529.6	-0.00072531	8.2640e-05	0.12874	liquid
264.53	2600.0	63.456	0.015759	5.6336	6.4098	25.702	40.080	79.714	2528.4	-0.00072043	8.2585e-05	0.12868	liquid
264.60	2600.0	63.441	0.015763	5.6387	6.4151	25.722	40.080	79.726	2527.3	-0.00071555	8.2529e-05	0.12861	liquid
264.67	2600.0	63.427	0.015766	5.6439	6.4204	25.742	40.079	79.737	2526.1	-0.00071065	8.2474e-05	0.12855	liquid
264.73	2600.0	63.413	0.015770	5.6490	6.4258	25.762	40.078	79.748	2525.0	-0.00070575	8.2418e-05	0.12848	liquid
264.80	2600.0	63.398	0.015773	5.6542	6.4311	25.782	40.077	79.760	2523.8	-0.00070084	8.2363e-05	0.12842	liquid
264.87	2600.0	63.384	0.015777	5.6593	6.4364	25.802	40.077	79.771	2522.6	-0.00069593	8.2307e-05	0.12836	liquid
264.93	2600.0	63.370	0.015780	5.6645	6.4417	25.822	40.076	79.783	2521.5	-0.00069101	8.2252e-05	0.12829	liquid
265.00	2600.0	63.355	0.015784	5.6696	6.4470	25.842	40.075	79.794	2520.3	-0.00068608	8.2196e-05	0.12823	liquid
265.07	2600.0	63.341	0.015788	5.6747	6.4524	25.862	40.074	79.806	2519.1	-0.00068114	8.2141e-05	0.12816	liquid
265.13	2600.0	63.327	0.015791	5.6799	6.4577	25.882	40.074	79.818	2518.0	-0.00067620	8.2086e-05	0.12810	liquid
265.20	2600.0	63.312	0.015795	5.6850	6.4630	25.902	40.073	79.829	2516.8	-0.00067124	8.2031e-05	0.12804	liquid
265.27	2600.0	63.298	0.015798	5.6902	6.4683	25.923	40.072	79.841	2515.7	-0.00066629	8.1975e-05	0.12797	liquid
265.33	2600.0	63.284	0.015802	5.6953	6.4736	25.943	40.071	79.852	2514.5	-0.00066132	8.1920e-05	0.12791	liquid
265.40	2600.0	63.269	0.015805	5.7005	6.4790	25.963	40.071	79.864	2513.3	-0.00065635	8.1865e-05	0.12784	liquid
265.47	2600.0	63.255	0.015809	5.7056	6.4843	25.983	40.070	79.875	2512.2	-0.00065137	8.1810e-05	0.12778	liquid
265.53	2600.0	63.241	0.015813	5.7108	6.4896	26.003	40.069	79.887	2511.0	-0.00064638	8.1755e-05	0.12772	liquid
265.60	2600.0	63.226	0.015816	5.7159	6.4949	26.023	40.068	79.899	2509.8	-0.00064138	8.1700e-05	0.12765	liquid
265.67	2600.0	63.212	0.015820	5.7211	6.5003	26.043	40.068	79.910	2508.7	-0.00063638	8.1645e-05	0.12759	liquid
265.73	2600.0	63.198	0.015823	5.7262	6.5056	26.063	40.067	79.922	2507.5	-0.00063137	8.1590e-05	0.12752	liquid
265.80	2600.0	63.183	0.015827	5.7314	6.5109	26.083	40.066	79.934	2506.4	-0.00062635	8.1536e-05	0.12746	liquid
265.87	2600.0	63.169	0.015831	5.7365	6.5163	26.103	40.065	79.946	2505.2	-0.00062133	8.1481e-05	0.12740	liquid
265.93	2600.0	63.154	0.015834	5.7417	6.5216	26.123	40.065	79.957	2504.0	-0.00061630	8.1426e-05	0.12733	liquid
266.00	2600.0	63.140	0.015838	5.7468	6.5269	26.143	40.064	79.969	2502.9	-0.00061126	8.1371e-05	0.12727	liquid
266.07	2600.0	63.126	0.015841	5.7520	6.5323	26.163	40.063	79.981	2501.7	-0.00060621	8.1317e-05	0.12720	liquid
266.13	2600.0	63.111	0.015845	5.7571	6.5376	26.183	40.062	79.993	2500.5	-0.00060116	8.1262e-05	0.12714	liquid
266.20	2600.0	63.097	0.015849	5.7623	6.5429	26.203	40.062	80.004	2499.4	-0.00059610	8.1207e-05	0.12708	liquid
266.27	2600.0	63.082	0.015852	5.7674	6.5483	26.223	40.061	80.016	2498.2	-0.00059103	8.1153e-05	0.12701	liquid
266.33	2600.0	63.068	0.015856	5.7726	6.5536	26.243	40.060	80.028	2497.1	-0.00058595	8.1098e-05	0.12695	liquid
266.40	2600.0	63.054	0.015860	5.7778	6.5589	26.263	40.059	80.040	2495.9	-0.00058087	8.1044e-05	0.12688	liquid
266.47	2600.0	63.039	0.015863	5.7829	6.5643	26.283	40.059	80.052	2494.7	-0.00057578	8.0989e-05	0.12682	liquid
266.53	2600.0	63.025	0.015867	5.7881	6.5696	26.303	40.058	80.064	2493.6	-0.00057068	8.0935e-05	0.12676	liquid
266.60	2600.0	63.010	0.015870	5.7932	6.5749	26.323	40.057	80.076	2492.4	-0.00056557	8.0881e-05	0.12669	liquid
266.67	2600.0	62.996	0.015874	5.7984	6.5803	26.343	40.057	80.088	2491.2	-0.00056046	8.0827e-05	0.12663	liquid
266.73	2600.0	62.981	0.015878	5.8036	6.5856	26.363	40.056	80.099	2490.1	-0.00055534	8.0772e-05	0.12657	liquid
266.80	2600.0	62.967	0.015881	5.8087	6.5910	26.383	40.055	80.111	2488.9	-0.00055021	8.0718e-05	0.12650	liquid
266.87	2600.0	62.953	0.015885	5.8139	6.5963	26.403	40.054	80.123	2487.8	-0.00054507	8.0664e-05	0.12644	liquid
266.93	2600.0	62.938	0.015889	5.8190	6.6016	26.424	40.054	80.135	2486.6	-0.00053993	8.0610e-05	0.12637	liquid
267.00	2600.0	62.924	0.015892	5.8242	6.6070	26.444	40.053	80.147	2485.4	-0.00053478	8.0556e-05	0.12631	liquid
267.07	2600.0	62.909	0.015896	5.8294	6.6123	26.464	40.052	80.159	2484.3	-0.00052962	8.0502e-05	0.12625	liquid
267.13	2600.0	62.895	0.015900	5.8345	6.6177	26.484	40.052	80.171	2483.1	-0.00052445	8.0448e-05	0.12618	liquid
267.20	2600.0	62.880	0.015903	5.8397	6.6230	26.504	40.051	80.184	2482.0	-0.00051928	8.0394e-05	0.12612	liquid
267.27	2600.0	62.866	0.015907	5.8449	6.6284	26.524	40.050	80.196	2480.8	-0.00051410	8.0340e-05	0.12606	liquid
267.33	2600.0	62.851	0.015911	5.8500	6.6337	26.544	40.049	80.208	2479.6	-0.00050891	8.0286e-05	0.12599	liquid
267.40	2600.0	62.837	0.015914	5.8552	6.6391	26.564	40.049	80.220	2478.5	-0.00050371	8.0232e-05	0.12593	liquid
267.47	2600.0	62.822	0.015918	5.8604	6.6444	26.584	40.048	80.232	2477.3	-0.00049851	8.0178e-05	0.12587	liquid
267.53	2600.0	62.808	0.015922	5.8655	6.6497	26.604	40.047	80.244	2476.1	-0.00049329	8.0125e-05	0.12580	liquid
267.60	2600.0	62.793	0.015925	5.8707	6.6551	26.624	40.047	80.256	2475.0	-0.00048807	8.0071e-05	0.12574	liquid
267.67	2600.0	62.779	0.015929	5.8759	6.6604	26.644	40.046	80.268	2473.8	-0.00048284	8.0017e-05	0.12567	liquid
267.73	2600.0	62.764	0.015933	5.8810	6.6658	26.664	40.045	80.281	2472.7	-0.00047761	7.9964e-05	0.12561	liquid
267.80	2600.0	62.750	0.015936	5.8862	6.6712	26.684	40.045	80.293	2471.5	-0.00047237	7.9910e-05	0.12555	liquid
267.87	2600.0	62.735	0.015940	5.8914	6.6765	26.704	40.044	80.305	2470.3	-0.00046711	7.9856e-05	0.12548	liquid
267.93	2600.0	62.721	0.015944	5.8966	6.6819	26.723	40.043	80.317	2469.2	-0.00046185	7.9803e-05	0.12542	liquid
268.00	2600.0	62.706	0.015947	5.9017	6.6872	26.743	40.043	80.329	2468.0	-0.00045659	7.9749e-05	0.12536	liquid
268.07	2600.0	62.691	0.015951	5.9069	6.6926	26.763	40.042	80.342	2466.9	-0.00045131	7.9696e-05	0.12529	liquid
268.13	2600.0	62.677	0.015955	5.9121	6.6979	26.783	40.041	80.354	2465.7	-0.00044603	7.9643e-05	0.12523	liquid
268.20	2600.0	62.662	0.015959	5.9172	6.7033	26.803	40.040	80.366	2464.5	-0.00044074	7.9589e-05	0.12517	liquid
268.27	2600.0	62.648	0.015962	5.9224	6.7086	26.823	40.040	80.379	2463.4	-0.00043544	7.9536e-05	0.12510	liquid
268.33	2600.0	62.633	0.015966	5.9276	6.7140	26.843	40.039	80.391	2462.2	-0.00043014	7.9483e-05	0.12504	liquid
268.40	2600.0	62.619	0.015970	5.9328	6.7194	26.863	40.038	80.403	2461.0	-0.00042482	7.9430e-05	0.12498	liquid
268.47	2600.0	62.604	0.015973	5.9380	6.7247	26.883	40.038	80.416	2459.9	-0.00041950	7.9376e-05	0.12491	liquid
268.53	2600.0	62.590	0.015977	5.9431	6.7301	26.903	40.037	80.428	2458.7	-0.00041417	7.9323e-05	0.12485	liquid
268.60	2600.0	62.575	0.015981	5.9483	6.7354	26.923	40.036	80.440	2457.6	-0.00040883	7.9270e-05	0.12479	liquid
268.67	2600.0	62.560	0.015985	5.9535	6.7408	26.943	40.036	80.453	2456.4	-0.00040349	7.9217e-05	0.12472	liquid
268.73	2600.0	62.546	0.015988	5.9587	6.7462	26.963	40.035	80.465	2455.2	-0.00039813	7.9164e-05	0.12466	liquid
268.80	2600.0	62.531	0.015992	5.9638	6.7515	26.983	40.034	80.478	2454.1	-0.00039277	7.9111e-05	0.12460	liquid
268.87	2600.0	62.516	0.015996	5.9690	6.7569	27.003	40.034	80.490	2452.9	-0.00038740	7.9058e-05	0.12453	liquid
268.93	2600.0	62.502	0.016000	5.9742	6.7623	27.023	40.033	80.503	2451.8	-0.00038202	7.9005e-05	0.12447	liquid
269.00	2600.0	62.487	0.016003	5.9794	6.7676	27.043	40.032	80.515	2450.6	-0.00037664	7.8952e-05	0.12441	liquid
269.07	2600.0	62.473	0.016007	5.9846	6.7730	27.063	40.032	80.528	2449.4	-0.00037124	7.8899e-05	0.12434	liquid
269.13	2600.0	62.458	0.016011	5.9898	6.7784	27.083	40.031	80.540	2448.3	-0.00036584	7.8847e-05	0.12428	liquid
269.20	2600.0	62.443	0.016015	5.9949	6.7837	27.103	40.030	80.553	2447.1	-0.00036043	7.8794e-05	0.12422	liquid
269.27	2600.0	62.429	0.016018	6.0001	6.7891	27.123	40.030	80.566	2445.9	-0.00035501	7.8741e-05	0.12415	liquid
269.33	2600.0	62.414	0.016022	6.0053	6.7945	27.143	40.029	80.578	2444.8	-0.00034959	7.8688e-05	0.12409	liquid
269.40	2600.0	62.399	0.016026	6.0105	6.7999	27.163	40.028	80.591	2443.6	-0.00034415	7.8636e-05	0.12403	liquid
269.47	2600.0	62.385	0.016030	6.0157	6.8052	27.183	40.028	80.603	2442.5	-0.00033871	7.8583e-05	0.12396	liquid
269.53	2600.0	62.370	0.016033	6.0209	6.8106	27.203	40.027	80.616	2441.3	-0.00033326	7.8531e-05	0.12390	liquid
269.60	2600.0	62.355	0.016037	6.0261	6.8160	27.223	40.027	80.629	2440.1	-0.00032780	7.8478e-05	0.12384	liquid
269.67	2600.0	62.341	0.016041	6.0313	6.8214	27.242	40.026	80.641	2439.0	-0.00032234	7.8426e-05	0.12377	liquid
269.73	2600.0	62.326	0.016045	6.0365	6.8267	27.262	40.025	80.654	2437.8	-0.00031686	7.8373e-05	0.12371	liquid
269.80	2600.0	62.311	0.016048	6.0416	6.8321	27.282	40.025	80.667	2436.7	-0.00031138	7.8321e-05	0.12365	liquid
269.87	2600.0	62.297	0.016052	6.0468	6.8375	27.302	40.024	80.680	2435.5	-0.00030589	7.8268e-05	0.12358	liquid
269.93	2600.0	62.282	0.016056	6.0520	6.8429	27.322	40.023	80.692	2434.3	-0.00030039	7.8216e-05	0.12352	liquid
270.00	2600.0	62.267	0.016060	6.0572	6.8482	27.342	40.023	80.705	2433.2	-0.00029488	7.8164e-05	0.12346	liquid
270.07	2600.0	62.253	0.016064	6.0624	6.8536	27.362	40.022	80.718	2432.0	-0.00028936	7.8112e-05	0.12339	liquid
270.13	2600.0	62.238	0.016067	6.0676	6.8590	27.382	40.021	80.731	2430.9	-0.00028384	7.8059e-05	0.12333	liquid
270.20	2600.0	62.223	0.016071	6.0728	6.8644	27.402	40.021	80.743	2429.7	-0.00027831	7.8007e-05	0.12327	liquid
270.27	2600.0	62.208	0.016075	6.0780	6.8698	27.422	40.020	80.756	2428.5	-0.00027276	7.7955e-05	0.12321	liquid
270.33	2600.0	62.194	0.016079	6.0832	6.8752	27.442	40.019	80.769	2427.4	-0.00026721	7.7903e-05	0.12314	liquid
270.40	2600.0	62.179	0.016083	6.0884	6.8805	27.462	40.019	80.782	2426.2	-0.00026166	7.7851e-05	0.12308	liquid
270.47	2600.0	62.164	0.016086	6.0936	6.8859	27.482	40.018	80.795	2425.0	-0.00025609	7.7799e-05	0.12302	liquid
270.53	2600.0	62.149	0.016090	6.0988	6.8913	27.501	40.018	80.808	2423.9	-0.00025052	7.7747e-05	0.12295	liquid
270.60	2600.0	62.135	0.016094	6.1040	6.8967	27.521	40.017	80.821	2422.7	-0.00024493	7.7695e-05	0.12289	liquid
270.67	2600.0	62.120	0.016098	6.1092	6.9021	27.541	40.016	80.834	2421.6	-0.00023934	7.7643e-05	0.12283	liquid
270.73	2600.0	62.105	0.016102	6.1144	6.9075	27.561	40.016	80.847	2420.4	-0.00023374	7.7591e-05	0.12276	liquid
270.80	2600.0	62.090	0.016106	6.1196	6.9129	27.581	40.015	80.860	2419.2	-0.00022813	7.7539e-05	0.12270	liquid
270.87	2600.0	62.076	0.016109	6.1248	6.9183	27.601	40.015	80.873	2418.1	-0.00022252	7.7488e-05	0.12264	liquid
270.93	2600.0	62.061	0.016113	6.1300	6.9237	27.621	40.014	80.886	2416.9	-0.00021689	7.7436e-05	0.12258	liquid
271.00	2600.0	62.046	0.016117	6.1352	6.9290	27.641	40.013	80.899	2415.8	-0.00021126	7.7384e-05	0.12251	liquid
271.07	2600.0	62.031	0.016121	6.1404	6.9344	27.661	40.013	80.912	2414.6	-0.00020562	7.7332e-05	0.12245	liquid
271.13	2600.0	62.016	0.016125	6.1456	6.9398	27.681	40.012	80.925	2413.4	-0.00019997	7.7281e-05	0.12239	liquid
271.20	2600.0	62.002	0.016129	6.1508	6.9452	27.701	40.011	80.938	2412.3	-0.00019431	7.7229e-05	0.12232	liquid
271.27	2600.0	61.987	0.016132	6.1560	6.9506	27.720	40.011	80.951	2411.1	-0.00018864	7.7178e-05	0.12226	liquid
271.33	2600.0	61.972	0.016136	6.1612	6.9560	27.740	40.010	80.964	2410.0	-0.00018296	7.7126e-05	0.12220	liquid
271.40	2600.0	61.957	0.016140	6.1664	6.9614	27.760	40.010	80.977	2408.8	-0.00017728	7.7074e-05	0.12214	liquid
271.47	2600.0	61.942	0.016144	6.1716	6.9668	27.780	40.009	80.991	2407.6	-0.00017158	7.7023e-05	0.12207	liquid
271.53	2600.0	61.928	0.016148	6.1769	6.9722	27.800	40.008	81.004	2406.5	-0.00016588	7.6972e-05	0.12201	liquid
271.60	2600.0	61.913	0.016152	6.1821	6.9776	27.820	40.008	81.017	2405.3	-0.00016017	7.6920e-05	0.12195	liquid
271.67	2600.0	61.898	0.016156	6.1873	6.9830	27.840	40.007	81.030	2404.2	-0.00015445	7.6869e-05	0.12188	liquid
271.73	2600.0	61.883	0.016160	6.1925	6.9884	27.860	40.007	81.043	2403.0	-0.00014872	7.6817e-05	0.12182	liquid
271.80	2600.0	61.868	0.016163	6.1977	6.9938	27.880	40.006	81.057	2401.8	-0.00014299	7.6766e-05	0.12176	liquid
271.87	2600.0	61.853	0.016167	6.2029	6.9992	27.899	40.005	81.070	2400.7	-0.00013724	7.6715e-05	0.12170	liquid
271.93	2600.0	61.838	0.016171	6.2081	7.0046	27.919	40.005	81.083	2399.5	-0.00013149	7.6664e-05	0.12163	liquid
272.00	2600.0	61.824	0.016175	6.2133	7.0100	27.939	40.004	81.097	2398.3	-0.00012572	7.6613e-05	0.12157	liquid
272.07	2600.0	61.809	0.016179	6.2186	7.0155	27.959	40.004	81.110	2397.2	-0.00011995	7.6561e-05	0.12151	liquid
272.13	2600.0	61.794	0.016183	6.2238	7.0209	27.979	40.003	81.123	2396.0	-0.00011417	7.6510e-05	0.12145	liquid
272.20	2600.0	61.779	0.016187	6.2290	7.0263	27.999	40.002	81.137	2394.9	-0.00010838	7.6459e-05	0.12138	liquid
272.27	2600.0	61.764	0.016191	6.2342	7.0317	28.019	40.002	81.150	2393.7	-0.00010258	7.6408e-05	0.12132	liquid
272.33	2600.0	61.749	0.016195	6.2394	7.0371	28.039	40.001	81.164	2392.5	-9.6776e-05	7.6357e-05	0.12126	liquid
272.40	2600.0	61.734	0.016198	6.2446	7.0425	28.058	40.001	81.177	2391.4	-9.0960e-05	7.6306e-05	0.12119	liquid
272.47	2600.0	61.719	0.016202	6.2499	7.0479	28.078	40.000	81.190	2390.2	-8.5135e-05	7.6255e-05	0.12113	liquid
272.53	2600.0	61.704	0.016206	6.2551	7.0533	28.098	40.000	81.204	2389.1	-7.9302e-05	7.6204e-05	0.12107	liquid
272.60	2600.0	61.690	0.016210	6.2603	7.0587	28.118	39.999	81.217	2387.9	-7.3459e-05	7.6154e-05	0.12101	liquid
272.67	2600.0	61.675	0.016214	6.2655	7.0642	28.138	39.998	81.231	2386.7	-6.7608e-05	7.6103e-05	0.12094	liquid
272.73	2600.0	61.660	0.016218	6.2708	7.0696	28.158	39.998	81.244	2385.6	-6.1748e-05	7.6052e-05	0.12088	liquid
272.80	2600.0	61.645	0.016222	6.2760	7.0750	28.178	39.997	81.258	2384.4	-5.5878e-05	7.6001e-05	0.12082	liquid
272.87	2600.0	61.630	0.016226	6.2812	7.0804	28.197	39.997	81.272	2383.3	-5.0000e-05	7.5951e-05	0.12076	liquid
272.93	2600.0	61.615	0.016230	6.2864	7.0858	28.217	39.996	81.285	2382.1	-4.4113e-05	7.5900e-05	0.12069	liquid
273.00	2600.0	61.600	0.016234	6.2916	7.0912	28.237	39.996	81.299	2380.9	-3.8216e-05	7.5849e-05	0.12063	liquid
273.07	2600.0	61.585	0.016238	6.2969	7.0967	28.257	39.995	81.312	2379.8	-3.2311e-05	7.5799e-05	0.12057	liquid
273.13	2600.0	61.570	0.016242	6.3021	7.1021	28.277	39.994	81.326	2378.6	-2.6397e-05	7.5748e-05	0.12051	liquid
273.20	2600.0	61.555	0.016246	6.3073	7.1075	28.297	39.994	81.340	2377.5	-2.0473e-05	7.5698e-05	0.12044	liquid
273.27	2600.0	61.540	0.016250	6.3126	7.1129	28.317	39.993	81.353	2376.3	-1.4541e-05	7.5647e-05	0.12038	liquid
273.33	2600.0	61.525	0.016254	6.3178	7.1184	28.336	39.993	81.367	2375.1	-8.5994e-06	7.5597e-05	0.12032	liquid
273.40	2600.0	61.510	0.016258	6.3230	7.1238	28.356	39.992	81.381	2374.0	-2.6487e-06	7.5546e-05	0.12026	liquid
273.47	2600.0	61.495	0.016261	6.3282	7.1292	28.376	39.992	81.394	2372.8	3.3111e-06	7.5496e-05	0.12019	liquid
273.53	2600.0	61.480	0.016265	6.3335	7.1346	28.396	39.991	81.408	2371.7	9.2800e-06	7.5445e-05	0.12013	liquid
273.60	2600.0	61.465	0.016269	6.3387	7.1401	28.416	39.991	81.422	2370.5	1.5258e-05	7.5395e-05	0.12007	liquid
273.67	2600.0	61.450	0.016273	6.3439	7.1455	28.436	39.990	81.436	2369.3	2.1245e-05	7.5345e-05	0.12001	liquid
273.73	2600.0	61.435	0.016277	6.3492	7.1509	28.455	39.989	81.450	2368.2	2.7242e-05	7.5294e-05	0.11994	liquid
273.80	2600.0	61.420	0.016281	6.3544	7.1563	28.475	39.989	81.463	2367.0	3.3247e-05	7.5244e-05	0.11988	liquid
273.87	2600.0	61.405	0.016285	6.3596	7.1618	28.495	39.988	81.477	2365.9	3.9262e-05	7.5194e-05	0.11982	liquid
273.93	2600.0	61.390	0.016289	6.3649	7.1672	28.515	39.988	81.491	2364.7	4.5287e-05	7.5144e-05	0.11976	liquid
274.00	2600.0	61.375	0.016293	6.3701	7.1726	28.535	39.987	81.505	2363.5	5.1320e-05	7.5094e-05	0.11970	liquid
274.07	2600.0	61.360	0.016297	6.3754	7.1781	28.555	39.987	81.519	2362.4	5.7363e-05	7.5044e-05	0.11963	liquid
274.13	2600.0	61.345	0.016301	6.3806	7.1835	28.574	39.986	81.533	2361.2	6.3415e-05	7.4994e-05	0.11957	liquid
274.20	2600.0	61.330	0.016305	6.3858	7.1890	28.594	39.986	81.547	2360.1	6.9476e-05	7.4944e-05	0.11951	liquid
274.27	2600.0	61.315	0.016309	6.3911	7.1944	28.614	39.985	81.561	2358.9	7.5547e-05	7.4894e-05	0.11945	liquid
274.33	2600.0	61.300	0.016313	6.3963	7.1998	28.634	39.985	81.575	2357.7	8.1627e-05	7.4844e-05	0.11938	liquid
274.40	2600.0	61.284	0.016317	6.4016	7.2053	28.654	39.984	81.589	2356.6	8.7716e-05	7.4794e-05	0.11932	liquid
274.47	2600.0	61.269	0.016321	6.4068	7.2107	28.674	39.983	81.603	2355.4	9.3815e-05	7.4744e-05	0.11926	liquid
274.53	2600.0	61.254	0.016325	6.4120	7.2161	28.693	39.983	81.617	2354.3	9.9924e-05	7.4694e-05	0.11920	liquid
274.60	2600.0	61.239	0.016329	6.4173	7.2216	28.713	39.982	81.631	2353.1	0.00010604	7.4644e-05	0.11914	liquid
274.67	2600.0	61.224	0.016333	6.4225	7.2270	28.733	39.982	81.645	2351.9	0.00011217	7.4594e-05	0.11907	liquid
274.73	2600.0	61.209	0.016337	6.4278	7.2325	28.753	39.981	81.659	2350.8	0.00011831	7.4545e-05	0.11901	liquid
274.80	2600.0	61.194	0.016342	6.4330	7.2379	28.773	39.981	81.673	2349.6	0.00012445	7.4495e-05	0.11895	liquid
274.87	2600.0	61.179	0.016346	6.4383	7.2434	28.792	39.980	81.687	2348.5	0.00013061	7.4445e-05	0.11889	liquid
274.93	2600.0	61.164	0.016350	6.4435	7.2488	28.812	39.980	81.702	2347.3	0.00013677	7.4396e-05	0.11882	liquid
275.00	2600.0	61.148	0.016354	6.4488	7.2543	28.832	39.979	81.716	2346.1	0.00014295	7.4346e-05	0.11876	liquid
275.07	2600.0	61.133	0.016358	6.4540	7.2597	28.852	39.979	81.730	2345.0	0.00014913	7.4296e-05	0.11870	liquid
275.13	2600.0	61.118	0.016362	6.4593	7.2652	28.872	39.978	81.744	2343.8	0.00015532	7.4247e-05	0.11864	liquid
275.20	2600.0	61.103	0.016366	6.4645	7.2706	28.891	39.978	81.759	2342.7	0.00016153	7.4197e-05	0.11858	liquid
275.27	2600.0	61.088	0.016370	6.4698	7.2761	28.911	39.977	81.773	2341.5	0.00016774	7.4148e-05	0.11851	liquid
275.33	2600.0	61.073	0.016374	6.4750	7.2815	28.931	39.977	81.787	2340.3	0.00017396	7.4098e-05	0.11845	liquid
275.40	2600.0	61.058	0.016378	6.4803	7.2870	28.951	39.976	81.801	2339.2	0.00018020	7.4049e-05	0.11839	liquid
275.47	2600.0	61.042	0.016382	6.4855	7.2924	28.971	39.976	81.816	2338.0	0.00018644	7.4000e-05	0.11833	liquid
275.53	2600.0	61.027	0.016386	6.4908	7.2979	28.991	39.975	81.830	2336.9	0.00019269	7.3950e-05	0.11827	liquid
275.60	2600.0	61.012	0.016390	6.4960	7.3033	29.010	39.975	81.844	2335.7	0.00019895	7.3901e-05	0.11820	liquid
275.67	2600.0	60.997	0.016394	6.5013	7.3088	29.030	39.974	81.859	2334.5	0.00020522	7.3852e-05	0.11814	liquid
275.73	2600.0	60.982	0.016398	6.5065	7.3142	29.050	39.974	81.873	2333.4	0.00021150	7.3802e-05	0.11808	liquid
275.80	2600.0	60.966	0.016402	6.5118	7.3197	29.070	39.973	81.888	2332.2	0.00021780	7.3753e-05	0.11802	liquid
275.87	2600.0	60.951	0.016407	6.5171	7.3252	29.089	39.973	81.902	2331.1	0.00022410	7.3704e-05	0.11796	liquid
275.93	2600.0	60.936	0.016411	6.5223	7.3306	29.109	39.972	81.917	2329.9	0.00023041	7.3655e-05	0.11789	liquid
276.00	2600.0	60.921	0.016415	6.5276	7.3361	29.129	39.972	81.931	2328.7	0.00023673	7.3606e-05	0.11783	liquid
276.07	2600.0	60.906	0.016419	6.5328	7.3415	29.149	39.971	81.946	2327.6	0.00024306	7.3557e-05	0.11777	liquid
276.13	2600.0	60.890	0.016423	6.5381	7.3470	29.169	39.971	81.960	2326.4	0.00024940	7.3508e-05	0.11771	liquid
276.20	2600.0	60.875	0.016427	6.5434	7.3525	29.188	39.970	81.975	2325.2	0.00025575	7.3459e-05	0.11765	liquid
276.27	2600.0	60.860	0.016431	6.5486	7.3579	29.208	39.970	81.989	2324.1	0.00026211	7.3410e-05	0.11759	liquid
276.33	2600.0	60.845	0.016435	6.5539	7.3634	29.228	39.969	82.004	2322.9	0.00026848	7.3361e-05	0.11752	liquid
276.40	2600.0	60.829	0.016439	6.5591	7.3689	29.248	39.969	82.019	2321.8	0.00027486	7.3312e-05	0.11746	liquid
276.47	2600.0	60.814	0.016444	6.5644	7.3743	29.268	39.968	82.033	2320.6	0.00028125	7.3263e-05	0.11740	liquid
276.53	2600.0	60.799	0.016448	6.5697	7.3798	29.287	39.968	82.048	2319.4	0.00028765	7.3214e-05	0.11734	liquid
276.60	2600.0	60.784	0.016452	6.5749	7.3853	29.307	39.967	82.063	2318.3	0.00029406	7.3165e-05	0.11728	liquid
276.67	2600.0	60.768	0.016456	6.5802	7.3907	29.327	39.967	82.077	2317.1	0.00030048	7.3116e-05	0.11721	liquid
276.73	2600.0	60.753	0.016460	6.5855	7.3962	29.347	39.966	82.092	2316.0	0.00030690	7.3068e-05	0.11715	liquid
276.80	2600.0	60.738	0.016464	6.5907	7.4017	29.366	39.966	82.107	2314.8	0.00031334	7.3019e-05	0.11709	liquid
276.87	2600.0	60.722	0.016468	6.5960	7.4072	29.386	39.965	82.121	2313.6	0.00031979	7.2970e-05	0.11703	liquid
276.93	2600.0	60.707	0.016473	6.6013	7.4126	29.406	39.965	82.136	2312.5	0.00032625	7.2921e-05	0.11697	liquid
277.00	2600.0	60.692	0.016477	6.6066	7.4181	29.426	39.965	82.151	2311.3	0.00033273	7.2873e-05	0.11691	liquid
277.07	2600.0	60.676	0.016481	6.6118	7.4236	29.446	39.964	82.166	2310.2	0.00033921	7.2824e-05	0.11684	liquid
277.13	2600.0	60.661	0.016485	6.6171	7.4291	29.465	39.964	82.181	2309.0	0.00034570	7.2776e-05	0.11678	liquid
277.20	2600.0	60.646	0.016489	6.6224	7.4346	29.485	39.963	82.196	2307.8	0.00035220	7.2727e-05	0.11672	liquid
277.27	2600.0	60.630	0.016493	6.6277	7.4400	29.505	39.963	82.211	2306.7	0.00035871	7.2679e-05	0.11666	liquid
277.33	2600.0	60.615	0.016498	6.6329	7.4455	29.525	39.962	82.225	2305.5	0.00036523	7.2630e-05	0.11660	liquid
277.40	2600.0	60.600	0.016502	6.6382	7.4510	29.544	39.962	82.240	2304.4	0.00037176	7.2582e-05	0.11654	liquid
277.47	2600.0	60.584	0.016506	6.6435	7.4565	29.564	39.961	82.255	2303.2	0.00037830	7.2533e-05	0.11648	liquid
277.53	2600.0	60.569	0.016510	6.6488	7.4620	29.584	39.961	82.270	2302.0	0.00038485	7.2485e-05	0.11641	liquid
277.60	2600.0	60.554	0.016514	6.6540	7.4674	29.604	39.960	82.285	2300.9	0.00039142	7.2436e-05	0.11635	liquid
277.67	2600.0	60.538	0.016518	6.6593	7.4729	29.623	39.960	82.300	2299.7	0.00039799	7.2388e-05	0.11629	liquid
277.73	2600.0	60.523	0.016523	6.6646	7.4784	29.643	39.959	82.315	2298.6	0.00040457	7.2340e-05	0.11623	liquid
277.80	2600.0	60.507	0.016527	6.6699	7.4839	29.663	39.959	82.330	2297.4	0.00041117	7.2292e-05	0.11617	liquid
277.87	2600.0	60.492	0.016531	6.6752	7.4894	29.683	39.959	82.346	2296.2	0.00041777	7.2243e-05	0.11611	liquid
277.93	2600.0	60.477	0.016535	6.6804	7.4949	29.702	39.958	82.361	2295.1	0.00042439	7.2195e-05	0.11604	liquid
278.00	2600.0	60.461	0.016540	6.6857	7.5004	29.722	39.958	82.376	2293.9	0.00043101	7.2147e-05	0.11598	liquid
278.07	2600.0	60.446	0.016544	6.6910	7.5059	29.742	39.957	82.391	2292.8	0.00043765	7.2099e-05	0.11592	liquid
278.13	2600.0	60.430	0.016548	6.6963	7.5114	29.762	39.957	82.406	2291.6	0.00044429	7.2051e-05	0.11586	liquid
278.20	2600.0	60.415	0.016552	6.7016	7.5169	29.781	39.956	82.421	2290.4	0.00045095	7.2003e-05	0.11580	liquid
278.27	2600.0	60.400	0.016556	6.7069	7.5224	29.801	39.956	82.437	2289.3	0.00045761	7.1955e-05	0.11574	liquid
278.33	2600.0	60.384	0.016561	6.7122	7.5279	29.821	39.955	82.452	2288.1	0.00046429	7.1907e-05	0.11568	liquid
278.40	2600.0	60.369	0.016565	6.7174	7.5334	29.841	39.955	82.467	2287.0	0.00047098	7.1859e-05	0.11561	liquid
278.47	2600.0	60.353	0.016569	6.7227	7.5388	29.860	39.955	82.482	2285.8	0.00047768	7.1811e-05	0.11555	liquid
278.53	2600.0	60.338	0.016573	6.7280	7.5443	29.880	39.954	82.498	2284.6	0.00048439	7.1763e-05	0.11549	liquid
278.60	2600.0	60.322	0.016578	6.7333	7.5498	29.900	39.954	82.513	2283.5	0.00049111	7.1715e-05	0.11543	liquid
278.67	2600.0	60.307	0.016582	6.7386	7.5554	29.920	39.953	82.528	2282.3	0.00049784	7.1667e-05	0.11537	liquid
278.73	2600.0	60.291	0.016586	6.7439	7.5609	29.939	39.953	82.544	2281.2	0.00050458	7.1619e-05	0.11531	liquid
278.80	2600.0	60.276	0.016590	6.7492	7.5664	29.959	39.952	82.559	2280.0	0.00051133	7.1571e-05	0.11525	liquid
278.87	2600.0	60.260	0.016595	6.7545	7.5719	29.979	39.952	82.575	2278.8	0.00051810	7.1523e-05	0.11519	liquid
278.93	2600.0	60.245	0.016599	6.7598	7.5774	29.999	39.952	82.590	2277.7	0.00052487	7.1476e-05	0.11512	liquid
279.00	2600.0	60.229	0.016603	6.7651	7.5829	30.018	39.951	82.605	2276.5	0.00053165	7.1428e-05	0.11506	liquid
279.07	2600.0	60.214	0.016607	6.7704	7.5884	30.038	39.951	82.621	2275.4	0.00053845	7.1380e-05	0.11500	liquid
279.13	2600.0	60.198	0.016612	6.7757	7.5939	30.058	39.950	82.636	2274.2	0.00054525	7.1333e-05	0.11494	liquid
279.20	2600.0	60.183	0.016616	6.7810	7.5994	30.078	39.950	82.652	2273.0	0.00055207	7.1285e-05	0.11488	liquid
279.27	2600.0	60.167	0.016620	6.7863	7.6049	30.097	39.950	82.667	2271.9	0.00055890	7.1237e-05	0.11482	liquid
279.33	2600.0	60.152	0.016625	6.7916	7.6104	30.117	39.949	82.683	2270.7	0.00056574	7.1190e-05	0.11476	liquid
279.40	2600.0	60.136	0.016629	6.7969	7.6159	30.137	39.949	82.699	2269.6	0.00057259	7.1142e-05	0.11470	liquid
279.47	2600.0	60.121	0.016633	6.8022	7.6214	30.157	39.948	82.714	2268.4	0.00057945	7.1095e-05	0.11464	liquid
279.53	2600.0	60.105	0.016638	6.8075	7.6270	30.176	39.948	82.730	2267.2	0.00058632	7.1047e-05	0.11457	liquid
279.60	2600.0	60.090	0.016642	6.8128	7.6325	30.196	39.947	82.746	2266.1	0.00059320	7.1000e-05	0.11451	liquid
279.67	2600.0	60.074	0.016646	6.8181	7.6380	30.216	39.947	82.761	2264.9	0.00060009	7.0952e-05	0.11445	liquid
279.73	2600.0	60.058	0.016650	6.8234	7.6435	30.235	39.947	82.777	2263.8	0.00060700	7.0905e-05	0.11439	liquid
279.80	2600.0	60.043	0.016655	6.8287	7.6490	30.255	39.946	82.793	2262.6	0.00061391	7.0858e-05	0.11433	liquid
279.87	2600.0	60.027	0.016659	6.8340	7.6546	30.275	39.946	82.808	2261.4	0.00062084	7.0810e-05	0.11427	liquid
279.93	2600.0	60.012	0.016663	6.8393	7.6601	30.295	39.945	82.824	2260.3	0.00062778	7.0763e-05	0.11421	liquid
280.00	2600.0	59.996	0.016668	6.8446	7.6656	30.314	39.945	82.840	2259.1	0.00063473	7.0716e-05	0.11415	liquid
280.07	2600.0	59.980	0.016672	6.8499	7.6711	30.334	39.945	82.856	2258.0	0.00064169	7.0668e-05	0.11409	liquid
280.13	2600.0	59.965	0.016676	6.8552	7.6766	30.354	39.944	82.872	2256.8	0.00064866	7.0621e-05	0.11402	liquid
280.20	2600.0	59.949	0.016681	6.8606	7.6822	30.374	39.944	82.888	2255.6	0.00065564	7.0574e-05	0.11396	liquid
280.27	2600.0	59.934	0.016685	6.8659	7.6877	30.393	39.944	82.904	2254.5	0.00066263	7.0527e-05	0.11390	liquid
280.33	2600.0	59.918	0.016690	6.8712	7.6932	30.413	39.943	82.919	2253.3	0.00066964	7.0480e-05	0.11384	liquid
280.40	2600.0	59.902	0.016694	6.8765	7.6987	30.433	39.943	82.935	2252.2	0.00067665	7.0433e-05	0.11378	liquid
280.47	2600.0	59.887	0.016698	6.8818	7.7043	30.452	39.942	82.951	2251.0	0.00068368	7.0386e-05	0.11372	liquid
280.53	2600.0	59.871	0.016703	6.8871	7.7098	30.472	39.942	82.967	2249.8	0.00069072	7.0339e-05	0.11366	liquid
280.60	2600.0	59.855	0.016707	6.8924	7.7153	30.492	39.942	82.983	2248.7	0.00069777	7.0291e-05	0.11360	liquid
280.67	2600.0	59.840	0.016711	6.8978	7.7209	30.512	39.941	82.999	2247.5	0.00070483	7.0245e-05	0.11354	liquid
280.73	2600.0	59.824	0.016716	6.9031	7.7264	30.531	39.941	83.015	2246.4	0.00071190	7.0198e-05	0.11348	liquid
280.80	2600.0	59.808	0.016720	6.9084	7.7319	30.551	39.940	83.031	2245.2	0.00071899	7.0151e-05	0.11342	liquid
280.87	2600.0	59.793	0.016724	6.9137	7.7375	30.571	39.940	83.048	2244.0	0.00072608	7.0104e-05	0.11335	liquid
280.93	2600.0	59.777	0.016729	6.9190	7.7430	30.590	39.940	83.064	2242.9	0.00073319	7.0057e-05	0.11329	liquid
281.00	2600.0	59.761	0.016733	6.9244	7.7486	30.610	39.939	83.080	2241.7	0.00074031	7.0010e-05	0.11323	liquid
281.07	2600.0	59.745	0.016738	6.9297	7.7541	30.630	39.939	83.096	2240.6	0.00074744	6.9963e-05	0.11317	liquid
281.13	2600.0	59.730	0.016742	6.9350	7.7596	30.650	39.939	83.112	2239.4	0.00075458	6.9916e-05	0.11311	liquid
281.20	2600.0	59.714	0.016746	6.9403	7.7652	30.669	39.938	83.128	2238.2	0.00076173	6.9870e-05	0.11305	liquid
281.27	2600.0	59.698	0.016751	6.9457	7.7707	30.689	39.938	83.145	2237.1	0.00076890	6.9823e-05	0.11299	liquid
281.33	2600.0	59.683	0.016755	6.9510	7.7763	30.709	39.938	83.161	2235.9	0.00077607	6.9776e-05	0.11293	liquid
281.40	2600.0	59.667	0.016760	6.9563	7.7818	30.728	39.937	83.177	2234.8	0.00078326	6.9729e-05	0.11287	liquid
281.47	2600.0	59.651	0.016764	6.9616	7.7874	30.748	39.937	83.194	2233.6	0.00079046	6.9683e-05	0.11281	liquid
281.53	2600.0	59.635	0.016769	6.9670	7.7929	30.768	39.936	83.210	2232.4	0.00079767	6.9636e-05	0.11275	liquid
281.60	2600.0	59.620	0.016773	6.9723	7.7984	30.787	39.936	83.226	2231.3	0.00080489	6.9590e-05	0.11269	liquid
281.67	2600.0	59.604	0.016777	6.9776	7.8040	30.807	39.936	83.243	2230.1	0.00081213	6.9543e-05	0.11263	liquid
281.73	2600.0	59.588	0.016782	6.9830	7.8095	30.827	39.935	83.259	2229.0	0.00081937	6.9496e-05	0.11257	liquid
281.80	2600.0	59.572	0.016786	6.9883	7.8151	30.847	39.935	83.276	2227.8	0.00082663	6.9450e-05	0.11250	liquid
281.87	2600.0	59.556	0.016791	6.9936	7.8206	30.866	39.935	83.292	2226.6	0.00083390	6.9403e-05	0.11244	liquid
281.93	2600.0	59.541	0.016795	6.9990	7.8262	30.886	39.934	83.308	2225.5	0.00084118	6.9357e-05	0.11238	liquid
282.00	2600.0	59.525	0.016800	7.0043	7.8318	30.906	39.934	83.325	2224.3	0.00084847	6.9311e-05	0.11232	liquid
282.07	2600.0	59.509	0.016804	7.0096	7.8373	30.925	39.934	83.342	2223.2	0.00085578	6.9264e-05	0.11226	liquid
282.13	2600.0	59.493	0.016809	7.0150	7.8429	30.945	39.933	83.358	2222.0	0.00086310	6.9218e-05	0.11220	liquid
282.20	2600.0	59.477	0.016813	7.0203	7.8484	30.965	39.933	83.375	2220.8	0.00087043	6.9171e-05	0.11214	liquid
282.27	2600.0	59.462	0.016818	7.0256	7.8540	30.984	39.933	83.391	2219.7	0.00087777	6.9125e-05	0.11208	liquid
282.33	2600.0	59.446	0.016822	7.0310	7.8595	31.004	39.932	83.408	2218.5	0.00088512	6.9079e-05	0.11202	liquid
282.40	2600.0	59.430	0.016827	7.0363	7.8651	31.024	39.932	83.425	2217.4	0.00089248	6.9033e-05	0.11196	liquid
282.47	2600.0	59.414	0.016831	7.0417	7.8707	31.044	39.932	83.441	2216.2	0.00089986	6.8986e-05	0.11190	liquid
282.53	2600.0	59.398	0.016836	7.0470	7.8762	31.063	39.931	83.458	2215.0	0.00090725	6.8940e-05	0.11184	liquid
282.60	2600.0	59.382	0.016840	7.0523	7.8818	31.083	39.931	83.475	2213.9	0.00091465	6.8894e-05	0.11178	liquid
282.67	2600.0	59.366	0.016845	7.0577	7.8874	31.103	39.931	83.491	2212.7	0.00092206	6.8848e-05	0.11172	liquid
282.73	2600.0	59.350	0.016849	7.0630	7.8929	31.122	39.930	83.508	2211.5	0.00092949	6.8802e-05	0.11166	liquid
282.80	2600.0	59.335	0.016854	7.0684	7.8985	31.142	39.930	83.525	2210.4	0.00093693	6.8755e-05	0.11160	liquid
282.87	2600.0	59.319	0.016858	7.0737	7.9041	31.162	39.930	83.542	2209.2	0.00094438	6.8709e-05	0.11154	liquid
282.93	2600.0	59.303	0.016863	7.0791	7.9096	31.181	39.929	83.559	2208.1	0.00095184	6.8663e-05	0.11148	liquid
283.00	2600.0	59.287	0.016867	7.0844	7.9152	31.201	39.929	83.576	2206.9	0.00095931	6.8617e-05	0.11142	liquid
283.07	2600.0	59.271	0.016872	7.0898	7.9208	31.221	39.929	83.592	2205.7	0.00096680	6.8571e-05	0.11136	liquid
283.13	2600.0	59.255	0.016876	7.0951	7.9264	31.240	39.928	83.609	2204.6	0.00097430	6.8525e-05	0.11130	liquid
283.20	2600.0	59.239	0.016881	7.1005	7.9319	31.260	39.928	83.626	2203.4	0.00098181	6.8479e-05	0.11124	liquid
283.27	2600.0	59.223	0.016885	7.1058	7.9375	31.280	39.928	83.643	2202.3	0.00098933	6.8433e-05	0.11118	liquid
283.33	2600.0	59.207	0.016890	7.1112	7.9431	31.300	39.928	83.660	2201.1	0.00099687	6.8388e-05	0.11112	liquid
283.40	2600.0	59.191	0.016894	7.1165	7.9487	31.319	39.927	83.677	2199.9	0.0010044	6.8342e-05	0.11106	liquid
283.47	2600.0	59.175	0.016899	7.1219	7.9542	31.339	39.927	83.694	2198.8	0.0010120	6.8296e-05	0.11099	liquid
283.53	2600.0	59.159	0.016903	7.1272	7.9598	31.359	39.927	83.711	2197.6	0.0010195	6.8250e-05	0.11093	liquid
283.60	2600.0	59.143	0.016908	7.1326	7.9654	31.378	39.926	83.729	2196.5	0.0010271	6.8204e-05	0.11087	liquid
283.67	2600.0	59.127	0.016913	7.1379	7.9710	31.398	39.926	83.746	2195.3	0.0010347	6.8158e-05	0.11081	liquid
283.73	2600.0	59.111	0.016917	7.1433	7.9766	31.418	39.926	83.763	2194.1	0.0010423	6.8113e-05	0.11075	liquid
283.80	2600.0	59.095	0.016922	7.1487	7.9821	31.437	39.925	83.780	2193.0	0.0010500	6.8067e-05	0.11069	liquid
283.87	2600.0	59.079	0.016926	7.1540	7.9877	31.457	39.925	83.797	2191.8	0.0010576	6.8021e-05	0.11063	liquid
283.93	2600.0	59.063	0.016931	7.1594	7.9933	31.477	39.925	83.814	2190.7	0.0010652	6.7976e-05	0.11057	liquid
284.00	2600.0	59.047	0.016936	7.1647	7.9989	31.496	39.925	83.832	2189.5	0.0010729	6.7930e-05	0.11051	liquid
284.07	2600.0	59.031	0.016940	7.1701	8.0045	31.516	39.924	83.849	2188.3	0.0010806	6.7884e-05	0.11045	liquid
284.13	2600.0	59.015	0.016945	7.1755	8.0101	31.536	39.924	83.866	2187.2	0.0010883	6.7839e-05	0.11039	liquid
284.20	2600.0	58.999	0.016949	7.1808	8.0157	31.555	39.924	83.884	2186.0	0.0010960	6.7793e-05	0.11033	liquid
284.27	2600.0	58.983	0.016954	7.1862	8.0213	31.575	39.923	83.901	2184.9	0.0011037	6.7748e-05	0.11027	liquid
284.33	2600.0	58.967	0.016959	7.1916	8.0269	31.595	39.923	83.918	2183.7	0.0011114	6.7702e-05	0.11021	liquid
284.40	2600.0	58.951	0.016963	7.1969	8.0325	31.614	39.923	83.936	2182.5	0.0011191	6.7657e-05	0.11015	liquid
284.47	2600.0	58.935	0.016968	7.2023	8.0381	31.634	39.923	83.953	2181.4	0.0011269	6.7611e-05	0.11009	liquid
284.53	2600.0	58.919	0.016972	7.2077	8.0437	31.654	39.922	83.971	2180.2	0.0011346	6.7566e-05	0.11003	liquid
284.60	2600.0	58.903	0.016977	7.2130	8.0493	31.673	39.922	83.988	2179.0	0.0011424	6.7520e-05	0.10997	liquid
284.67	2600.0	58.887	0.016982	7.2184	8.0549	31.693	39.922	84.006	2177.9	0.0011502	6.7475e-05	0.10991	liquid
284.73	2600.0	58.871	0.016986	7.2238	8.0605	31.713	39.921	84.023	2176.7	0.0011580	6.7430e-05	0.10985	liquid
284.80	2600.0	58.855	0.016991	7.2292	8.0661	31.732	39.921	84.041	2175.6	0.0011658	6.7384e-05	0.10979	liquid
284.87	2600.0	58.839	0.016996	7.2345	8.0717	31.752	39.921	84.058	2174.4	0.0011736	6.7339e-05	0.10973	liquid
284.93	2600.0	58.822	0.017000	7.2399	8.0773	31.772	39.921	84.076	2173.2	0.0011815	6.7294e-05	0.10967	liquid
285.00	2600.0	58.806	0.017005	7.2453	8.0829	31.791	39.920	84.094	2172.1	0.0011893	6.7249e-05	0.10961	liquid
285.07	2600.0	58.790	0.017010	7.2507	8.0885	31.811	39.920	84.111	2170.9	0.0011972	6.7203e-05	0.10955	liquid
285.13	2600.0	58.774	0.017014	7.2560	8.0941	31.831	39.920	84.129	2169.8	0.0012051	6.7158e-05	0.10949	liquid
285.20	2600.0	58.758	0.017019	7.2614	8.0997	31.850	39.920	84.147	2168.6	0.0012130	6.7113e-05	0.10943	liquid
285.27	2600.0	58.742	0.017024	7.2668	8.1053	31.870	39.919	84.165	2167.4	0.0012209	6.7068e-05	0.10938	liquid
285.33	2600.0	58.726	0.017028	7.2722	8.1109	31.890	39.919	84.182	2166.3	0.0012288	6.7023e-05	0.10932	liquid
285.40	2600.0	58.709	0.017033	7.2776	8.1165	31.909	39.919	84.200	2165.1	0.0012367	6.6978e-05	0.10926	liquid
285.47	2600.0	58.693	0.017038	7.2829	8.1221	31.929	39.919	84.218	2164.0	0.0012447	6.6933e-05	0.10920	liquid
285.53	2600.0	58.677	0.017042	7.2883	8.1278	31.949	39.918	84.236	2162.8	0.0012526	6.6887e-05	0.10914	liquid
285.60	2600.0	58.661	0.017047	7.2937	8.1334	31.968	39.918	84.254	2161.6	0.0012606	6.6842e-05	0.10908	liquid
285.67	2600.0	58.645	0.017052	7.2991	8.1390	31.988	39.918	84.272	2160.5	0.0012686	6.6797e-05	0.10902	liquid
285.73	2600.0	58.628	0.017057	7.3045	8.1446	32.008	39.918	84.290	2159.3	0.0012766	6.6752e-05	0.10896	liquid
285.80	2600.0	58.612	0.017061	7.3099	8.1502	32.027	39.917	84.308	2158.2	0.0012846	6.6708e-05	0.10890	liquid
285.87	2600.0	58.596	0.017066	7.3153	8.1559	32.047	39.917	84.326	2157.0	0.0012926	6.6663e-05	0.10884	liquid
285.93	2600.0	58.580	0.017071	7.3207	8.1615	32.067	39.917	84.344	2155.8	0.0013007	6.6618e-05	0.10878	liquid
286.00	2600.0	58.564	0.017075	7.3260	8.1671	32.086	39.917	84.362	2154.7	0.0013087	6.6573e-05	0.10872	liquid
286.07	2600.0	58.547	0.017080	7.3314	8.1727	32.106	39.916	84.380	2153.5	0.0013168	6.6528e-05	0.10866	liquid
286.13	2600.0	58.531	0.017085	7.3368	8.1783	32.126	39.916	84.398	2152.3	0.0013249	6.6483e-05	0.10860	liquid
286.20	2600.0	58.515	0.017090	7.3422	8.1840	32.145	39.916	84.416	2151.2	0.0013330	6.6438e-05	0.10854	liquid
286.27	2600.0	58.499	0.017094	7.3476	8.1896	32.165	39.916	84.434	2150.0	0.0013411	6.6394e-05	0.10848	liquid
286.33	2600.0	58.482	0.017099	7.3530	8.1952	32.185	39.915	84.452	2148.9	0.0013492	6.6349e-05	0.10842	liquid
286.40	2600.0	58.466	0.017104	7.3584	8.2009	32.204	39.915	84.470	2147.7	0.0013573	6.6304e-05	0.10836	liquid
286.47	2600.0	58.450	0.017109	7.3638	8.2065	32.224	39.915	84.489	2146.5	0.0013655	6.6259e-05	0.10830	liquid
286.53	2600.0	58.433	0.017114	7.3692	8.2121	32.244	39.915	84.507	2145.4	0.0013736	6.6215e-05	0.10824	liquid
286.60	2600.0	58.417	0.017118	7.3746	8.2178	32.263	39.915	84.525	2144.2	0.0013818	6.6170e-05	0.10818	liquid
286.67	2600.0	58.401	0.017123	7.3800	8.2234	32.283	39.914	84.544	2143.1	0.0013900	6.6125e-05	0.10812	liquid
286.73	2600.0	58.384	0.017128	7.3854	8.2290	32.303	39.914	84.562	2141.9	0.0013982	6.6081e-05	0.10806	liquid
286.80	2600.0	58.368	0.017133	7.3908	8.2347	32.322	39.914	84.580	2140.7	0.0014064	6.6036e-05	0.10800	liquid
286.87	2600.0	58.352	0.017137	7.3962	8.2403	32.342	39.914	84.599	2139.6	0.0014146	6.5992e-05	0.10795	liquid
286.93	2600.0	58.335	0.017142	7.4016	8.2460	32.362	39.913	84.617	2138.4	0.0014229	6.5947e-05	0.10789	liquid
287.00	2600.0	58.319	0.017147	7.4070	8.2516	32.381	39.913	84.636	2137.2	0.0014311	6.5902e-05	0.10783	liquid
287.07	2600.0	58.303	0.017152	7.4124	8.2572	32.401	39.913	84.654	2136.1	0.0014394	6.5858e-05	0.10777	liquid
287.13	2600.0	58.286	0.017157	7.4178	8.2629	32.421	39.913	84.673	2134.9	0.0014477	6.5814e-05	0.10771	liquid
287.20	2600.0	58.270	0.017161	7.4232	8.2685	32.440	39.913	84.691	2133.8	0.0014560	6.5769e-05	0.10765	liquid
287.27	2600.0	58.254	0.017166	7.4286	8.2742	32.460	39.912	84.710	2132.6	0.0014643	6.5725e-05	0.10759	liquid
287.33	2600.0	58.237	0.017171	7.4341	8.2798	32.480	39.912	84.728	2131.4	0.0014726	6.5680e-05	0.10753	liquid
287.40	2600.0	58.221	0.017176	7.4395	8.2855	32.499	39.912	84.747	2130.3	0.0014810	6.5636e-05	0.10747	liquid
287.47	2600.0	58.204	0.017181	7.4449	8.2911	32.519	39.912	84.766	2129.1	0.0014893	6.5592e-05	0.10741	liquid
287.53	2600.0	58.188	0.017186	7.4503	8.2968	32.539	39.912	84.784	2128.0	0.0014977	6.5547e-05	0.10735	liquid
287.60	2600.0	58.172	0.017191	7.4557	8.3024	32.558	39.911	84.803	2126.8	0.0015061	6.5503e-05	0.10729	liquid
287.67	2600.0	58.155	0.017195	7.4611	8.3081	32.578	39.911	84.822	2125.6	0.0015145	6.5459e-05	0.10723	liquid
287.73	2600.0	58.139	0.017200	7.4665	8.3137	32.598	39.911	84.841	2124.5	0.0015229	6.5414e-05	0.10717	liquid
287.80	2600.0	58.122	0.017205	7.4720	8.3194	32.617	39.911	84.859	2123.3	0.0015313	6.5370e-05	0.10712	liquid
287.87	2600.0	58.106	0.017210	7.4774	8.3251	32.637	39.911	84.878	2122.1	0.0015398	6.5326e-05	0.10706	liquid
287.93	2600.0	58.089	0.017215	7.4828	8.3307	32.657	39.910	84.897	2121.0	0.0015482	6.5282e-05	0.10700	liquid
288.00	2600.0	58.073	0.017220	7.4882	8.3364	32.676	39.910	84.916	2119.8	0.0015567	6.5238e-05	0.10694	liquid
288.07	2600.0	58.056	0.017225	7.4936	8.3420	32.696	39.910	84.935	2118.7	0.0015652	6.5193e-05	0.10688	liquid
288.13	2600.0	58.040	0.017230	7.4991	8.3477	32.716	39.910	84.954	2117.5	0.0015737	6.5149e-05	0.10682	liquid
288.20	2600.0	58.023	0.017234	7.5045	8.3534	32.735	39.910	84.973	2116.3	0.0015822	6.5105e-05	0.10676	liquid
288.27	2600.0	58.007	0.017239	7.5099	8.3590	32.755	39.910	84.992	2115.2	0.0015907	6.5061e-05	0.10670	liquid
288.33	2600.0	57.990	0.017244	7.5153	8.3647	32.775	39.909	85.011	2114.0	0.0015992	6.5017e-05	0.10664	liquid
288.40	2600.0	57.974	0.017249	7.5208	8.3704	32.794	39.909	85.030	2112.9	0.0016078	6.4973e-05	0.10658	liquid
288.47	2600.0	57.957	0.017254	7.5262	8.3760	32.814	39.909	85.049	2111.7	0.0016164	6.4929e-05	0.10652	liquid
288.53	2600.0	57.941	0.017259	7.5316	8.3817	32.834	39.909	85.068	2110.5	0.0016250	6.4885e-05	0.10647	liquid
288.60	2600.0	57.924	0.017264	7.5370	8.3874	32.853	39.909	85.087	2109.4	0.0016336	6.4841e-05	0.10641	liquid
288.67	2600.0	57.908	0.017269	7.5425	8.3930	32.873	39.908	85.106	2108.2	0.0016422	6.4797e-05	0.10635	liquid
288.73	2600.0	57.891	0.017274	7.5479	8.3987	32.893	39.908	85.126	2107.0	0.0016508	6.4753e-05	0.10629	liquid
288.80	2600.0	57.875	0.017279	7.5533	8.4044	32.912	39.908	85.145	2105.9	0.0016594	6.4709e-05	0.10623	liquid
288.87	2600.0	57.858	0.017284	7.5588	8.4101	32.932	39.908	85.164	2104.7	0.0016681	6.4665e-05	0.10617	liquid
288.93	2600.0	57.842	0.017289	7.5642	8.4158	32.951	39.908	85.183	2103.6	0.0016768	6.4622e-05	0.10611	liquid
289.00	2600.0	57.825	0.017294	7.5696	8.4214	32.971	39.908	85.203	2102.4	0.0016855	6.4578e-05	0.10605	liquid
289.07	2600.0	57.808	0.017299	7.5751	8.4271	32.991	39.908	85.222	2101.2	0.0016942	6.4534e-05	0.10599	liquid
289.13	2600.0	57.792	0.017303	7.5805	8.4328	33.010	39.907	85.241	2100.1	0.0017029	6.4490e-05	0.10594	liquid
289.20	2600.0	57.775	0.017308	7.5859	8.4385	33.030	39.907	85.261	2098.9	0.0017116	6.4446e-05	0.10588	liquid
289.27	2600.0	57.759	0.017313	7.5914	8.4442	33.050	39.907	85.280	2097.7	0.0017204	6.4403e-05	0.10582	liquid
289.33	2600.0	57.742	0.017318	7.5968	8.4498	33.069	39.907	85.300	2096.6	0.0017291	6.4359e-05	0.10576	liquid
289.40	2600.0	57.725	0.017323	7.6023	8.4555	33.089	39.907	85.319	2095.4	0.0017379	6.4315e-05	0.10570	liquid
289.47	2600.0	57.709	0.017328	7.6077	8.4612	33.109	39.907	85.339	2094.3	0.0017467	6.4272e-05	0.10564	liquid
289.53	2600.0	57.692	0.017333	7.6132	8.4669	33.128	39.906	85.358	2093.1	0.0017555	6.4228e-05	0.10558	liquid
289.60	2600.0	57.675	0.017338	7.6186	8.4726	33.148	39.906	85.378	2091.9	0.0017643	6.4184e-05	0.10552	liquid
289.67	2600.0	57.659	0.017343	7.6240	8.4783	33.168	39.906	85.397	2090.8	0.0017732	6.4141e-05	0.10547	liquid
289.73	2600.0	57.642	0.017348	7.6295	8.4840	33.187	39.906	85.417	2089.6	0.0017820	6.4097e-05	0.10541	liquid
289.80	2600.0	57.625	0.017353	7.6349	8.4897	33.207	39.906	85.437	2088.4	0.0017909	6.4053e-05	0.10535	liquid
289.87	2600.0	57.609	0.017358	7.6404	8.4954	33.227	39.906	85.457	2087.3	0.0017998	6.4010e-05	0.10529	liquid
289.93	2600.0	57.592	0.017364	7.6458	8.5011	33.246	39.906	85.476	2086.1	0.0018087	6.3966e-05	0.10523	liquid
290.00	2600.0	57.575	0.017369	7.6513	8.5068	33.266	39.906	85.496	2085.0	0.0018176	6.3923e-05	0.10517	liquid
