Temperature (K)	Pressure (psia)	Density (lbm/ft3)	Volume (ft3/lbm)	Internal Energy (kJ/mol)	Enthalpy (kJ/mol)	Entropy (J/mol*K)	Cv (J/mol*K)	Cp (J/mol*K)	Sound Spd. (ft/s)	Joule-Thomson (F/psia)	Viscosity (lbm/ft*s)	Therm. Cond. (W/m*K)	Phase
250.00	3400.0	67.336	0.014851	4.3736	5.3302	20.605	40.401	75.994	2898.8	-0.0020128	9.9996e-05	0.14750	liquid
250.07	3400.0	67.323	0.014854	4.3785	5.3352	20.626	40.400	76.001	2897.7	-0.0020099	9.9928e-05	0.14743	liquid
250.13	3400.0	67.311	0.014856	4.3834	5.3403	20.646	40.399	76.007	2896.6	-0.0020070	9.9861e-05	0.14737	liquid
250.20	3400.0	67.298	0.014859	4.3883	5.3454	20.666	40.398	76.013	2895.5	-0.0020041	9.9793e-05	0.14730	liquid
250.27	3400.0	67.286	0.014862	4.3932	5.3504	20.686	40.397	76.019	2894.4	-0.0020011	9.9725e-05	0.14724	liquid
250.33	3400.0	67.273	0.014865	4.3980	5.3555	20.707	40.396	76.025	2893.3	-0.0019982	9.9658e-05	0.14717	liquid
250.40	3400.0	67.260	0.014868	4.4029	5.3606	20.727	40.394	76.031	2892.2	-0.0019953	9.9590e-05	0.14711	liquid
250.47	3400.0	67.248	0.014870	4.4078	5.3656	20.747	40.393	76.037	2891.0	-0.0019923	9.9523e-05	0.14705	liquid
250.53	3400.0	67.235	0.014873	4.4127	5.3707	20.767	40.392	76.044	2889.9	-0.0019894	9.9456e-05	0.14698	liquid
250.60	3400.0	67.223	0.014876	4.4176	5.3758	20.788	40.391	76.050	2888.8	-0.0019864	9.9388e-05	0.14692	liquid
250.67	3400.0	67.210	0.014879	4.4225	5.3808	20.808	40.390	76.056	2887.7	-0.0019835	9.9321e-05	0.14685	liquid
250.73	3400.0	67.198	0.014881	4.4274	5.3859	20.828	40.389	76.062	2886.6	-0.0019805	9.9254e-05	0.14679	liquid
250.80	3400.0	67.185	0.014884	4.4323	5.3910	20.848	40.387	76.068	2885.5	-0.0019776	9.9187e-05	0.14672	liquid
250.87	3400.0	67.173	0.014887	4.4372	5.3961	20.868	40.386	76.075	2884.4	-0.0019746	9.9120e-05	0.14666	liquid
250.93	3400.0	67.160	0.014890	4.4421	5.4011	20.889	40.385	76.081	2883.3	-0.0019716	9.9053e-05	0.14660	liquid
251.00	3400.0	67.147	0.014893	4.4470	5.4062	20.909	40.384	76.087	2882.2	-0.0019687	9.8986e-05	0.14653	liquid
251.07	3400.0	67.135	0.014895	4.4518	5.4113	20.929	40.383	76.093	2881.1	-0.0019657	9.8919e-05	0.14647	liquid
251.13	3400.0	67.122	0.014898	4.4567	5.4163	20.949	40.382	76.100	2880.0	-0.0019627	9.8853e-05	0.14640	liquid
251.20	3400.0	67.110	0.014901	4.4616	5.4214	20.970	40.380	76.106	2878.9	-0.0019598	9.8786e-05	0.14634	liquid
251.27	3400.0	67.097	0.014904	4.4665	5.4265	20.990	40.379	76.112	2877.8	-0.0019568	9.8719e-05	0.14627	liquid
251.33	3400.0	67.085	0.014907	4.4714	5.4316	21.010	40.378	76.118	2876.7	-0.0019538	9.8653e-05	0.14621	liquid
251.40	3400.0	67.072	0.014909	4.4763	5.4366	21.030	40.377	76.125	2875.6	-0.0019508	9.8586e-05	0.14615	liquid
251.47	3400.0	67.059	0.014912	4.4812	5.4417	21.050	40.376	76.131	2874.5	-0.0019478	9.8520e-05	0.14608	liquid
251.53	3400.0	67.047	0.014915	4.4861	5.4468	21.070	40.375	76.137	2873.4	-0.0019448	9.8453e-05	0.14602	liquid
251.60	3400.0	67.034	0.014918	4.4910	5.4519	21.091	40.374	76.144	2872.3	-0.0019418	9.8387e-05	0.14595	liquid
251.67	3400.0	67.022	0.014921	4.4959	5.4569	21.111	40.372	76.150	2871.2	-0.0019388	9.8321e-05	0.14589	liquid
251.73	3400.0	67.009	0.014923	4.5008	5.4620	21.131	40.371	76.156	2870.1	-0.0019358	9.8255e-05	0.14583	liquid
251.80	3400.0	66.996	0.014926	4.5057	5.4671	21.151	40.370	76.163	2869.0	-0.0019328	9.8189e-05	0.14576	liquid
251.87	3400.0	66.984	0.014929	4.5106	5.4722	21.171	40.369	76.169	2867.9	-0.0019298	9.8123e-05	0.14570	liquid
251.93	3400.0	66.971	0.014932	4.5155	5.4773	21.191	40.368	76.175	2866.8	-0.0019268	9.8057e-05	0.14563	liquid
252.00	3400.0	66.958	0.014935	4.5204	5.4823	21.212	40.367	76.182	2865.7	-0.0019237	9.7991e-05	0.14557	liquid
252.07	3400.0	66.946	0.014937	4.5253	5.4874	21.232	40.366	76.188	2864.5	-0.0019207	9.7925e-05	0.14551	liquid
252.13	3400.0	66.933	0.014940	4.5302	5.4925	21.252	40.364	76.194	2863.4	-0.0019177	9.7859e-05	0.14544	liquid
252.20	3400.0	66.921	0.014943	4.5351	5.4976	21.272	40.363	76.201	2862.3	-0.0019146	9.7793e-05	0.14538	liquid
252.27	3400.0	66.908	0.014946	4.5400	5.5026	21.292	40.362	76.207	2861.2	-0.0019116	9.7728e-05	0.14531	liquid
252.33	3400.0	66.895	0.014949	4.5449	5.5077	21.312	40.361	76.214	2860.1	-0.0019086	9.7662e-05	0.14525	liquid
252.40	3400.0	66.883	0.014952	4.5498	5.5128	21.333	40.360	76.220	2859.0	-0.0019055	9.7597e-05	0.14519	liquid
252.47	3400.0	66.870	0.014954	4.5547	5.5179	21.353	40.359	76.226	2857.9	-0.0019025	9.7531e-05	0.14512	liquid
252.53	3400.0	66.857	0.014957	4.5596	5.5230	21.373	40.358	76.233	2856.8	-0.0018994	9.7466e-05	0.14506	liquid
252.60	3400.0	66.845	0.014960	4.5645	5.5281	21.393	40.357	76.239	2855.7	-0.0018964	9.7401e-05	0.14499	liquid
252.67	3400.0	66.832	0.014963	4.5694	5.5331	21.413	40.356	76.246	2854.6	-0.0018933	9.7335e-05	0.14493	liquid
252.73	3400.0	66.820	0.014966	4.5743	5.5382	21.433	40.354	76.252	2853.5	-0.0018902	9.7270e-05	0.14487	liquid
252.80	3400.0	66.807	0.014969	4.5792	5.5433	21.453	40.353	76.259	2852.4	-0.0018872	9.7205e-05	0.14480	liquid
252.87	3400.0	66.794	0.014971	4.5841	5.5484	21.473	40.352	76.265	2851.3	-0.0018841	9.7140e-05	0.14474	liquid
252.93	3400.0	66.782	0.014974	4.5890	5.5535	21.493	40.351	76.271	2850.2	-0.0018810	9.7075e-05	0.14468	liquid
253.00	3400.0	66.769	0.014977	4.5939	5.5586	21.514	40.350	76.278	2849.1	-0.0018780	9.7010e-05	0.14461	liquid
253.07	3400.0	66.756	0.014980	4.5988	5.5636	21.534	40.349	76.284	2848.0	-0.0018749	9.6945e-05	0.14455	liquid
253.13	3400.0	66.744	0.014983	4.6037	5.5687	21.554	40.348	76.291	2846.9	-0.0018718	9.6880e-05	0.14448	liquid
253.20	3400.0	66.731	0.014986	4.6086	5.5738	21.574	40.347	76.297	2845.8	-0.0018687	9.6816e-05	0.14442	liquid
253.27	3400.0	66.718	0.014988	4.6135	5.5789	21.594	40.346	76.304	2844.7	-0.0018656	9.6751e-05	0.14436	liquid
253.33	3400.0	66.706	0.014991	4.6184	5.5840	21.614	40.344	76.310	2843.6	-0.0018625	9.6686e-05	0.14429	liquid
253.40	3400.0	66.693	0.014994	4.6233	5.5891	21.634	40.343	76.317	2842.5	-0.0018594	9.6622e-05	0.14423	liquid
253.47	3400.0	66.680	0.014997	4.6282	5.5942	21.654	40.342	76.323	2841.4	-0.0018563	9.6557e-05	0.14417	liquid
253.53	3400.0	66.668	0.015000	4.6331	5.5993	21.674	40.341	76.330	2840.3	-0.0018532	9.6493e-05	0.14410	liquid
253.60	3400.0	66.655	0.015003	4.6380	5.6043	21.694	40.340	76.337	2839.2	-0.0018501	9.6428e-05	0.14404	liquid
253.67	3400.0	66.642	0.015006	4.6429	5.6094	21.714	40.339	76.343	2838.1	-0.0018470	9.6364e-05	0.14397	liquid
253.73	3400.0	66.630	0.015008	4.6478	5.6145	21.734	40.338	76.350	2837.0	-0.0018439	9.6300e-05	0.14391	liquid
253.80	3400.0	66.617	0.015011	4.6527	5.6196	21.754	40.337	76.356	2835.9	-0.0018407	9.6236e-05	0.14385	liquid
253.87	3400.0	66.604	0.015014	4.6576	5.6247	21.775	40.336	76.363	2834.8	-0.0018376	9.6171e-05	0.14378	liquid
253.93	3400.0	66.591	0.015017	4.6625	5.6298	21.795	40.335	76.369	2833.7	-0.0018345	9.6107e-05	0.14372	liquid
254.00	3400.0	66.579	0.015020	4.6675	5.6349	21.815	40.334	76.376	2832.6	-0.0018314	9.6043e-05	0.14366	liquid
254.07	3400.0	66.566	0.015023	4.6724	5.6400	21.835	40.332	76.383	2831.5	-0.0018282	9.5979e-05	0.14359	liquid
254.13	3400.0	66.553	0.015026	4.6773	5.6451	21.855	40.331	76.389	2830.4	-0.0018251	9.5915e-05	0.14353	liquid
254.20	3400.0	66.541	0.015028	4.6822	5.6502	21.875	40.330	76.396	2829.3	-0.0018219	9.5852e-05	0.14347	liquid
254.27	3400.0	66.528	0.015031	4.6871	5.6553	21.895	40.329	76.402	2828.2	-0.0018188	9.5788e-05	0.14340	liquid
254.33	3400.0	66.515	0.015034	4.6920	5.6603	21.915	40.328	76.409	2827.1	-0.0018156	9.5724e-05	0.14334	liquid
254.40	3400.0	66.502	0.015037	4.6969	5.6654	21.935	40.327	76.416	2826.0	-0.0018125	9.5661e-05	0.14327	liquid
254.47	3400.0	66.490	0.015040	4.7018	5.6705	21.955	40.326	76.422	2824.9	-0.0018093	9.5597e-05	0.14321	liquid
254.53	3400.0	66.477	0.015043	4.7067	5.6756	21.975	40.325	76.429	2823.8	-0.0018061	9.5533e-05	0.14315	liquid
254.60	3400.0	66.464	0.015046	4.7116	5.6807	21.995	40.324	76.436	2822.7	-0.0018030	9.5470e-05	0.14308	liquid
254.67	3400.0	66.452	0.015049	4.7165	5.6858	22.015	40.323	76.442	2821.6	-0.0017998	9.5407e-05	0.14302	liquid
254.73	3400.0	66.439	0.015051	4.7215	5.6909	22.035	40.322	76.449	2820.5	-0.0017966	9.5343e-05	0.14296	liquid
254.80	3400.0	66.426	0.015054	4.7264	5.6960	22.055	40.321	76.456	2819.4	-0.0017934	9.5280e-05	0.14289	liquid
254.87	3400.0	66.413	0.015057	4.7313	5.7011	22.075	40.320	76.462	2818.3	-0.0017903	9.5217e-05	0.14283	liquid
254.93	3400.0	66.401	0.015060	4.7362	5.7062	22.095	40.319	76.469	2817.2	-0.0017871	9.5154e-05	0.14277	liquid
255.00	3400.0	66.388	0.015063	4.7411	5.7113	22.115	40.317	76.476	2816.1	-0.0017839	9.5090e-05	0.14270	liquid
255.07	3400.0	66.375	0.015066	4.7460	5.7164	22.135	40.316	76.482	2815.0	-0.0017807	9.5027e-05	0.14264	liquid
255.13	3400.0	66.362	0.015069	4.7509	5.7215	22.155	40.315	76.489	2813.9	-0.0017775	9.4964e-05	0.14258	liquid
255.20	3400.0	66.350	0.015072	4.7558	5.7266	22.175	40.314	76.496	2812.8	-0.0017743	9.4902e-05	0.14251	liquid
255.27	3400.0	66.337	0.015075	4.7607	5.7317	22.195	40.313	76.503	2811.7	-0.0017711	9.4839e-05	0.14245	liquid
255.33	3400.0	66.324	0.015077	4.7657	5.7368	22.215	40.312	76.509	2810.6	-0.0017679	9.4776e-05	0.14239	liquid
255.40	3400.0	66.311	0.015080	4.7706	5.7419	22.235	40.311	76.516	2809.5	-0.0017647	9.4713e-05	0.14232	liquid
255.47	3400.0	66.299	0.015083	4.7755	5.7470	22.255	40.310	76.523	2808.5	-0.0017614	9.4650e-05	0.14226	liquid
255.53	3400.0	66.286	0.015086	4.7804	5.7521	22.275	40.309	76.530	2807.4	-0.0017582	9.4588e-05	0.14220	liquid
255.60	3400.0	66.273	0.015089	4.7853	5.7572	22.295	40.308	76.537	2806.3	-0.0017550	9.4525e-05	0.14213	liquid
255.67	3400.0	66.260	0.015092	4.7902	5.7623	22.315	40.307	76.543	2805.2	-0.0017518	9.4463e-05	0.14207	liquid
255.73	3400.0	66.247	0.015095	4.7952	5.7674	22.335	40.306	76.550	2804.1	-0.0017485	9.4400e-05	0.14201	liquid
255.80	3400.0	66.235	0.015098	4.8001	5.7725	22.355	40.305	76.557	2803.0	-0.0017453	9.4338e-05	0.14194	liquid
255.87	3400.0	66.222	0.015101	4.8050	5.7776	22.375	40.304	76.564	2801.9	-0.0017420	9.4276e-05	0.14188	liquid
255.93	3400.0	66.209	0.015104	4.8099	5.7827	22.395	40.303	76.571	2800.8	-0.0017388	9.4213e-05	0.14182	liquid
256.00	3400.0	66.196	0.015107	4.8148	5.7878	22.414	40.302	76.577	2799.7	-0.0017355	9.4151e-05	0.14175	liquid
256.07	3400.0	66.184	0.015109	4.8197	5.7929	22.434	40.301	76.584	2798.6	-0.0017323	9.4089e-05	0.14169	liquid
256.13	3400.0	66.171	0.015112	4.8247	5.7980	22.454	40.300	76.591	2797.5	-0.0017290	9.4027e-05	0.14163	liquid
256.20	3400.0	66.158	0.015115	4.8296	5.8032	22.474	40.299	76.598	2796.4	-0.0017258	9.3965e-05	0.14156	liquid
256.27	3400.0	66.145	0.015118	4.8345	5.8083	22.494	40.298	76.605	2795.3	-0.0017225	9.3903e-05	0.14150	liquid
256.33	3400.0	66.132	0.015121	4.8394	5.8134	22.514	40.297	76.612	2794.2	-0.0017192	9.3841e-05	0.14144	liquid
256.40	3400.0	66.120	0.015124	4.8443	5.8185	22.534	40.296	76.619	2793.1	-0.0017160	9.3779e-05	0.14137	liquid
256.47	3400.0	66.107	0.015127	4.8492	5.8236	22.554	40.295	76.625	2792.0	-0.0017127	9.3717e-05	0.14131	liquid
256.53	3400.0	66.094	0.015130	4.8542	5.8287	22.574	40.293	76.632	2790.9	-0.0017094	9.3655e-05	0.14125	liquid
256.60	3400.0	66.081	0.015133	4.8591	5.8338	22.594	40.292	76.639	2789.8	-0.0017061	9.3594e-05	0.14119	liquid
256.67	3400.0	66.068	0.015136	4.8640	5.8389	22.614	40.291	76.646	2788.7	-0.0017028	9.3532e-05	0.14112	liquid
256.73	3400.0	66.055	0.015139	4.8689	5.8440	22.634	40.290	76.653	2787.6	-0.0016995	9.3471e-05	0.14106	liquid
256.80	3400.0	66.043	0.015142	4.8738	5.8491	22.654	40.289	76.660	2786.5	-0.0016962	9.3409e-05	0.14100	liquid
256.87	3400.0	66.030	0.015145	4.8788	5.8542	22.673	40.288	76.667	2785.4	-0.0016929	9.3348e-05	0.14093	liquid
256.93	3400.0	66.017	0.015148	4.8837	5.8594	22.693	40.287	76.674	2784.3	-0.0016896	9.3286e-05	0.14087	liquid
257.00	3400.0	66.004	0.015151	4.8886	5.8645	22.713	40.286	76.681	2783.3	-0.0016863	9.3225e-05	0.14081	liquid
257.07	3400.0	65.991	0.015154	4.8935	5.8696	22.733	40.285	76.688	2782.2	-0.0016830	9.3164e-05	0.14074	liquid
257.13	3400.0	65.978	0.015156	4.8985	5.8747	22.753	40.284	76.695	2781.1	-0.0016797	9.3102e-05	0.14068	liquid
257.20	3400.0	65.966	0.015159	4.9034	5.8798	22.773	40.283	76.702	2780.0	-0.0016764	9.3041e-05	0.14062	liquid
257.27	3400.0	65.953	0.015162	4.9083	5.8849	22.793	40.282	76.709	2778.9	-0.0016730	9.2980e-05	0.14056	liquid
257.33	3400.0	65.940	0.015165	4.9132	5.8900	22.813	40.281	76.716	2777.8	-0.0016697	9.2919e-05	0.14049	liquid
257.40	3400.0	65.927	0.015168	4.9182	5.8951	22.832	40.280	76.723	2776.7	-0.0016664	9.2858e-05	0.14043	liquid
257.47	3400.0	65.914	0.015171	4.9231	5.9003	22.852	40.279	76.730	2775.6	-0.0016630	9.2797e-05	0.14037	liquid
257.53	3400.0	65.901	0.015174	4.9280	5.9054	22.872	40.278	76.737	2774.5	-0.0016597	9.2736e-05	0.14030	liquid
257.60	3400.0	65.888	0.015177	4.9329	5.9105	22.892	40.277	76.744	2773.4	-0.0016563	9.2675e-05	0.14024	liquid
257.67	3400.0	65.876	0.015180	4.9379	5.9156	22.912	40.276	76.751	2772.3	-0.0016530	9.2614e-05	0.14018	liquid
257.73	3400.0	65.863	0.015183	4.9428	5.9207	22.932	40.275	76.758	2771.2	-0.0016496	9.2554e-05	0.14011	liquid
257.80	3400.0	65.850	0.015186	4.9477	5.9258	22.952	40.274	76.765	2770.1	-0.0016463	9.2493e-05	0.14005	liquid
257.87	3400.0	65.837	0.015189	4.9526	5.9310	22.972	40.273	76.772	2769.0	-0.0016429	9.2432e-05	0.13999	liquid
257.93	3400.0	65.824	0.015192	4.9576	5.9361	22.991	40.272	76.779	2767.9	-0.0016396	9.2372e-05	0.13993	liquid
258.00	3400.0	65.811	0.015195	4.9625	5.9412	23.011	40.271	76.786	2766.8	-0.0016362	9.2311e-05	0.13986	liquid
258.07	3400.0	65.798	0.015198	4.9674	5.9463	23.031	40.270	76.793	2765.8	-0.0016328	9.2251e-05	0.13980	liquid
258.13	3400.0	65.785	0.015201	4.9723	5.9514	23.051	40.269	76.800	2764.7	-0.0016294	9.2191e-05	0.13974	liquid
258.20	3400.0	65.773	0.015204	4.9773	5.9566	23.071	40.268	76.807	2763.6	-0.0016260	9.2130e-05	0.13968	liquid
258.27	3400.0	65.760	0.015207	4.9822	5.9617	23.091	40.267	76.814	2762.5	-0.0016227	9.2070e-05	0.13961	liquid
258.33	3400.0	65.747	0.015210	4.9871	5.9668	23.110	40.266	76.822	2761.4	-0.0016193	9.2010e-05	0.13955	liquid
258.40	3400.0	65.734	0.015213	4.9921	5.9719	23.130	40.265	76.829	2760.3	-0.0016159	9.1949e-05	0.13949	liquid
258.47	3400.0	65.721	0.015216	4.9970	5.9770	23.150	40.264	76.836	2759.2	-0.0016125	9.1889e-05	0.13942	liquid
258.53	3400.0	65.708	0.015219	5.0019	5.9822	23.170	40.263	76.843	2758.1	-0.0016091	9.1829e-05	0.13936	liquid
258.60	3400.0	65.695	0.015222	5.0068	5.9873	23.190	40.262	76.850	2757.0	-0.0016057	9.1769e-05	0.13930	liquid
258.67	3400.0	65.682	0.015225	5.0118	5.9924	23.209	40.262	76.857	2755.9	-0.0016022	9.1709e-05	0.13924	liquid
258.73	3400.0	65.669	0.015228	5.0167	5.9975	23.229	40.261	76.864	2754.8	-0.0015988	9.1649e-05	0.13917	liquid
258.80	3400.0	65.656	0.015231	5.0216	6.0027	23.249	40.260	76.872	2753.7	-0.0015954	9.1590e-05	0.13911	liquid
258.87	3400.0	65.644	0.015234	5.0266	6.0078	23.269	40.259	76.879	2752.7	-0.0015920	9.1530e-05	0.13905	liquid
258.93	3400.0	65.631	0.015237	5.0315	6.0129	23.289	40.258	76.886	2751.6	-0.0015886	9.1470e-05	0.13899	liquid
259.00	3400.0	65.618	0.015240	5.0364	6.0180	23.308	40.257	76.893	2750.5	-0.0015851	9.1410e-05	0.13892	liquid
259.07	3400.0	65.605	0.015243	5.0414	6.0232	23.328	40.256	76.900	2749.4	-0.0015817	9.1351e-05	0.13886	liquid
259.13	3400.0	65.592	0.015246	5.0463	6.0283	23.348	40.255	76.908	2748.3	-0.0015782	9.1291e-05	0.13880	liquid
259.20	3400.0	65.579	0.015249	5.0512	6.0334	23.368	40.254	76.915	2747.2	-0.0015748	9.1232e-05	0.13874	liquid
259.27	3400.0	65.566	0.015252	5.0562	6.0385	23.388	40.253	76.922	2746.1	-0.0015713	9.1172e-05	0.13867	liquid
259.33	3400.0	65.553	0.015255	5.0611	6.0437	23.407	40.252	76.929	2745.0	-0.0015679	9.1113e-05	0.13861	liquid
259.40	3400.0	65.540	0.015258	5.0660	6.0488	23.427	40.251	76.937	2743.9	-0.0015644	9.1053e-05	0.13855	liquid
259.47	3400.0	65.527	0.015261	5.0710	6.0539	23.447	40.250	76.944	2742.8	-0.0015610	9.0994e-05	0.13849	liquid
259.53	3400.0	65.514	0.015264	5.0759	6.0591	23.467	40.249	76.951	2741.7	-0.0015575	9.0935e-05	0.13842	liquid
259.60	3400.0	65.501	0.015267	5.0808	6.0642	23.486	40.248	76.958	2740.7	-0.0015540	9.0876e-05	0.13836	liquid
259.67	3400.0	65.488	0.015270	5.0858	6.0693	23.506	40.247	76.966	2739.6	-0.0015506	9.0816e-05	0.13830	liquid
259.73	3400.0	65.475	0.015273	5.0907	6.0745	23.526	40.246	76.973	2738.5	-0.0015471	9.0757e-05	0.13824	liquid
259.80	3400.0	65.462	0.015276	5.0957	6.0796	23.546	40.245	76.980	2737.4	-0.0015436	9.0698e-05	0.13817	liquid
259.87	3400.0	65.449	0.015279	5.1006	6.0847	23.565	40.244	76.988	2736.3	-0.0015401	9.0639e-05	0.13811	liquid
259.93	3400.0	65.436	0.015282	5.1055	6.0899	23.585	40.243	76.995	2735.2	-0.0015366	9.0580e-05	0.13805	liquid
260.00	3400.0	65.423	0.015285	5.1105	6.0950	23.605	40.242	77.002	2734.1	-0.0015331	9.0522e-05	0.13799	liquid
260.07	3400.0	65.410	0.015288	5.1154	6.1001	23.625	40.241	77.010	2733.0	-0.0015296	9.0463e-05	0.13792	liquid
260.13	3400.0	65.397	0.015291	5.1203	6.1053	23.644	40.240	77.017	2731.9	-0.0015261	9.0404e-05	0.13786	liquid
260.20	3400.0	65.384	0.015294	5.1253	6.1104	23.664	40.239	77.024	2730.8	-0.0015226	9.0345e-05	0.13780	liquid
260.27	3400.0	65.371	0.015297	5.1302	6.1155	23.684	40.239	77.032	2729.8	-0.0015191	9.0287e-05	0.13774	liquid
260.33	3400.0	65.358	0.015300	5.1352	6.1207	23.704	40.238	77.039	2728.7	-0.0015156	9.0228e-05	0.13767	liquid
260.40	3400.0	65.345	0.015303	5.1401	6.1258	23.723	40.237	77.046	2727.6	-0.0015120	9.0169e-05	0.13761	liquid
260.47	3400.0	65.332	0.015306	5.1450	6.1309	23.743	40.236	77.054	2726.5	-0.0015085	9.0111e-05	0.13755	liquid
260.53	3400.0	65.319	0.015309	5.1500	6.1361	23.763	40.235	77.061	2725.4	-0.0015050	9.0052e-05	0.13749	liquid
260.60	3400.0	65.306	0.015312	5.1549	6.1412	23.783	40.234	77.068	2724.3	-0.0015014	8.9994e-05	0.13742	liquid
260.67	3400.0	65.293	0.015315	5.1599	6.1463	23.802	40.233	77.076	2723.2	-0.0014979	8.9936e-05	0.13736	liquid
260.73	3400.0	65.280	0.015319	5.1648	6.1515	23.822	40.232	77.083	2722.1	-0.0014944	8.9877e-05	0.13730	liquid
260.80	3400.0	65.267	0.015322	5.1698	6.1566	23.842	40.231	77.091	2721.1	-0.0014908	8.9819e-05	0.13724	liquid
260.87	3400.0	65.254	0.015325	5.1747	6.1618	23.861	40.230	77.098	2720.0	-0.0014873	8.9761e-05	0.13718	liquid
260.93	3400.0	65.241	0.015328	5.1796	6.1669	23.881	40.229	77.106	2718.9	-0.0014837	8.9703e-05	0.13711	liquid
261.00	3400.0	65.228	0.015331	5.1846	6.1720	23.901	40.228	77.113	2717.8	-0.0014801	8.9645e-05	0.13705	liquid
261.07	3400.0	65.215	0.015334	5.1895	6.1772	23.920	40.227	77.120	2716.7	-0.0014766	8.9586e-05	0.13699	liquid
261.13	3400.0	65.202	0.015337	5.1945	6.1823	23.940	40.226	77.128	2715.6	-0.0014730	8.9528e-05	0.13693	liquid
261.20	3400.0	65.189	0.015340	5.1994	6.1875	23.960	40.226	77.135	2714.5	-0.0014694	8.9471e-05	0.13686	liquid
261.27	3400.0	65.176	0.015343	5.2044	6.1926	23.980	40.225	77.143	2713.4	-0.0014659	8.9413e-05	0.13680	liquid
261.33	3400.0	65.163	0.015346	5.2093	6.1978	23.999	40.224	77.150	2712.3	-0.0014623	8.9355e-05	0.13674	liquid
261.40	3400.0	65.150	0.015349	5.2143	6.2029	24.019	40.223	77.158	2711.3	-0.0014587	8.9297e-05	0.13668	liquid
261.47	3400.0	65.137	0.015352	5.2192	6.2080	24.039	40.222	77.165	2710.2	-0.0014551	8.9239e-05	0.13662	liquid
261.53	3400.0	65.124	0.015355	5.2241	6.2132	24.058	40.221	77.173	2709.1	-0.0014515	8.9182e-05	0.13655	liquid
261.60	3400.0	65.111	0.015358	5.2291	6.2183	24.078	40.220	77.180	2708.0	-0.0014479	8.9124e-05	0.13649	liquid
261.67	3400.0	65.098	0.015361	5.2340	6.2235	24.098	40.219	77.188	2706.9	-0.0014443	8.9066e-05	0.13643	liquid
261.73	3400.0	65.085	0.015365	5.2390	6.2286	24.117	40.218	77.196	2705.8	-0.0014407	8.9009e-05	0.13637	liquid
261.80	3400.0	65.072	0.015368	5.2439	6.2338	24.137	40.217	77.203	2704.7	-0.0014371	8.8951e-05	0.13631	liquid
261.87	3400.0	65.059	0.015371	5.2489	6.2389	24.157	40.216	77.211	2703.7	-0.0014334	8.8894e-05	0.13624	liquid
261.93	3400.0	65.046	0.015374	5.2538	6.2441	24.176	40.216	77.218	2702.6	-0.0014298	8.8836e-05	0.13618	liquid
262.00	3400.0	65.033	0.015377	5.2588	6.2492	24.196	40.215	77.226	2701.5	-0.0014262	8.8779e-05	0.13612	liquid
262.07	3400.0	65.020	0.015380	5.2637	6.2544	24.216	40.214	77.233	2700.4	-0.0014226	8.8722e-05	0.13606	liquid
262.13	3400.0	65.007	0.015383	5.2687	6.2595	24.235	40.213	77.241	2699.3	-0.0014189	8.8665e-05	0.13600	liquid
262.20	3400.0	64.993	0.015386	5.2736	6.2647	24.255	40.212	77.249	2698.2	-0.0014153	8.8607e-05	0.13593	liquid
262.27	3400.0	64.980	0.015389	5.2786	6.2698	24.274	40.211	77.256	2697.1	-0.0014116	8.8550e-05	0.13587	liquid
262.33	3400.0	64.967	0.015392	5.2835	6.2750	24.294	40.210	77.264	2696.1	-0.0014080	8.8493e-05	0.13581	liquid
262.40	3400.0	64.954	0.015395	5.2885	6.2801	24.314	40.209	77.271	2695.0	-0.0014043	8.8436e-05	0.13575	liquid
262.47	3400.0	64.941	0.015399	5.2934	6.2853	24.333	40.208	77.279	2693.9	-0.0014007	8.8379e-05	0.13569	liquid
262.53	3400.0	64.928	0.015402	5.2984	6.2904	24.353	40.207	77.287	2692.8	-0.0013970	8.8322e-05	0.13562	liquid
262.60	3400.0	64.915	0.015405	5.3033	6.2956	24.373	40.207	77.294	2691.7	-0.0013933	8.8265e-05	0.13556	liquid
262.67	3400.0	64.902	0.015408	5.3083	6.3007	24.392	40.206	77.302	2690.6	-0.0013897	8.8209e-05	0.13550	liquid
262.73	3400.0	64.889	0.015411	5.3132	6.3059	24.412	40.205	77.310	2689.5	-0.0013860	8.8152e-05	0.13544	liquid
262.80	3400.0	64.876	0.015414	5.3182	6.3110	24.431	40.204	77.317	2688.5	-0.0013823	8.8095e-05	0.13538	liquid
262.87	3400.0	64.862	0.015417	5.3232	6.3162	24.451	40.203	77.325	2687.4	-0.0013786	8.8038e-05	0.13531	liquid
262.93	3400.0	64.849	0.015420	5.3281	6.3213	24.471	40.202	77.333	2686.3	-0.0013749	8.7982e-05	0.13525	liquid
263.00	3400.0	64.836	0.015423	5.3331	6.3265	24.490	40.201	77.340	2685.2	-0.0013712	8.7925e-05	0.13519	liquid
263.07	3400.0	64.823	0.015427	5.3380	6.3317	24.510	40.200	77.348	2684.1	-0.0013675	8.7868e-05	0.13513	liquid
263.13	3400.0	64.810	0.015430	5.3430	6.3368	24.529	40.200	77.356	2683.0	-0.0013638	8.7812e-05	0.13507	liquid
263.20	3400.0	64.797	0.015433	5.3479	6.3420	24.549	40.199	77.364	2682.0	-0.0013601	8.7756e-05	0.13501	liquid
263.27	3400.0	64.784	0.015436	5.3529	6.3471	24.569	40.198	77.371	2680.9	-0.0013564	8.7699e-05	0.13494	liquid
263.33	3400.0	64.771	0.015439	5.3578	6.3523	24.588	40.197	77.379	2679.8	-0.0013527	8.7643e-05	0.13488	liquid
263.40	3400.0	64.757	0.015442	5.3628	6.3574	24.608	40.196	77.387	2678.7	-0.0013490	8.7586e-05	0.13482	liquid
263.47	3400.0	64.744	0.015445	5.3678	6.3626	24.627	40.195	77.395	2677.6	-0.0013452	8.7530e-05	0.13476	liquid
263.53	3400.0	64.731	0.015449	5.3727	6.3678	24.647	40.194	77.402	2676.5	-0.0013415	8.7474e-05	0.13470	liquid
263.60	3400.0	64.718	0.015452	5.3777	6.3729	24.667	40.193	77.410	2675.4	-0.0013378	8.7418e-05	0.13464	liquid
263.67	3400.0	64.705	0.015455	5.3826	6.3781	24.686	40.193	77.418	2674.4	-0.0013340	8.7362e-05	0.13457	liquid
263.73	3400.0	64.692	0.015458	5.3876	6.3832	24.706	40.192	77.426	2673.3	-0.0013303	8.7306e-05	0.13451	liquid
263.80	3400.0	64.679	0.015461	5.3926	6.3884	24.725	40.191	77.434	2672.2	-0.0013265	8.7250e-05	0.13445	liquid
263.87	3400.0	64.665	0.015464	5.3975	6.3936	24.745	40.190	77.441	2671.1	-0.0013228	8.7194e-05	0.13439	liquid
263.93	3400.0	64.652	0.015467	5.4025	6.3987	24.764	40.189	77.449	2670.0	-0.0013190	8.7138e-05	0.13433	liquid
264.00	3400.0	64.639	0.015471	5.4074	6.4039	24.784	40.188	77.457	2669.0	-0.0013153	8.7082e-05	0.13427	liquid
264.07	3400.0	64.626	0.015474	5.4124	6.4091	24.804	40.187	77.465	2667.9	-0.0013115	8.7026e-05	0.13420	liquid
264.13	3400.0	64.613	0.015477	5.4174	6.4142	24.823	40.187	77.473	2666.8	-0.0013077	8.6970e-05	0.13414	liquid
264.20	3400.0	64.600	0.015480	5.4223	6.4194	24.843	40.186	77.481	2665.7	-0.0013039	8.6915e-05	0.13408	liquid
264.27	3400.0	64.586	0.015483	5.4273	6.4246	24.862	40.185	77.489	2664.6	-0.0013002	8.6859e-05	0.13402	liquid
264.33	3400.0	64.573	0.015486	5.4322	6.4297	24.882	40.184	77.496	2663.5	-0.0012964	8.6803e-05	0.13396	liquid
264.40	3400.0	64.560	0.015489	5.4372	6.4349	24.901	40.183	77.504	2662.5	-0.0012926	8.6748e-05	0.13390	liquid
264.47	3400.0	64.547	0.015493	5.4422	6.4401	24.921	40.182	77.512	2661.4	-0.0012888	8.6692e-05	0.13384	liquid
264.53	3400.0	64.534	0.015496	5.4471	6.4452	24.940	40.181	77.520	2660.3	-0.0012850	8.6637e-05	0.13377	liquid
264.60	3400.0	64.520	0.015499	5.4521	6.4504	24.960	40.181	77.528	2659.2	-0.0012812	8.6581e-05	0.13371	liquid
264.67	3400.0	64.507	0.015502	5.4571	6.4556	24.979	40.180	77.536	2658.1	-0.0012774	8.6526e-05	0.13365	liquid
264.73	3400.0	64.494	0.015505	5.4620	6.4607	24.999	40.179	77.544	2657.0	-0.0012735	8.6471e-05	0.13359	liquid
264.80	3400.0	64.481	0.015509	5.4670	6.4659	25.019	40.178	77.552	2656.0	-0.0012697	8.6415e-05	0.13353	liquid
264.87	3400.0	64.468	0.015512	5.4720	6.4711	25.038	40.177	77.560	2654.9	-0.0012659	8.6360e-05	0.13347	liquid
264.93	3400.0	64.454	0.015515	5.4769	6.4762	25.058	40.176	77.568	2653.8	-0.0012621	8.6305e-05	0.13341	liquid
265.00	3400.0	64.441	0.015518	5.4819	6.4814	25.077	40.176	77.576	2652.7	-0.0012582	8.6250e-05	0.13334	liquid
265.07	3400.0	64.428	0.015521	5.4869	6.4866	25.097	40.175	77.584	2651.6	-0.0012544	8.6195e-05	0.13328	liquid
265.13	3400.0	64.415	0.015524	5.4918	6.4918	25.116	40.174	77.592	2650.6	-0.0012506	8.6139e-05	0.13322	liquid
265.20	3400.0	64.401	0.015528	5.4968	6.4969	25.136	40.173	77.600	2649.5	-0.0012467	8.6084e-05	0.13316	liquid
265.27	3400.0	64.388	0.015531	5.5018	6.5021	25.155	40.172	77.608	2648.4	-0.0012428	8.6029e-05	0.13310	liquid
265.33	3400.0	64.375	0.015534	5.5067	6.5073	25.175	40.171	77.616	2647.3	-0.0012390	8.5975e-05	0.13304	liquid
265.40	3400.0	64.362	0.015537	5.5117	6.5125	25.194	40.171	77.624	2646.2	-0.0012351	8.5920e-05	0.13298	liquid
265.47	3400.0	64.348	0.015540	5.5167	6.5176	25.214	40.170	77.632	2645.2	-0.0012313	8.5865e-05	0.13292	liquid
265.53	3400.0	64.335	0.015544	5.5216	6.5228	25.233	40.169	77.640	2644.1	-0.0012274	8.5810e-05	0.13285	liquid
265.60	3400.0	64.322	0.015547	5.5266	6.5280	25.253	40.168	77.648	2643.0	-0.0012235	8.5755e-05	0.13279	liquid
265.67	3400.0	64.309	0.015550	5.5316	6.5332	25.272	40.167	77.656	2641.9	-0.0012196	8.5701e-05	0.13273	liquid
265.73	3400.0	64.295	0.015553	5.5365	6.5383	25.292	40.166	77.664	2640.8	-0.0012157	8.5646e-05	0.13267	liquid
265.80	3400.0	64.282	0.015556	5.5415	6.5435	25.311	40.166	77.672	2639.8	-0.0012118	8.5591e-05	0.13261	liquid
265.87	3400.0	64.269	0.015560	5.5465	6.5487	25.331	40.165	77.680	2638.7	-0.0012080	8.5537e-05	0.13255	liquid
265.93	3400.0	64.256	0.015563	5.5515	6.5539	25.350	40.164	77.688	2637.6	-0.0012041	8.5482e-05	0.13249	liquid
266.00	3400.0	64.242	0.015566	5.5564	6.5590	25.370	40.163	77.696	2636.5	-0.0012001	8.5428e-05	0.13243	liquid
266.07	3400.0	64.229	0.015569	5.5614	6.5642	25.389	40.162	77.704	2635.4	-0.0011962	8.5373e-05	0.13236	liquid
266.13	3400.0	64.216	0.015572	5.5664	6.5694	25.408	40.162	77.713	2634.4	-0.0011923	8.5319e-05	0.13230	liquid
266.20	3400.0	64.203	0.015576	5.5714	6.5746	25.428	40.161	77.721	2633.3	-0.0011884	8.5265e-05	0.13224	liquid
266.27	3400.0	64.189	0.015579	5.5763	6.5798	25.447	40.160	77.729	2632.2	-0.0011845	8.5210e-05	0.13218	liquid
266.33	3400.0	64.176	0.015582	5.5813	6.5850	25.467	40.159	77.737	2631.1	-0.0011805	8.5156e-05	0.13212	liquid
266.40	3400.0	64.163	0.015585	5.5863	6.5901	25.486	40.158	77.745	2630.0	-0.0011766	8.5102e-05	0.13206	liquid
266.47	3400.0	64.149	0.015589	5.5912	6.5953	25.506	40.157	77.753	2629.0	-0.0011727	8.5048e-05	0.13200	liquid
266.53	3400.0	64.136	0.015592	5.5962	6.6005	25.525	40.157	77.761	2627.9	-0.0011687	8.4994e-05	0.13194	liquid
266.60	3400.0	64.123	0.015595	5.6012	6.6057	25.545	40.156	77.770	2626.8	-0.0011648	8.4940e-05	0.13188	liquid
266.67	3400.0	64.109	0.015598	5.6062	6.6109	25.564	40.155	77.778	2625.7	-0.0011608	8.4886e-05	0.13181	liquid
266.73	3400.0	64.096	0.015602	5.6112	6.6161	25.584	40.154	77.786	2624.6	-0.0011569	8.4832e-05	0.13175	liquid
266.80	3400.0	64.083	0.015605	5.6161	6.6212	25.603	40.153	77.794	2623.6	-0.0011529	8.4778e-05	0.13169	liquid
266.87	3400.0	64.070	0.015608	5.6211	6.6264	25.622	40.153	77.802	2622.5	-0.0011489	8.4724e-05	0.13163	liquid
266.93	3400.0	64.056	0.015611	5.6261	6.6316	25.642	40.152	77.811	2621.4	-0.0011449	8.4670e-05	0.13157	liquid
267.00	3400.0	64.043	0.015615	5.6311	6.6368	25.661	40.151	77.819	2620.3	-0.0011410	8.4616e-05	0.13151	liquid
267.07	3400.0	64.030	0.015618	5.6360	6.6420	25.681	40.150	77.827	2619.3	-0.0011370	8.4562e-05	0.13145	liquid
267.13	3400.0	64.016	0.015621	5.6410	6.6472	25.700	40.150	77.835	2618.2	-0.0011330	8.4509e-05	0.13139	liquid
267.20	3400.0	64.003	0.015624	5.6460	6.6524	25.720	40.149	77.844	2617.1	-0.0011290	8.4455e-05	0.13133	liquid
267.27	3400.0	63.990	0.015628	5.6510	6.6576	25.739	40.148	77.852	2616.0	-0.0011250	8.4401e-05	0.13127	liquid
267.33	3400.0	63.976	0.015631	5.6560	6.6628	25.758	40.147	77.860	2614.9	-0.0011210	8.4348e-05	0.13121	liquid
267.40	3400.0	63.963	0.015634	5.6609	6.6679	25.778	40.146	77.868	2613.9	-0.0011170	8.4294e-05	0.13114	liquid
267.47	3400.0	63.950	0.015637	5.6659	6.6731	25.797	40.146	77.877	2612.8	-0.0011130	8.4241e-05	0.13108	liquid
267.53	3400.0	63.936	0.015641	5.6709	6.6783	25.817	40.145	77.885	2611.7	-0.0011089	8.4187e-05	0.13102	liquid
267.60	3400.0	63.923	0.015644	5.6759	6.6835	25.836	40.144	77.893	2610.6	-0.0011049	8.4134e-05	0.13096	liquid
267.67	3400.0	63.909	0.015647	5.6809	6.6887	25.855	40.143	77.902	2609.6	-0.0011009	8.4081e-05	0.13090	liquid
267.73	3400.0	63.896	0.015650	5.6859	6.6939	25.875	40.142	77.910	2608.5	-0.0010969	8.4027e-05	0.13084	liquid
267.80	3400.0	63.883	0.015654	5.6908	6.6991	25.894	40.142	77.918	2607.4	-0.0010928	8.3974e-05	0.13078	liquid
267.87	3400.0	63.869	0.015657	5.6958	6.7043	25.914	40.141	77.927	2606.3	-0.0010888	8.3921e-05	0.13072	liquid
267.93	3400.0	63.856	0.015660	5.7008	6.7095	25.933	40.140	77.935	2605.3	-0.0010847	8.3868e-05	0.13066	liquid
268.00	3400.0	63.843	0.015664	5.7058	6.7147	25.952	40.139	77.943	2604.2	-0.0010807	8.3815e-05	0.13060	liquid
268.07	3400.0	63.829	0.015667	5.7108	6.7199	25.972	40.139	77.952	2603.1	-0.0010766	8.3761e-05	0.13054	liquid
268.13	3400.0	63.816	0.015670	5.7158	6.7251	25.991	40.138	77.960	2602.0	-0.0010725	8.3708e-05	0.13048	liquid
268.20	3400.0	63.803	0.015673	5.7207	6.7303	26.011	40.137	77.969	2601.0	-0.0010685	8.3655e-05	0.13042	liquid
268.27	3400.0	63.789	0.015677	5.7257	6.7355	26.030	40.136	77.977	2599.9	-0.0010644	8.3602e-05	0.13036	liquid
268.33	3400.0	63.776	0.015680	5.7307	6.7407	26.049	40.135	77.985	2598.8	-0.0010603	8.3550e-05	0.13029	liquid
268.40	3400.0	63.762	0.015683	5.7357	6.7459	26.069	40.135	77.994	2597.7	-0.0010562	8.3497e-05	0.13023	liquid
268.47	3400.0	63.749	0.015687	5.7407	6.7511	26.088	40.134	78.002	2596.6	-0.0010521	8.3444e-05	0.13017	liquid
268.53	3400.0	63.736	0.015690	5.7457	6.7563	26.107	40.133	78.011	2595.6	-0.0010481	8.3391e-05	0.13011	liquid
268.60	3400.0	63.722	0.015693	5.7507	6.7615	26.127	40.132	78.019	2594.5	-0.0010440	8.3338e-05	0.13005	liquid
268.67	3400.0	63.709	0.015696	5.7557	6.7667	26.146	40.132	78.028	2593.4	-0.0010398	8.3286e-05	0.12999	liquid
268.73	3400.0	63.695	0.015700	5.7607	6.7719	26.166	40.131	78.036	2592.3	-0.0010357	8.3233e-05	0.12993	liquid
268.80	3400.0	63.682	0.015703	5.7656	6.7771	26.185	40.130	78.045	2591.3	-0.0010316	8.3180e-05	0.12987	liquid
268.87	3400.0	63.668	0.015706	5.7706	6.7823	26.204	40.129	78.053	2590.2	-0.0010275	8.3128e-05	0.12981	liquid
268.93	3400.0	63.655	0.015710	5.7756	6.7875	26.224	40.129	78.062	2589.1	-0.0010234	8.3075e-05	0.12975	liquid
269.00	3400.0	63.642	0.015713	5.7806	6.7927	26.243	40.128	78.070	2588.0	-0.0010192	8.3023e-05	0.12969	liquid
269.07	3400.0	63.628	0.015716	5.7856	6.7979	26.262	40.127	78.079	2587.0	-0.0010151	8.2970e-05	0.12963	liquid
269.13	3400.0	63.615	0.015720	5.7906	6.8031	26.282	40.126	78.087	2585.9	-0.0010110	8.2918e-05	0.12957	liquid
269.20	3400.0	63.601	0.015723	5.7956	6.8083	26.301	40.126	78.096	2584.8	-0.0010068	8.2865e-05	0.12951	liquid
269.27	3400.0	63.588	0.015726	5.8006	6.8135	26.320	40.125	78.104	2583.8	-0.0010027	8.2813e-05	0.12945	liquid
269.33	3400.0	63.574	0.015730	5.8056	6.8187	26.340	40.124	78.113	2582.7	-0.00099851	8.2761e-05	0.12939	liquid
269.40	3400.0	63.561	0.015733	5.8106	6.8239	26.359	40.123	78.121	2581.6	-0.00099435	8.2709e-05	0.12933	liquid
269.47	3400.0	63.548	0.015736	5.8156	6.8291	26.378	40.123	78.130	2580.5	-0.00099018	8.2656e-05	0.12927	liquid
269.53	3400.0	63.534	0.015740	5.8206	6.8343	26.398	40.122	78.139	2579.5	-0.00098601	8.2604e-05	0.12921	liquid
269.60	3400.0	63.521	0.015743	5.8255	6.8396	26.417	40.121	78.147	2578.4	-0.00098183	8.2552e-05	0.12915	liquid
269.67	3400.0	63.507	0.015746	5.8305	6.8448	26.436	40.120	78.156	2577.3	-0.00097765	8.2500e-05	0.12908	liquid
269.73	3400.0	63.494	0.015750	5.8355	6.8500	26.456	40.120	78.164	2576.2	-0.00097346	8.2448e-05	0.12902	liquid
269.80	3400.0	63.480	0.015753	5.8405	6.8552	26.475	40.119	78.173	2575.2	-0.00096927	8.2396e-05	0.12896	liquid
269.87	3400.0	63.467	0.015756	5.8455	6.8604	26.494	40.118	78.182	2574.1	-0.00096507	8.2344e-05	0.12890	liquid
269.93	3400.0	63.453	0.015760	5.8505	6.8656	26.514	40.118	78.190	2573.0	-0.00096087	8.2292e-05	0.12884	liquid
270.00	3400.0	63.440	0.015763	5.8555	6.8708	26.533	40.117	78.199	2571.9	-0.00095666	8.2240e-05	0.12878	liquid
270.07	3400.0	63.426	0.015766	5.8605	6.8760	26.552	40.116	78.207	2570.9	-0.00095244	8.2189e-05	0.12872	liquid
270.13	3400.0	63.413	0.015770	5.8655	6.8813	26.571	40.115	78.216	2569.8	-0.00094822	8.2137e-05	0.12866	liquid
270.20	3400.0	63.399	0.015773	5.8705	6.8865	26.591	40.115	78.225	2568.7	-0.00094400	8.2085e-05	0.12860	liquid
270.27	3400.0	63.386	0.015776	5.8755	6.8917	26.610	40.114	78.234	2567.7	-0.00093977	8.2033e-05	0.12854	liquid
270.33	3400.0	63.372	0.015780	5.8805	6.8969	26.629	40.113	78.242	2566.6	-0.00093553	8.1982e-05	0.12848	liquid
270.40	3400.0	63.359	0.015783	5.8855	6.9021	26.649	40.112	78.251	2565.5	-0.00093129	8.1930e-05	0.12842	liquid
270.47	3400.0	63.345	0.015786	5.8905	6.9073	26.668	40.112	78.260	2564.4	-0.00092705	8.1878e-05	0.12836	liquid
270.53	3400.0	63.332	0.015790	5.8955	6.9126	26.687	40.111	78.268	2563.4	-0.00092280	8.1827e-05	0.12830	liquid
270.60	3400.0	63.318	0.015793	5.9005	6.9178	26.707	40.110	78.277	2562.3	-0.00091854	8.1775e-05	0.12824	liquid
270.67	3400.0	63.305	0.015797	5.9055	6.9230	26.726	40.110	78.286	2561.2	-0.00091428	8.1724e-05	0.12818	liquid
270.73	3400.0	63.291	0.015800	5.9105	6.9282	26.745	40.109	78.295	2560.1	-0.00091001	8.1673e-05	0.12812	liquid
270.80	3400.0	63.278	0.015803	5.9155	6.9334	26.764	40.108	78.303	2559.1	-0.00090574	8.1621e-05	0.12806	liquid
270.87	3400.0	63.264	0.015807	5.9205	6.9386	26.784	40.107	78.312	2558.0	-0.00090146	8.1570e-05	0.12800	liquid
270.93	3400.0	63.251	0.015810	5.9255	6.9439	26.803	40.107	78.321	2556.9	-0.00089717	8.1519e-05	0.12794	liquid
271.00	3400.0	63.237	0.015814	5.9305	6.9491	26.822	40.106	78.330	2555.9	-0.00089289	8.1467e-05	0.12788	liquid
271.07	3400.0	63.224	0.015817	5.9355	6.9543	26.841	40.105	78.338	2554.8	-0.00088859	8.1416e-05	0.12782	liquid
271.13	3400.0	63.210	0.015820	5.9405	6.9595	26.861	40.105	78.347	2553.7	-0.00088429	8.1365e-05	0.12776	liquid
271.20	3400.0	63.196	0.015824	5.9455	6.9648	26.880	40.104	78.356	2552.6	-0.00087999	8.1314e-05	0.12770	liquid
271.27	3400.0	63.183	0.015827	5.9506	6.9700	26.899	40.103	78.365	2551.6	-0.00087568	8.1263e-05	0.12764	liquid
271.33	3400.0	63.169	0.015830	5.9556	6.9752	26.919	40.102	78.374	2550.5	-0.00087136	8.1212e-05	0.12758	liquid
271.40	3400.0	63.156	0.015834	5.9606	6.9804	26.938	40.102	78.383	2549.4	-0.00086704	8.1161e-05	0.12752	liquid
271.47	3400.0	63.142	0.015837	5.9656	6.9857	26.957	40.101	78.391	2548.4	-0.00086271	8.1110e-05	0.12746	liquid
271.53	3400.0	63.129	0.015841	5.9706	6.9909	26.976	40.100	78.400	2547.3	-0.00085838	8.1059e-05	0.12740	liquid
271.60	3400.0	63.115	0.015844	5.9756	6.9961	26.996	40.100	78.409	2546.2	-0.00085404	8.1008e-05	0.12734	liquid
271.67	3400.0	63.102	0.015847	5.9806	7.0013	27.015	40.099	78.418	2545.2	-0.00084970	8.0957e-05	0.12728	liquid
271.73	3400.0	63.088	0.015851	5.9856	7.0066	27.034	40.098	78.427	2544.1	-0.00084535	8.0906e-05	0.12722	liquid
271.80	3400.0	63.074	0.015854	5.9906	7.0118	27.053	40.098	78.436	2543.0	-0.00084100	8.0855e-05	0.12716	liquid
271.87	3400.0	63.061	0.015858	5.9956	7.0170	27.072	40.097	78.445	2541.9	-0.00083664	8.0805e-05	0.12710	liquid
271.93	3400.0	63.047	0.015861	6.0006	7.0223	27.092	40.096	78.454	2540.9	-0.00083227	8.0754e-05	0.12704	liquid
272.00	3400.0	63.034	0.015865	6.0056	7.0275	27.111	40.095	78.463	2539.8	-0.00082790	8.0703e-05	0.12698	liquid
272.07	3400.0	63.020	0.015868	6.0107	7.0327	27.130	40.095	78.472	2538.7	-0.00082353	8.0653e-05	0.12692	liquid
272.13	3400.0	63.006	0.015871	6.0157	7.0379	27.149	40.094	78.480	2537.7	-0.00081915	8.0602e-05	0.12686	liquid
272.20	3400.0	62.993	0.015875	6.0207	7.0432	27.169	40.093	78.489	2536.6	-0.00081476	8.0552e-05	0.12680	liquid
272.27	3400.0	62.979	0.015878	6.0257	7.0484	27.188	40.093	78.498	2535.5	-0.00081037	8.0501e-05	0.12674	liquid
272.33	3400.0	62.966	0.015882	6.0307	7.0536	27.207	40.092	78.507	2534.5	-0.00080597	8.0451e-05	0.12668	liquid
272.40	3400.0	62.952	0.015885	6.0357	7.0589	27.226	40.091	78.516	2533.4	-0.00080157	8.0400e-05	0.12662	liquid
272.47	3400.0	62.938	0.015889	6.0407	7.0641	27.246	40.091	78.525	2532.3	-0.00079716	8.0350e-05	0.12656	liquid
272.53	3400.0	62.925	0.015892	6.0457	7.0694	27.265	40.090	78.534	2531.2	-0.00079274	8.0300e-05	0.12650	liquid
272.60	3400.0	62.911	0.015895	6.0508	7.0746	27.284	40.089	78.543	2530.2	-0.00078832	8.0249e-05	0.12644	liquid
272.67	3400.0	62.897	0.015899	6.0558	7.0798	27.303	40.089	78.552	2529.1	-0.00078390	8.0199e-05	0.12638	liquid
272.73	3400.0	62.884	0.015902	6.0608	7.0851	27.322	40.088	78.561	2528.0	-0.00077946	8.0149e-05	0.12632	liquid
272.80	3400.0	62.870	0.015906	6.0658	7.0903	27.342	40.087	78.570	2527.0	-0.00077503	8.0099e-05	0.12627	liquid
272.87	3400.0	62.857	0.015909	6.0708	7.0955	27.361	40.087	78.580	2525.9	-0.00077059	8.0048e-05	0.12621	liquid
272.93	3400.0	62.843	0.015913	6.0758	7.1008	27.380	40.086	78.589	2524.8	-0.00076614	7.9998e-05	0.12615	liquid
273.00	3400.0	62.829	0.015916	6.0809	7.1060	27.399	40.085	78.598	2523.8	-0.00076168	7.9948e-05	0.12609	liquid
273.07	3400.0	62.816	0.015920	6.0859	7.1113	27.418	40.085	78.607	2522.7	-0.00075722	7.9898e-05	0.12603	liquid
273.13	3400.0	62.802	0.015923	6.0909	7.1165	27.438	40.084	78.616	2521.6	-0.00075276	7.9848e-05	0.12597	liquid
273.20	3400.0	62.788	0.015927	6.0959	7.1217	27.457	40.083	78.625	2520.6	-0.00074829	7.9798e-05	0.12591	liquid
273.27	3400.0	62.775	0.015930	6.1009	7.1270	27.476	40.083	78.634	2519.5	-0.00074381	7.9748e-05	0.12585	liquid
273.33	3400.0	62.761	0.015933	6.1059	7.1322	27.495	40.082	78.643	2518.4	-0.00073933	7.9698e-05	0.12579	liquid
273.40	3400.0	62.747	0.015937	6.1110	7.1375	27.514	40.081	78.652	2517.4	-0.00073484	7.9649e-05	0.12573	liquid
273.47	3400.0	62.734	0.015940	6.1160	7.1427	27.533	40.081	78.661	2516.3	-0.00073035	7.9599e-05	0.12567	liquid
273.53	3400.0	62.720	0.015944	6.1210	7.1480	27.553	40.080	78.671	2515.2	-0.00072585	7.9549e-05	0.12561	liquid
273.60	3400.0	62.706	0.015947	6.1260	7.1532	27.572	40.079	78.680	2514.2	-0.00072135	7.9499e-05	0.12555	liquid
273.67	3400.0	62.693	0.015951	6.1310	7.1584	27.591	40.079	78.689	2513.1	-0.00071684	7.9450e-05	0.12549	liquid
273.73	3400.0	62.679	0.015954	6.1361	7.1637	27.610	40.078	78.698	2512.0	-0.00071232	7.9400e-05	0.12543	liquid
273.80	3400.0	62.665	0.015958	6.1411	7.1689	27.629	40.077	78.707	2511.0	-0.00070780	7.9350e-05	0.12537	liquid
273.87	3400.0	62.651	0.015961	6.1461	7.1742	27.648	40.077	78.717	2509.9	-0.00070327	7.9301e-05	0.12531	liquid
273.93	3400.0	62.638	0.015965	6.1511	7.1794	27.668	40.076	78.726	2508.8	-0.00069874	7.9251e-05	0.12525	liquid
274.00	3400.0	62.624	0.015968	6.1562	7.1847	27.687	40.075	78.735	2507.8	-0.00069420	7.9202e-05	0.12519	liquid
274.07	3400.0	62.610	0.015972	6.1612	7.1899	27.706	40.075	78.744	2506.7	-0.00068966	7.9152e-05	0.12513	liquid
274.13	3400.0	62.597	0.015975	6.1662	7.1952	27.725	40.074	78.753	2505.6	-0.00068511	7.9103e-05	0.12508	liquid
274.20	3400.0	62.583	0.015979	6.1712	7.2004	27.744	40.073	78.763	2504.6	-0.00068055	7.9054e-05	0.12502	liquid
274.27	3400.0	62.569	0.015982	6.1763	7.2057	27.763	40.073	78.772	2503.5	-0.00067599	7.9004e-05	0.12496	liquid
274.33	3400.0	62.555	0.015986	6.1813	7.2109	27.783	40.072	78.781	2502.4	-0.00067142	7.8955e-05	0.12490	liquid
274.40	3400.0	62.542	0.015989	6.1863	7.2162	27.802	40.071	78.790	2501.4	-0.00066685	7.8906e-05	0.12484	liquid
274.47	3400.0	62.528	0.015993	6.1913	7.2214	27.821	40.071	78.800	2500.3	-0.00066227	7.8856e-05	0.12478	liquid
274.53	3400.0	62.514	0.015996	6.1964	7.2267	27.840	40.070	78.809	2499.2	-0.00065768	7.8807e-05	0.12472	liquid
274.60	3400.0	62.501	0.016000	6.2014	7.2319	27.859	40.070	78.818	2498.2	-0.00065309	7.8758e-05	0.12466	liquid
274.67	3400.0	62.487	0.016003	6.2064	7.2372	27.878	40.069	78.828	2497.1	-0.00064850	7.8709e-05	0.12460	liquid
274.73	3400.0	62.473	0.016007	6.2114	7.2425	27.897	40.068	78.837	2496.0	-0.00064389	7.8660e-05	0.12454	liquid
274.80	3400.0	62.459	0.016010	6.2165	7.2477	27.916	40.068	78.846	2495.0	-0.00063928	7.8611e-05	0.12448	liquid
274.87	3400.0	62.446	0.016014	6.2215	7.2530	27.936	40.067	78.856	2493.9	-0.00063467	7.8562e-05	0.12442	liquid
274.93	3400.0	62.432	0.016017	6.2265	7.2582	27.955	40.066	78.865	2492.8	-0.00063005	7.8513e-05	0.12436	liquid
275.00	3400.0	62.418	0.016021	6.2316	7.2635	27.974	40.066	78.874	2491.8	-0.00062543	7.8464e-05	0.12431	liquid
275.07	3400.0	62.404	0.016025	6.2366	7.2687	27.993	40.065	78.884	2490.7	-0.00062079	7.8415e-05	0.12425	liquid
275.13	3400.0	62.390	0.016028	6.2416	7.2740	28.012	40.064	78.893	2489.6	-0.00061616	7.8366e-05	0.12419	liquid
275.20	3400.0	62.377	0.016032	6.2467	7.2793	28.031	40.064	78.903	2488.6	-0.00061151	7.8317e-05	0.12413	liquid
275.27	3400.0	62.363	0.016035	6.2517	7.2845	28.050	40.063	78.912	2487.5	-0.00060686	7.8268e-05	0.12407	liquid
275.33	3400.0	62.349	0.016039	6.2567	7.2898	28.069	40.063	78.921	2486.4	-0.00060221	7.8220e-05	0.12401	liquid
275.40	3400.0	62.335	0.016042	6.2618	7.2950	28.089	40.062	78.931	2485.4	-0.00059755	7.8171e-05	0.12395	liquid
275.47	3400.0	62.322	0.016046	6.2668	7.3003	28.108	40.061	78.940	2484.3	-0.00059288	7.8122e-05	0.12389	liquid
275.53	3400.0	62.308	0.016049	6.2718	7.3056	28.127	40.061	78.950	2483.3	-0.00058821	7.8074e-05	0.12383	liquid
275.60	3400.0	62.294	0.016053	6.2769	7.3108	28.146	40.060	78.959	2482.2	-0.00058353	7.8025e-05	0.12377	liquid
275.67	3400.0	62.280	0.016056	6.2819	7.3161	28.165	40.059	78.969	2481.1	-0.00057884	7.7976e-05	0.12372	liquid
275.73	3400.0	62.266	0.016060	6.2869	7.3214	28.184	40.059	78.978	2480.1	-0.00057415	7.7928e-05	0.12366	liquid
275.80	3400.0	62.253	0.016064	6.2920	7.3266	28.203	40.058	78.988	2479.0	-0.00056946	7.7879e-05	0.12360	liquid
275.87	3400.0	62.239	0.016067	6.2970	7.3319	28.222	40.058	78.997	2477.9	-0.00056475	7.7831e-05	0.12354	liquid
275.93	3400.0	62.225	0.016071	6.3020	7.3372	28.241	40.057	79.007	2476.9	-0.00056004	7.7782e-05	0.12348	liquid
276.00	3400.0	62.211	0.016074	6.3071	7.3424	28.260	40.056	79.016	2475.8	-0.00055533	7.7734e-05	0.12342	liquid
276.07	3400.0	62.197	0.016078	6.3121	7.3477	28.279	40.056	79.026	2474.7	-0.00055061	7.7686e-05	0.12336	liquid
276.13	3400.0	62.183	0.016081	6.3172	7.3530	28.299	40.055	79.035	2473.7	-0.00054588	7.7637e-05	0.12330	liquid
276.20	3400.0	62.170	0.016085	6.3222	7.3582	28.318	40.055	79.045	2472.6	-0.00054115	7.7589e-05	0.12324	liquid
276.27	3400.0	62.156	0.016089	6.3272	7.3635	28.337	40.054	79.054	2471.6	-0.00053641	7.7541e-05	0.12319	liquid
276.33	3400.0	62.142	0.016092	6.3323	7.3688	28.356	40.053	79.064	2470.5	-0.00053167	7.7493e-05	0.12313	liquid
276.40	3400.0	62.128	0.016096	6.3373	7.3740	28.375	40.053	79.073	2469.4	-0.00052692	7.7444e-05	0.12307	liquid
276.47	3400.0	62.114	0.016099	6.3424	7.3793	28.394	40.052	79.083	2468.4	-0.00052216	7.7396e-05	0.12301	liquid
276.53	3400.0	62.100	0.016103	6.3474	7.3846	28.413	40.052	79.093	2467.3	-0.00051740	7.7348e-05	0.12295	liquid
276.60	3400.0	62.087	0.016107	6.3524	7.3899	28.432	40.051	79.102	2466.2	-0.00051263	7.7300e-05	0.12289	liquid
276.67	3400.0	62.073	0.016110	6.3575	7.3951	28.451	40.050	79.112	2465.2	-0.00050785	7.7252e-05	0.12283	liquid
276.73	3400.0	62.059	0.016114	6.3625	7.4004	28.470	40.050	79.121	2464.1	-0.00050307	7.7204e-05	0.12277	liquid
276.80	3400.0	62.045	0.016117	6.3676	7.4057	28.489	40.049	79.131	2463.1	-0.00049828	7.7156e-05	0.12272	liquid
276.87	3400.0	62.031	0.016121	6.3726	7.4110	28.508	40.049	79.141	2462.0	-0.00049349	7.7108e-05	0.12266	liquid
276.93	3400.0	62.017	0.016125	6.3777	7.4162	28.527	40.048	79.150	2460.9	-0.00048869	7.7060e-05	0.12260	liquid
277.00	3400.0	62.003	0.016128	6.3827	7.4215	28.546	40.047	79.160	2459.9	-0.00048389	7.7012e-05	0.12254	liquid
277.07	3400.0	61.989	0.016132	6.3877	7.4268	28.565	40.047	79.170	2458.8	-0.00047907	7.6965e-05	0.12248	liquid
277.13	3400.0	61.976	0.016135	6.3928	7.4321	28.585	40.046	79.179	2457.8	-0.00047426	7.6917e-05	0.12242	liquid
277.20	3400.0	61.962	0.016139	6.3978	7.4374	28.604	40.046	79.189	2456.7	-0.00046943	7.6869e-05	0.12236	liquid
277.27	3400.0	61.948	0.016143	6.4029	7.4426	28.623	40.045	79.199	2455.6	-0.00046460	7.6821e-05	0.12230	liquid
277.33	3400.0	61.934	0.016146	6.4079	7.4479	28.642	40.044	79.209	2454.6	-0.00045977	7.6774e-05	0.12225	liquid
277.40	3400.0	61.920	0.016150	6.4130	7.4532	28.661	40.044	79.218	2453.5	-0.00045492	7.6726e-05	0.12219	liquid
277.47	3400.0	61.906	0.016154	6.4180	7.4585	28.680	40.043	79.228	2452.4	-0.00045007	7.6678e-05	0.12213	liquid
277.53	3400.0	61.892	0.016157	6.4231	7.4638	28.699	40.043	79.238	2451.4	-0.00044522	7.6631e-05	0.12207	liquid
277.60	3400.0	61.878	0.016161	6.4281	7.4690	28.718	40.042	79.247	2450.3	-0.00044036	7.6583e-05	0.12201	liquid
277.67	3400.0	61.864	0.016164	6.4332	7.4743	28.737	40.042	79.257	2449.3	-0.00043549	7.6536e-05	0.12195	liquid
277.73	3400.0	61.850	0.016168	6.4382	7.4796	28.756	40.041	79.267	2448.2	-0.00043062	7.6488e-05	0.12189	liquid
277.80	3400.0	61.836	0.016172	6.4433	7.4849	28.775	40.040	79.277	2447.1	-0.00042574	7.6441e-05	0.12184	liquid
277.87	3400.0	61.822	0.016175	6.4483	7.4902	28.794	40.040	79.287	2446.1	-0.00042085	7.6393e-05	0.12178	liquid
277.93	3400.0	61.809	0.016179	6.4534	7.4955	28.813	40.039	79.296	2445.0	-0.00041596	7.6346e-05	0.12172	liquid
278.00	3400.0	61.795	0.016183	6.4584	7.5008	28.832	40.039	79.306	2444.0	-0.00041106	7.6299e-05	0.12166	liquid
278.07	3400.0	61.781	0.016186	6.4635	7.5060	28.851	40.038	79.316	2442.9	-0.00040616	7.6251e-05	0.12160	liquid
278.13	3400.0	61.767	0.016190	6.4685	7.5113	28.870	40.038	79.326	2441.8	-0.00040125	7.6204e-05	0.12154	liquid
278.20	3400.0	61.753	0.016194	6.4736	7.5166	28.889	40.037	79.336	2440.8	-0.00039633	7.6157e-05	0.12149	liquid
278.27	3400.0	61.739	0.016197	6.4786	7.5219	28.908	40.036	79.346	2439.7	-0.00039140	7.6109e-05	0.12143	liquid
278.33	3400.0	61.725	0.016201	6.4837	7.5272	28.927	40.036	79.356	2438.7	-0.00038647	7.6062e-05	0.12137	liquid
278.40	3400.0	61.711	0.016205	6.4887	7.5325	28.946	40.035	79.365	2437.6	-0.00038154	7.6015e-05	0.12131	liquid
278.47	3400.0	61.697	0.016208	6.4938	7.5378	28.965	40.035	79.375	2436.5	-0.00037660	7.5968e-05	0.12125	liquid
278.53	3400.0	61.683	0.016212	6.4989	7.5431	28.984	40.034	79.385	2435.5	-0.00037165	7.5921e-05	0.12119	liquid
278.60	3400.0	61.669	0.016216	6.5039	7.5484	29.003	40.034	79.395	2434.4	-0.00036669	7.5874e-05	0.12114	liquid
278.67	3400.0	61.655	0.016219	6.5090	7.5537	29.022	40.033	79.405	2433.4	-0.00036173	7.5827e-05	0.12108	liquid
278.73	3400.0	61.641	0.016223	6.5140	7.5590	29.041	40.032	79.415	2432.3	-0.00035676	7.5780e-05	0.12102	liquid
278.80	3400.0	61.627	0.016227	6.5191	7.5642	29.060	40.032	79.425	2431.3	-0.00035179	7.5733e-05	0.12096	liquid
278.87	3400.0	61.613	0.016230	6.5241	7.5695	29.079	40.031	79.435	2430.2	-0.00034681	7.5686e-05	0.12090	liquid
278.93	3400.0	61.599	0.016234	6.5292	7.5748	29.098	40.031	79.445	2429.1	-0.00034182	7.5639e-05	0.12084	liquid
279.00	3400.0	61.585	0.016238	6.5343	7.5801	29.117	40.030	79.455	2428.1	-0.00033683	7.5592e-05	0.12079	liquid
279.07	3400.0	61.571	0.016241	6.5393	7.5854	29.136	40.030	79.465	2427.0	-0.00033183	7.5546e-05	0.12073	liquid
279.13	3400.0	61.557	0.016245	6.5444	7.5907	29.155	40.029	79.475	2426.0	-0.00032682	7.5499e-05	0.12067	liquid
279.20	3400.0	61.543	0.016249	6.5494	7.5960	29.174	40.029	79.485	2424.9	-0.00032181	7.5452e-05	0.12061	liquid
279.27	3400.0	61.529	0.016253	6.5545	7.6013	29.193	40.028	79.495	2423.8	-0.00031679	7.5405e-05	0.12055	liquid
279.33	3400.0	61.515	0.016256	6.5596	7.6066	29.212	40.028	79.505	2422.8	-0.00031176	7.5359e-05	0.12050	liquid
279.40	3400.0	61.501	0.016260	6.5646	7.6119	29.231	40.027	79.515	2421.7	-0.00030673	7.5312e-05	0.12044	liquid
279.47	3400.0	61.487	0.016264	6.5697	7.6172	29.250	40.026	79.525	2420.7	-0.00030169	7.5265e-05	0.12038	liquid
279.53	3400.0	61.473	0.016267	6.5747	7.6225	29.269	40.026	79.535	2419.6	-0.00029665	7.5219e-05	0.12032	liquid
279.60	3400.0	61.459	0.016271	6.5798	7.6278	29.288	40.025	79.545	2418.6	-0.00029160	7.5172e-05	0.12026	liquid
279.67	3400.0	61.445	0.016275	6.5849	7.6331	29.307	40.025	79.555	2417.5	-0.00028654	7.5126e-05	0.12021	liquid
279.73	3400.0	61.431	0.016279	6.5899	7.6384	29.326	40.024	79.565	2416.4	-0.00028147	7.5079e-05	0.12015	liquid
279.80	3400.0	61.417	0.016282	6.5950	7.6437	29.345	40.024	79.575	2415.4	-0.00027640	7.5033e-05	0.12009	liquid
279.87	3400.0	61.403	0.016286	6.6001	7.6491	29.364	40.023	79.585	2414.3	-0.00027133	7.4986e-05	0.12003	liquid
279.93	3400.0	61.389	0.016290	6.6051	7.6544	29.383	40.023	79.596	2413.3	-0.00026624	7.4940e-05	0.11997	liquid
280.00	3400.0	61.374	0.016293	6.6102	7.6597	29.402	40.022	79.606	2412.2	-0.00026115	7.4894e-05	0.11992	liquid
280.07	3400.0	61.360	0.016297	6.6153	7.6650	29.420	40.022	79.616	2411.2	-0.00025605	7.4847e-05	0.11986	liquid
280.13	3400.0	61.346	0.016301	6.6203	7.6703	29.439	40.021	79.626	2410.1	-0.00025095	7.4801e-05	0.11980	liquid
280.20	3400.0	61.332	0.016305	6.6254	7.6756	29.458	40.021	79.636	2409.0	-0.00024584	7.4755e-05	0.11974	liquid
280.27	3400.0	61.318	0.016308	6.6305	7.6809	29.477	40.020	79.646	2408.0	-0.00024072	7.4709e-05	0.11968	liquid
280.33	3400.0	61.304	0.016312	6.6355	7.6862	29.496	40.019	79.656	2406.9	-0.00023560	7.4663e-05	0.11963	liquid
280.40	3400.0	61.290	0.016316	6.6406	7.6915	29.515	40.019	79.667	2405.9	-0.00023047	7.4616e-05	0.11957	liquid
280.47	3400.0	61.276	0.016320	6.6457	7.6968	29.534	40.018	79.677	2404.8	-0.00022533	7.4570e-05	0.11951	liquid
280.53	3400.0	61.262	0.016323	6.6507	7.7021	29.553	40.018	79.687	2403.8	-0.00022019	7.4524e-05	0.11945	liquid
280.60	3400.0	61.248	0.016327	6.6558	7.7075	29.572	40.017	79.697	2402.7	-0.00021504	7.4478e-05	0.11940	liquid
280.67	3400.0	61.234	0.016331	6.6609	7.7128	29.591	40.017	79.708	2401.7	-0.00020988	7.4432e-05	0.11934	liquid
280.73	3400.0	61.219	0.016335	6.6660	7.7181	29.610	40.016	79.718	2400.6	-0.00020472	7.4386e-05	0.11928	liquid
280.80	3400.0	61.205	0.016338	6.6710	7.7234	29.629	40.016	79.728	2399.5	-0.00019955	7.4340e-05	0.11922	liquid
280.87	3400.0	61.191	0.016342	6.6761	7.7287	29.648	40.015	79.738	2398.5	-0.00019437	7.4294e-05	0.11916	liquid
280.93	3400.0	61.177	0.016346	6.6812	7.7340	29.667	40.015	79.749	2397.4	-0.00018919	7.4248e-05	0.11911	liquid
281.00	3400.0	61.163	0.016350	6.6863	7.7393	29.686	40.014	79.759	2396.4	-0.00018400	7.4202e-05	0.11905	liquid
281.07	3400.0	61.149	0.016354	6.6913	7.7447	29.705	40.014	79.769	2395.3	-0.00017880	7.4157e-05	0.11899	liquid
281.13	3400.0	61.135	0.016357	6.6964	7.7500	29.723	40.013	79.779	2394.3	-0.00017360	7.4111e-05	0.11893	liquid
281.20	3400.0	61.121	0.016361	6.7015	7.7553	29.742	40.013	79.790	2393.2	-0.00016839	7.4065e-05	0.11888	liquid
281.27	3400.0	61.106	0.016365	6.7066	7.7606	29.761	40.012	79.800	2392.2	-0.00016317	7.4019e-05	0.11882	liquid
281.33	3400.0	61.092	0.016369	6.7116	7.7659	29.780	40.012	79.810	2391.1	-0.00015795	7.3974e-05	0.11876	liquid
281.40	3400.0	61.078	0.016372	6.7167	7.7713	29.799	40.011	79.821	2390.0	-0.00015272	7.3928e-05	0.11870	liquid
281.47	3400.0	61.064	0.016376	6.7218	7.7766	29.818	40.011	79.831	2389.0	-0.00014748	7.3882e-05	0.11865	liquid
281.53	3400.0	61.050	0.016380	6.7269	7.7819	29.837	40.010	79.842	2387.9	-0.00014224	7.3837e-05	0.11859	liquid
281.60	3400.0	61.036	0.016384	6.7319	7.7872	29.856	40.010	79.852	2386.9	-0.00013699	7.3791e-05	0.11853	liquid
281.67	3400.0	61.022	0.016388	6.7370	7.7926	29.875	40.009	79.862	2385.8	-0.00013173	7.3746e-05	0.11847	liquid
281.73	3400.0	61.007	0.016391	6.7421	7.7979	29.894	40.009	79.873	2384.8	-0.00012647	7.3700e-05	0.11842	liquid
281.80	3400.0	60.993	0.016395	6.7472	7.8032	29.913	40.008	79.883	2383.7	-0.00012119	7.3655e-05	0.11836	liquid
281.87	3400.0	60.979	0.016399	6.7523	7.8085	29.931	40.008	79.894	2382.7	-0.00011592	7.3609e-05	0.11830	liquid
281.93	3400.0	60.965	0.016403	6.7573	7.8139	29.950	40.007	79.904	2381.6	-0.00011063	7.3564e-05	0.11824	liquid
282.00	3400.0	60.951	0.016407	6.7624	7.8192	29.969	40.007	79.914	2380.6	-0.00010534	7.3518e-05	0.11819	liquid
282.07	3400.0	60.936	0.016411	6.7675	7.8245	29.988	40.006	79.925	2379.5	-0.00010004	7.3473e-05	0.11813	liquid
282.13	3400.0	60.922	0.016414	6.7726	7.8298	30.007	40.006	79.935	2378.5	-9.4737e-05	7.3428e-05	0.11807	liquid
282.20	3400.0	60.908	0.016418	6.7777	7.8352	30.026	40.005	79.946	2377.4	-8.9425e-05	7.3382e-05	0.11801	liquid
282.27	3400.0	60.894	0.016422	6.7827	7.8405	30.045	40.005	79.956	2376.3	-8.4106e-05	7.3337e-05	0.11796	liquid
282.33	3400.0	60.880	0.016426	6.7878	7.8458	30.064	40.004	79.967	2375.3	-7.8780e-05	7.3292e-05	0.11790	liquid
282.40	3400.0	60.865	0.016430	6.7929	7.8512	30.083	40.004	79.977	2374.2	-7.3447e-05	7.3247e-05	0.11784	liquid
282.47	3400.0	60.851	0.016434	6.7980	7.8565	30.101	40.003	79.988	2373.2	-6.8108e-05	7.3202e-05	0.11778	liquid
282.53	3400.0	60.837	0.016437	6.8031	7.8618	30.120	40.003	79.998	2372.1	-6.2761e-05	7.3156e-05	0.11773	liquid
282.60	3400.0	60.823	0.016441	6.8082	7.8672	30.139	40.002	80.009	2371.1	-5.7408e-05	7.3111e-05	0.11767	liquid
282.67	3400.0	60.808	0.016445	6.8133	7.8725	30.158	40.002	80.020	2370.0	-5.2047e-05	7.3066e-05	0.11761	liquid
282.73	3400.0	60.794	0.016449	6.8183	7.8778	30.177	40.001	80.030	2369.0	-4.6680e-05	7.3021e-05	0.11756	liquid
282.80	3400.0	60.780	0.016453	6.8234	7.8832	30.196	40.001	80.041	2367.9	-4.1305e-05	7.2976e-05	0.11750	liquid
282.87	3400.0	60.766	0.016457	6.8285	7.8885	30.215	40.000	80.051	2366.9	-3.5924e-05	7.2931e-05	0.11744	liquid
282.93	3400.0	60.751	0.016461	6.8336	7.8938	30.234	40.000	80.062	2365.8	-3.0535e-05	7.2886e-05	0.11738	liquid
283.00	3400.0	60.737	0.016464	6.8387	7.8992	30.252	39.999	80.073	2364.8	-2.5140e-05	7.2841e-05	0.11733	liquid
283.07	3400.0	60.723	0.016468	6.8438	7.9045	30.271	39.999	80.083	2363.7	-1.9737e-05	7.2796e-05	0.11727	liquid
283.13	3400.0	60.709	0.016472	6.8489	7.9099	30.290	39.999	80.094	2362.7	-1.4328e-05	7.2752e-05	0.11721	liquid
283.20	3400.0	60.694	0.016476	6.8540	7.9152	30.309	39.998	80.104	2361.6	-8.9114e-06	7.2707e-05	0.11716	liquid
283.27	3400.0	60.680	0.016480	6.8591	7.9205	30.328	39.998	80.115	2360.6	-3.4879e-06	7.2662e-05	0.11710	liquid
283.33	3400.0	60.666	0.016484	6.8642	7.9259	30.347	39.997	80.126	2359.5	1.9427e-06	7.2617e-05	0.11704	liquid
283.40	3400.0	60.652	0.016488	6.8692	7.9312	30.366	39.997	80.136	2358.5	7.3804e-06	7.2572e-05	0.11698	liquid
283.47	3400.0	60.637	0.016491	6.8743	7.9366	30.384	39.996	80.147	2357.4	1.2825e-05	7.2528e-05	0.11693	liquid
283.53	3400.0	60.623	0.016495	6.8794	7.9419	30.403	39.996	80.158	2356.4	1.8277e-05	7.2483e-05	0.11687	liquid
283.60	3400.0	60.609	0.016499	6.8845	7.9472	30.422	39.995	80.169	2355.3	2.3736e-05	7.2438e-05	0.11681	liquid
283.67	3400.0	60.594	0.016503	6.8896	7.9526	30.441	39.995	80.179	2354.3	2.9202e-05	7.2394e-05	0.11676	liquid
283.73	3400.0	60.580	0.016507	6.8947	7.9579	30.460	39.994	80.190	2353.2	3.4675e-05	7.2349e-05	0.11670	liquid
283.80	3400.0	60.566	0.016511	6.8998	7.9633	30.479	39.994	80.201	2352.2	4.0155e-05	7.2305e-05	0.11664	liquid
283.87	3400.0	60.552	0.016515	6.9049	7.9686	30.497	39.993	80.211	2351.1	4.5643e-05	7.2260e-05	0.11658	liquid
283.93	3400.0	60.537	0.016519	6.9100	7.9740	30.516	39.993	80.222	2350.1	5.1137e-05	7.2215e-05	0.11653	liquid
284.00	3400.0	60.523	0.016523	6.9151	7.9793	30.535	39.992	80.233	2349.0	5.6639e-05	7.2171e-05	0.11647	liquid
284.07	3400.0	60.509	0.016527	6.9202	7.9847	30.554	39.992	80.244	2348.0	6.2148e-05	7.2127e-05	0.11641	liquid
284.13	3400.0	60.494	0.016530	6.9253	7.9900	30.573	39.992	80.255	2346.9	6.7664e-05	7.2082e-05	0.11636	liquid
284.20	3400.0	60.480	0.016534	6.9304	7.9954	30.592	39.991	80.265	2345.9	7.3187e-05	7.2038e-05	0.11630	liquid
284.27	3400.0	60.466	0.016538	6.9355	8.0007	30.610	39.991	80.276	2344.8	7.8717e-05	7.1993e-05	0.11624	liquid
284.33	3400.0	60.451	0.016542	6.9406	8.0061	30.629	39.990	80.287	2343.8	8.4255e-05	7.1949e-05	0.11619	liquid
284.40	3400.0	60.437	0.016546	6.9457	8.0114	30.648	39.990	80.298	2342.7	8.9800e-05	7.1905e-05	0.11613	liquid
284.47	3400.0	60.423	0.016550	6.9508	8.0168	30.667	39.989	80.309	2341.7	9.5352e-05	7.1861e-05	0.11607	liquid
284.53	3400.0	60.408	0.016554	6.9559	8.0221	30.686	39.989	80.320	2340.6	0.00010091	7.1816e-05	0.11602	liquid
284.60	3400.0	60.394	0.016558	6.9610	8.0275	30.705	39.988	80.330	2339.6	0.00010648	7.1772e-05	0.11596	liquid
284.67	3400.0	60.379	0.016562	6.9661	8.0329	30.723	39.988	80.341	2338.5	0.00011205	7.1728e-05	0.11590	liquid
284.73	3400.0	60.365	0.016566	6.9712	8.0382	30.742	39.988	80.352	2337.5	0.00011763	7.1684e-05	0.11585	liquid
284.80	3400.0	60.351	0.016570	6.9763	8.0436	30.761	39.987	80.363	2336.4	0.00012322	7.1640e-05	0.11579	liquid
284.87	3400.0	60.336	0.016574	6.9814	8.0489	30.780	39.987	80.374	2335.4	0.00012882	7.1596e-05	0.11573	liquid
284.93	3400.0	60.322	0.016578	6.9865	8.0543	30.799	39.986	80.385	2334.3	0.00013442	7.1551e-05	0.11568	liquid
285.00	3400.0	60.308	0.016582	6.9916	8.0596	30.817	39.986	80.396	2333.3	0.00014003	7.1507e-05	0.11562	liquid
285.07	3400.0	60.293	0.016586	6.9967	8.0650	30.836	39.985	80.407	2332.2	0.00014565	7.1463e-05	0.11556	liquid
285.13	3400.0	60.279	0.016590	7.0018	8.0704	30.855	39.985	80.418	2331.2	0.00015127	7.1419e-05	0.11551	liquid
285.20	3400.0	60.264	0.016594	7.0069	8.0757	30.874	39.985	80.429	2330.1	0.00015691	7.1376e-05	0.11545	liquid
285.27	3400.0	60.250	0.016598	7.0120	8.0811	30.893	39.984	80.440	2329.1	0.00016255	7.1332e-05	0.11539	liquid
285.33	3400.0	60.236	0.016601	7.0171	8.0864	30.911	39.984	80.451	2328.0	0.00016819	7.1288e-05	0.11534	liquid
285.40	3400.0	60.221	0.016605	7.0222	8.0918	30.930	39.983	80.462	2327.0	0.00017385	7.1244e-05	0.11528	liquid
285.47	3400.0	60.207	0.016609	7.0274	8.0972	30.949	39.983	80.473	2325.9	0.00017951	7.1200e-05	0.11522	liquid
285.53	3400.0	60.192	0.016613	7.0325	8.1025	30.968	39.982	80.484	2324.9	0.00018518	7.1156e-05	0.11517	liquid
285.60	3400.0	60.178	0.016617	7.0376	8.1079	30.987	39.982	80.495	2323.8	0.00019086	7.1112e-05	0.11511	liquid
285.67	3400.0	60.163	0.016621	7.0427	8.1133	31.005	39.982	80.506	2322.8	0.00019654	7.1069e-05	0.11505	liquid
285.73	3400.0	60.149	0.016625	7.0478	8.1186	31.024	39.981	80.517	2321.7	0.00020223	7.1025e-05	0.11500	liquid
285.80	3400.0	60.135	0.016629	7.0529	8.1240	31.043	39.981	80.528	2320.7	0.00020793	7.0981e-05	0.11494	liquid
285.87	3400.0	60.120	0.016633	7.0580	8.1294	31.062	39.980	80.539	2319.7	0.00021364	7.0938e-05	0.11488	liquid
285.93	3400.0	60.106	0.016637	7.0631	8.1347	31.081	39.980	80.550	2318.6	0.00021935	7.0894e-05	0.11483	liquid
286.00	3400.0	60.091	0.016641	7.0682	8.1401	31.099	39.979	80.561	2317.6	0.00022507	7.0850e-05	0.11477	liquid
286.07	3400.0	60.077	0.016645	7.0734	8.1455	31.118	39.979	80.573	2316.5	0.00023080	7.0807e-05	0.11472	liquid
286.13	3400.0	60.062	0.016649	7.0785	8.1509	31.137	39.979	80.584	2315.5	0.00023654	7.0763e-05	0.11466	liquid
286.20	3400.0	60.048	0.016653	7.0836	8.1562	31.156	39.978	80.595	2314.4	0.00024228	7.0720e-05	0.11460	liquid
286.27	3400.0	60.033	0.016657	7.0887	8.1616	31.174	39.978	80.606	2313.4	0.00024804	7.0676e-05	0.11455	liquid
286.33	3400.0	60.019	0.016661	7.0938	8.1670	31.193	39.977	80.617	2312.3	0.00025379	7.0633e-05	0.11449	liquid
286.40	3400.0	60.004	0.016665	7.0989	8.1724	31.212	39.977	80.628	2311.3	0.00025956	7.0589e-05	0.11443	liquid
286.47	3400.0	59.990	0.016669	7.1040	8.1777	31.231	39.977	80.640	2310.2	0.00026534	7.0546e-05	0.11438	liquid
286.53	3400.0	59.975	0.016673	7.1092	8.1831	31.249	39.976	80.651	2309.2	0.00027112	7.0503e-05	0.11432	liquid
286.60	3400.0	59.961	0.016678	7.1143	8.1885	31.268	39.976	80.662	2308.1	0.00027691	7.0459e-05	0.11426	liquid
286.67	3400.0	59.946	0.016682	7.1194	8.1939	31.287	39.975	80.673	2307.1	0.00028270	7.0416e-05	0.11421	liquid
286.73	3400.0	59.932	0.016686	7.1245	8.1992	31.306	39.975	80.684	2306.1	0.00028851	7.0373e-05	0.11415	liquid
286.80	3400.0	59.917	0.016690	7.1296	8.2046	31.325	39.975	80.696	2305.0	0.00029432	7.0329e-05	0.11410	liquid
286.87	3400.0	59.903	0.016694	7.1348	8.2100	31.343	39.974	80.707	2304.0	0.00030014	7.0286e-05	0.11404	liquid
286.93	3400.0	59.888	0.016698	7.1399	8.2154	31.362	39.974	80.718	2302.9	0.00030597	7.0243e-05	0.11398	liquid
287.00	3400.0	59.874	0.016702	7.1450	8.2208	31.381	39.973	80.729	2301.9	0.00031180	7.0200e-05	0.11393	liquid
287.07	3400.0	59.859	0.016706	7.1501	8.2261	31.400	39.973	80.741	2300.8	0.00031765	7.0157e-05	0.11387	liquid
287.13	3400.0	59.845	0.016710	7.1552	8.2315	31.418	39.973	80.752	2299.8	0.00032350	7.0113e-05	0.11382	liquid
287.20	3400.0	59.830	0.016714	7.1604	8.2369	31.437	39.972	80.763	2298.7	0.00032936	7.0070e-05	0.11376	liquid
287.27	3400.0	59.816	0.016718	7.1655	8.2423	31.456	39.972	80.775	2297.7	0.00033522	7.0027e-05	0.11370	liquid
287.33	3400.0	59.801	0.016722	7.1706	8.2477	31.475	39.971	80.786	2296.7	0.00034110	6.9984e-05	0.11365	liquid
287.40	3400.0	59.787	0.016726	7.1757	8.2531	31.493	39.971	80.797	2295.6	0.00034698	6.9941e-05	0.11359	liquid
287.47	3400.0	59.772	0.016730	7.1809	8.2585	31.512	39.971	80.809	2294.6	0.00035287	6.9898e-05	0.11354	liquid
287.53	3400.0	59.758	0.016734	7.1860	8.2638	31.531	39.970	80.820	2293.5	0.00035877	6.9855e-05	0.11348	liquid
287.60	3400.0	59.743	0.016738	7.1911	8.2692	31.549	39.970	80.832	2292.5	0.00036467	6.9812e-05	0.11342	liquid
287.67	3400.0	59.728	0.016742	7.1962	8.2746	31.568	39.969	80.843	2291.4	0.00037058	6.9769e-05	0.11337	liquid
287.73	3400.0	59.714	0.016747	7.2014	8.2800	31.587	39.969	80.854	2290.4	0.00037650	6.9727e-05	0.11331	liquid
287.80	3400.0	59.699	0.016751	7.2065	8.2854	31.606	39.969	80.866	2289.3	0.00038243	6.9684e-05	0.11326	liquid
287.87	3400.0	59.685	0.016755	7.2116	8.2908	31.624	39.968	80.877	2288.3	0.00038837	6.9641e-05	0.11320	liquid
287.93	3400.0	59.670	0.016759	7.2167	8.2962	31.643	39.968	80.889	2287.3	0.00039431	6.9598e-05	0.11314	liquid
288.00	3400.0	59.656	0.016763	7.2219	8.3016	31.662	39.967	80.900	2286.2	0.00040026	6.9555e-05	0.11309	liquid
288.07	3400.0	59.641	0.016767	7.2270	8.3070	31.681	39.967	80.912	2285.2	0.00040622	6.9513e-05	0.11303	liquid
288.13	3400.0	59.626	0.016771	7.2321	8.3124	31.699	39.967	80.923	2284.1	0.00041219	6.9470e-05	0.11298	liquid
288.20	3400.0	59.612	0.016775	7.2373	8.3178	31.718	39.966	80.935	2283.1	0.00041817	6.9427e-05	0.11292	liquid
288.27	3400.0	59.597	0.016779	7.2424	8.3232	31.737	39.966	80.946	2282.0	0.00042415	6.9385e-05	0.11286	liquid
288.33	3400.0	59.583	0.016783	7.2475	8.3286	31.755	39.966	80.958	2281.0	0.00043014	6.9342e-05	0.11281	liquid
288.40	3400.0	59.568	0.016788	7.2527	8.3340	31.774	39.965	80.969	2280.0	0.00043614	6.9299e-05	0.11275	liquid
288.47	3400.0	59.553	0.016792	7.2578	8.3394	31.793	39.965	80.981	2278.9	0.00044215	6.9257e-05	0.11270	liquid
288.53	3400.0	59.539	0.016796	7.2629	8.3448	31.812	39.964	80.992	2277.9	0.00044816	6.9214e-05	0.11264	liquid
288.60	3400.0	59.524	0.016800	7.2681	8.3502	31.830	39.964	81.004	2276.8	0.00045418	6.9172e-05	0.11259	liquid
288.67	3400.0	59.509	0.016804	7.2732	8.3556	31.849	39.964	81.015	2275.8	0.00046022	6.9129e-05	0.11253	liquid
288.73	3400.0	59.495	0.016808	7.2783	8.3610	31.868	39.963	81.027	2274.7	0.00046625	6.9087e-05	0.11247	liquid
288.80	3400.0	59.480	0.016812	7.2835	8.3664	31.886	39.963	81.038	2273.7	0.00047230	6.9044e-05	0.11242	liquid
288.87	3400.0	59.465	0.016816	7.2886	8.3718	31.905	39.963	81.050	2272.7	0.00047836	6.9002e-05	0.11236	liquid
288.93	3400.0	59.451	0.016821	7.2937	8.3772	31.924	39.962	81.062	2271.6	0.00048442	6.8959e-05	0.11231	liquid
289.00	3400.0	59.436	0.016825	7.2989	8.3826	31.943	39.962	81.073	2270.6	0.00049049	6.8917e-05	0.11225	liquid
289.07	3400.0	59.422	0.016829	7.3040	8.3880	31.961	39.962	81.085	2269.5	0.00049657	6.8875e-05	0.11220	liquid
289.13	3400.0	59.407	0.016833	7.3092	8.3934	31.980	39.961	81.097	2268.5	0.00050266	6.8832e-05	0.11214	liquid
289.20	3400.0	59.392	0.016837	7.3143	8.3988	31.999	39.961	81.108	2267.5	0.00050875	6.8790e-05	0.11209	liquid
289.27	3400.0	59.377	0.016841	7.3194	8.4042	32.017	39.961	81.120	2266.4	0.00051485	6.8748e-05	0.11203	liquid
289.33	3400.0	59.363	0.016846	7.3246	8.4096	32.036	39.960	81.132	2265.4	0.00052096	6.8706e-05	0.11197	liquid
289.40	3400.0	59.348	0.016850	7.3297	8.4150	32.055	39.960	81.143	2264.3	0.00052708	6.8663e-05	0.11192	liquid
289.47	3400.0	59.333	0.016854	7.3349	8.4204	32.073	39.959	81.155	2263.3	0.00053321	6.8621e-05	0.11186	liquid
289.53	3400.0	59.319	0.016858	7.3400	8.4258	32.092	39.959	81.167	2262.3	0.00053935	6.8579e-05	0.11181	liquid
289.60	3400.0	59.304	0.016862	7.3451	8.4312	32.111	39.959	81.178	2261.2	0.00054549	6.8537e-05	0.11175	liquid
289.67	3400.0	59.289	0.016866	7.3503	8.4367	32.130	39.958	81.190	2260.2	0.00055164	6.8495e-05	0.11170	liquid
289.73	3400.0	59.275	0.016871	7.3554	8.4421	32.148	39.958	81.202	2259.1	0.00055780	6.8453e-05	0.11164	liquid
289.80	3400.0	59.260	0.016875	7.3606	8.4475	32.167	39.958	81.214	2258.1	0.00056397	6.8411e-05	0.11159	liquid
289.87	3400.0	59.245	0.016879	7.3657	8.4529	32.186	39.957	81.226	2257.0	0.00057015	6.8369e-05	0.11153	liquid
289.93	3400.0	59.230	0.016883	7.3709	8.4583	32.204	39.957	81.237	2256.0	0.00057633	6.8327e-05	0.11148	liquid
290.00	3400.0	59.216	0.016887	7.3760	8.4637	32.223	39.957	81.249	2255.0	0.00058252	6.8285e-05	0.11142	liquid
