Temperature (K)	Pressure (psia)	Density (lbm/ft3)	Volume (ft3/lbm)	Internal Energy (kJ/mol)	Enthalpy (kJ/mol)	Entropy (J/mol*K)	Cv (J/mol*K)	Cp (J/mol*K)	Sound Spd. (ft/s)	Joule-Thomson (F/psia)	Viscosity (lbm/ft*s)	Therm. Cond. (W/m*K)	Phase
250.00	2000.0	65.740	0.015212	4.6531	5.2294	21.796	40.211	79.028	2688.1	-0.0012901	9.2711e-05	0.13930	liquid
250.07	2000.0	65.726	0.015215	4.6582	5.2347	21.817	40.210	79.039	2686.8	-0.0012858	9.2644e-05	0.13923	liquid
250.13	2000.0	65.711	0.015218	4.6634	5.2400	21.838	40.209	79.050	2685.6	-0.0012815	9.2576e-05	0.13916	liquid
250.20	2000.0	65.697	0.015221	4.6685	5.2452	21.860	40.208	79.061	2684.3	-0.0012773	9.2509e-05	0.13909	liquid
250.27	2000.0	65.683	0.015225	4.6737	5.2505	21.881	40.207	79.072	2683.1	-0.0012729	9.2442e-05	0.13903	liquid
250.33	2000.0	65.669	0.015228	4.6788	5.2558	21.902	40.206	79.083	2681.9	-0.0012686	9.2375e-05	0.13896	liquid
250.40	2000.0	65.655	0.015231	4.6840	5.2610	21.923	40.204	79.094	2680.6	-0.0012643	9.2308e-05	0.13889	liquid
250.47	2000.0	65.641	0.015234	4.6891	5.2663	21.944	40.203	79.105	2679.4	-0.0012600	9.2242e-05	0.13882	liquid
250.53	2000.0	65.627	0.015238	4.6943	5.2716	21.965	40.202	79.116	2678.2	-0.0012557	9.2175e-05	0.13875	liquid
250.60	2000.0	65.613	0.015241	4.6994	5.2769	21.986	40.201	79.127	2676.9	-0.0012513	9.2108e-05	0.13868	liquid
250.67	2000.0	65.599	0.015244	4.7046	5.2821	22.007	40.200	79.138	2675.7	-0.0012470	9.2041e-05	0.13861	liquid
250.73	2000.0	65.584	0.015248	4.7097	5.2874	22.028	40.199	79.149	2674.5	-0.0012426	9.1975e-05	0.13854	liquid
250.80	2000.0	65.570	0.015251	4.7149	5.2927	22.049	40.198	79.160	2673.2	-0.0012383	9.1908e-05	0.13848	liquid
250.87	2000.0	65.556	0.015254	4.7200	5.2980	22.070	40.197	79.172	2672.0	-0.0012339	9.1842e-05	0.13841	liquid
250.93	2000.0	65.542	0.015257	4.7252	5.3033	22.091	40.196	79.183	2670.8	-0.0012296	9.1775e-05	0.13834	liquid
251.00	2000.0	65.528	0.015261	4.7303	5.3085	22.112	40.195	79.194	2669.5	-0.0012252	9.1709e-05	0.13827	liquid
251.07	2000.0	65.514	0.015264	4.7355	5.3138	22.133	40.194	79.205	2668.3	-0.0012208	9.1643e-05	0.13820	liquid
251.13	2000.0	65.499	0.015267	4.7406	5.3191	22.154	40.193	79.216	2667.1	-0.0012164	9.1576e-05	0.13813	liquid
251.20	2000.0	65.485	0.015271	4.7458	5.3244	22.175	40.192	79.228	2665.8	-0.0012120	9.1510e-05	0.13806	liquid
251.27	2000.0	65.471	0.015274	4.7510	5.3297	22.196	40.191	79.239	2664.6	-0.0012076	9.1444e-05	0.13799	liquid
251.33	2000.0	65.457	0.015277	4.7561	5.3349	22.217	40.190	79.250	2663.4	-0.0012032	9.1378e-05	0.13793	liquid
251.40	2000.0	65.443	0.015281	4.7613	5.3402	22.238	40.189	79.262	2662.1	-0.0011988	9.1312e-05	0.13786	liquid
251.47	2000.0	65.429	0.015284	4.7664	5.3455	22.259	40.188	79.273	2660.9	-0.0011944	9.1246e-05	0.13779	liquid
251.53	2000.0	65.414	0.015287	4.7716	5.3508	22.280	40.187	79.284	2659.7	-0.0011899	9.1180e-05	0.13772	liquid
251.60	2000.0	65.400	0.015290	4.7767	5.3561	22.301	40.186	79.296	2658.4	-0.0011855	9.1114e-05	0.13765	liquid
251.67	2000.0	65.386	0.015294	4.7819	5.3614	22.322	40.185	79.307	2657.2	-0.0011810	9.1049e-05	0.13758	liquid
251.73	2000.0	65.372	0.015297	4.7871	5.3667	22.343	40.184	79.318	2656.0	-0.0011766	9.0983e-05	0.13751	liquid
251.80	2000.0	65.358	0.015300	4.7922	5.3719	22.364	40.182	79.330	2654.7	-0.0011721	9.0917e-05	0.13744	liquid
251.87	2000.0	65.343	0.015304	4.7974	5.3772	22.385	40.181	79.341	2653.5	-0.0011677	9.0852e-05	0.13738	liquid
251.93	2000.0	65.329	0.015307	4.8026	5.3825	22.406	40.180	79.353	2652.3	-0.0011632	9.0786e-05	0.13731	liquid
252.00	2000.0	65.315	0.015310	4.8077	5.3878	22.427	40.179	79.364	2651.0	-0.0011587	9.0721e-05	0.13724	liquid
252.07	2000.0	65.301	0.015314	4.8129	5.3931	22.448	40.178	79.376	2649.8	-0.0011542	9.0655e-05	0.13717	liquid
252.13	2000.0	65.286	0.015317	4.8181	5.3984	22.469	40.177	79.387	2648.6	-0.0011497	9.0590e-05	0.13710	liquid
252.20	2000.0	65.272	0.015320	4.8232	5.4037	22.490	40.176	79.399	2647.3	-0.0011452	9.0525e-05	0.13703	liquid
252.27	2000.0	65.258	0.015324	4.8284	5.4090	22.511	40.175	79.410	2646.1	-0.0011407	9.0459e-05	0.13696	liquid
252.33	2000.0	65.244	0.015327	4.8336	5.4143	22.532	40.174	79.422	2644.8	-0.0011362	9.0394e-05	0.13690	liquid
252.40	2000.0	65.229	0.015331	4.8387	5.4196	22.553	40.173	79.433	2643.6	-0.0011317	9.0329e-05	0.13683	liquid
252.47	2000.0	65.215	0.015334	4.8439	5.4249	22.574	40.172	79.445	2642.4	-0.0011272	9.0264e-05	0.13676	liquid
252.53	2000.0	65.201	0.015337	4.8491	5.4302	22.595	40.171	79.457	2641.1	-0.0011227	9.0199e-05	0.13669	liquid
252.60	2000.0	65.187	0.015341	4.8542	5.4355	22.616	40.170	79.468	2639.9	-0.0011181	9.0134e-05	0.13662	liquid
252.67	2000.0	65.172	0.015344	4.8594	5.4408	22.637	40.169	79.480	2638.7	-0.0011136	9.0069e-05	0.13655	liquid
252.73	2000.0	65.158	0.015347	4.8646	5.4461	22.658	40.168	79.491	2637.4	-0.0011090	9.0004e-05	0.13648	liquid
252.80	2000.0	65.144	0.015351	4.8697	5.4514	22.679	40.167	79.503	2636.2	-0.0011044	8.9940e-05	0.13642	liquid
252.87	2000.0	65.129	0.015354	4.8749	5.4567	22.700	40.166	79.515	2635.0	-0.0010999	8.9875e-05	0.13635	liquid
252.93	2000.0	65.115	0.015357	4.8801	5.4620	22.721	40.165	79.527	2633.7	-0.0010953	8.9810e-05	0.13628	liquid
253.00	2000.0	65.101	0.015361	4.8853	5.4673	22.742	40.164	79.538	2632.5	-0.0010907	8.9746e-05	0.13621	liquid
253.07	2000.0	65.086	0.015364	4.8904	5.4726	22.763	40.163	79.550	2631.3	-0.0010861	8.9681e-05	0.13614	liquid
253.13	2000.0	65.072	0.015368	4.8956	5.4779	22.784	40.162	79.562	2630.0	-0.0010815	8.9617e-05	0.13607	liquid
253.20	2000.0	65.058	0.015371	4.9008	5.4832	22.805	40.161	79.574	2628.8	-0.0010769	8.9552e-05	0.13601	liquid
253.27	2000.0	65.043	0.015374	4.9060	5.4885	22.826	40.160	79.586	2627.6	-0.0010723	8.9488e-05	0.13594	liquid
253.33	2000.0	65.029	0.015378	4.9111	5.4938	22.847	40.159	79.597	2626.3	-0.0010677	8.9424e-05	0.13587	liquid
253.40	2000.0	65.015	0.015381	4.9163	5.4991	22.868	40.158	79.609	2625.1	-0.0010631	8.9359e-05	0.13580	liquid
253.47	2000.0	65.000	0.015385	4.9215	5.5044	22.889	40.157	79.621	2623.9	-0.0010584	8.9295e-05	0.13573	liquid
253.53	2000.0	64.986	0.015388	4.9267	5.5097	22.910	40.156	79.633	2622.6	-0.0010538	8.9231e-05	0.13566	liquid
253.60	2000.0	64.972	0.015391	4.9319	5.5150	22.931	40.155	79.645	2621.4	-0.0010491	8.9167e-05	0.13559	liquid
253.67	2000.0	64.957	0.015395	4.9370	5.5203	22.951	40.154	79.657	2620.1	-0.0010445	8.9103e-05	0.13553	liquid
253.73	2000.0	64.943	0.015398	4.9422	5.5256	22.972	40.153	79.669	2618.9	-0.0010398	8.9039e-05	0.13546	liquid
253.80	2000.0	64.929	0.015402	4.9474	5.5310	22.993	40.152	79.681	2617.7	-0.0010352	8.8975e-05	0.13539	liquid
253.87	2000.0	64.914	0.015405	4.9526	5.5363	23.014	40.152	79.693	2616.4	-0.0010305	8.8911e-05	0.13532	liquid
253.93	2000.0	64.900	0.015408	4.9578	5.5416	23.035	40.151	79.705	2615.2	-0.0010258	8.8847e-05	0.13525	liquid
254.00	2000.0	64.885	0.015412	4.9630	5.5469	23.056	40.150	79.717	2614.0	-0.0010211	8.8784e-05	0.13518	liquid
254.07	2000.0	64.871	0.015415	4.9681	5.5522	23.077	40.149	79.729	2612.7	-0.0010164	8.8720e-05	0.13512	liquid
254.13	2000.0	64.857	0.015419	4.9733	5.5575	23.098	40.148	79.741	2611.5	-0.0010117	8.8656e-05	0.13505	liquid
254.20	2000.0	64.842	0.015422	4.9785	5.5628	23.119	40.147	79.753	2610.3	-0.0010070	8.8593e-05	0.13498	liquid
254.27	2000.0	64.828	0.015425	4.9837	5.5682	23.140	40.146	79.765	2609.0	-0.0010023	8.8529e-05	0.13491	liquid
254.33	2000.0	64.813	0.015429	4.9889	5.5735	23.161	40.145	79.777	2607.8	-0.00099754	8.8466e-05	0.13484	liquid
254.40	2000.0	64.799	0.015432	4.9941	5.5788	23.182	40.144	79.789	2606.6	-0.00099280	8.8402e-05	0.13477	liquid
254.47	2000.0	64.785	0.015436	4.9993	5.5841	23.203	40.143	79.802	2605.3	-0.00098806	8.8339e-05	0.13471	liquid
254.53	2000.0	64.770	0.015439	5.0045	5.5894	23.223	40.142	79.814	2604.1	-0.00098331	8.8276e-05	0.13464	liquid
254.60	2000.0	64.756	0.015443	5.0097	5.5948	23.244	40.141	79.826	2602.8	-0.00097855	8.8212e-05	0.13457	liquid
254.67	2000.0	64.741	0.015446	5.0148	5.6001	23.265	40.140	79.838	2601.6	-0.00097378	8.8149e-05	0.13450	liquid
254.73	2000.0	64.727	0.015450	5.0200	5.6054	23.286	40.139	79.850	2600.4	-0.00096901	8.8086e-05	0.13443	liquid
254.80	2000.0	64.712	0.015453	5.0252	5.6107	23.307	40.138	79.863	2599.1	-0.00096423	8.8023e-05	0.13436	liquid
254.87	2000.0	64.698	0.015456	5.0304	5.6160	23.328	40.137	79.875	2597.9	-0.00095944	8.7960e-05	0.13430	liquid
254.93	2000.0	64.683	0.015460	5.0356	5.6214	23.349	40.136	79.887	2596.7	-0.00095464	8.7897e-05	0.13423	liquid
255.00	2000.0	64.669	0.015463	5.0408	5.6267	23.370	40.135	79.900	2595.4	-0.00094984	8.7834e-05	0.13416	liquid
255.07	2000.0	64.654	0.015467	5.0460	5.6320	23.391	40.134	79.912	2594.2	-0.00094503	8.7771e-05	0.13409	liquid
255.13	2000.0	64.640	0.015470	5.0512	5.6374	23.411	40.133	79.924	2593.0	-0.00094021	8.7708e-05	0.13402	liquid
255.20	2000.0	64.626	0.015474	5.0564	5.6427	23.432	40.133	79.937	2591.7	-0.00093539	8.7645e-05	0.13396	liquid
255.27	2000.0	64.611	0.015477	5.0616	5.6480	23.453	40.132	79.949	2590.5	-0.00093055	8.7583e-05	0.13389	liquid
255.33	2000.0	64.597	0.015481	5.0668	5.6533	23.474	40.131	79.961	2589.3	-0.00092571	8.7520e-05	0.13382	liquid
255.40	2000.0	64.582	0.015484	5.0720	5.6587	23.495	40.130	79.974	2588.0	-0.00092086	8.7458e-05	0.13375	liquid
255.47	2000.0	64.568	0.015488	5.0772	5.6640	23.516	40.129	79.986	2586.8	-0.00091601	8.7395e-05	0.13368	liquid
255.53	2000.0	64.553	0.015491	5.0824	5.6693	23.537	40.128	79.999	2585.5	-0.00091114	8.7332e-05	0.13362	liquid
255.60	2000.0	64.538	0.015495	5.0876	5.6747	23.558	40.127	80.011	2584.3	-0.00090627	8.7270e-05	0.13355	liquid
255.67	2000.0	64.524	0.015498	5.0928	5.6800	23.578	40.126	80.024	2583.1	-0.00090139	8.7208e-05	0.13348	liquid
255.73	2000.0	64.509	0.015502	5.0980	5.6853	23.599	40.125	80.036	2581.8	-0.00089650	8.7145e-05	0.13341	liquid
255.80	2000.0	64.495	0.015505	5.1032	5.6907	23.620	40.124	80.049	2580.6	-0.00089161	8.7083e-05	0.13334	liquid
255.87	2000.0	64.480	0.015509	5.1084	5.6960	23.641	40.123	80.061	2579.4	-0.00088671	8.7021e-05	0.13327	liquid
255.93	2000.0	64.466	0.015512	5.1136	5.7014	23.662	40.122	80.074	2578.1	-0.00088180	8.6959e-05	0.13321	liquid
256.00	2000.0	64.451	0.015516	5.1188	5.7067	23.683	40.121	80.087	2576.9	-0.00087688	8.6896e-05	0.13314	liquid
256.07	2000.0	64.437	0.015519	5.1240	5.7120	23.704	40.121	80.099	2575.7	-0.00087195	8.6834e-05	0.13307	liquid
256.13	2000.0	64.422	0.015523	5.1292	5.7174	23.724	40.120	80.112	2574.4	-0.00086702	8.6772e-05	0.13300	liquid
256.20	2000.0	64.408	0.015526	5.1345	5.7227	23.745	40.119	80.125	2573.2	-0.00086208	8.6710e-05	0.13293	liquid
256.27	2000.0	64.393	0.015530	5.1397	5.7281	23.766	40.118	80.137	2571.9	-0.00085713	8.6648e-05	0.13287	liquid
256.33	2000.0	64.378	0.015533	5.1449	5.7334	23.787	40.117	80.150	2570.7	-0.00085217	8.6587e-05	0.13280	liquid
256.40	2000.0	64.364	0.015537	5.1501	5.7387	23.808	40.116	80.163	2569.5	-0.00084720	8.6525e-05	0.13273	liquid
256.47	2000.0	64.349	0.015540	5.1553	5.7441	23.829	40.115	80.176	2568.2	-0.00084223	8.6463e-05	0.13266	liquid
256.53	2000.0	64.335	0.015544	5.1605	5.7494	23.850	40.114	80.188	2567.0	-0.00083725	8.6401e-05	0.13259	liquid
256.60	2000.0	64.320	0.015547	5.1657	5.7548	23.870	40.113	80.201	2565.8	-0.00083226	8.6340e-05	0.13253	liquid
256.67	2000.0	64.305	0.015551	5.1709	5.7601	23.891	40.112	80.214	2564.5	-0.00082726	8.6278e-05	0.13246	liquid
256.73	2000.0	64.291	0.015554	5.1761	5.7655	23.912	40.112	80.227	2563.3	-0.00082226	8.6217e-05	0.13239	liquid
256.80	2000.0	64.276	0.015558	5.1814	5.7708	23.933	40.111	80.240	2562.0	-0.00081725	8.6155e-05	0.13232	liquid
256.87	2000.0	64.262	0.015561	5.1866	5.7762	23.954	40.110	80.252	2560.8	-0.00081223	8.6094e-05	0.13225	liquid
256.93	2000.0	64.247	0.015565	5.1918	5.7815	23.975	40.109	80.265	2559.6	-0.00080720	8.6032e-05	0.13219	liquid
257.00	2000.0	64.232	0.015569	5.1970	5.7869	23.995	40.108	80.278	2558.3	-0.00080216	8.5971e-05	0.13212	liquid
257.07	2000.0	64.218	0.015572	5.2022	5.7922	24.016	40.107	80.291	2557.1	-0.00079711	8.5910e-05	0.13205	liquid
257.13	2000.0	64.203	0.015576	5.2074	5.7976	24.037	40.106	80.304	2555.9	-0.00079206	8.5848e-05	0.13198	liquid
257.20	2000.0	64.188	0.015579	5.2127	5.8029	24.058	40.105	80.317	2554.6	-0.00078700	8.5787e-05	0.13192	liquid
257.27	2000.0	64.174	0.015583	5.2179	5.8083	24.079	40.105	80.330	2553.4	-0.00078193	8.5726e-05	0.13185	liquid
257.33	2000.0	64.159	0.015586	5.2231	5.8136	24.099	40.104	80.343	2552.1	-0.00077685	8.5665e-05	0.13178	liquid
257.40	2000.0	64.144	0.015590	5.2283	5.8190	24.120	40.103	80.356	2550.9	-0.00077177	8.5604e-05	0.13171	liquid
257.47	2000.0	64.130	0.015593	5.2335	5.8244	24.141	40.102	80.369	2549.7	-0.00076668	8.5543e-05	0.13164	liquid
257.53	2000.0	64.115	0.015597	5.2388	5.8297	24.162	40.101	80.382	2548.4	-0.00076157	8.5482e-05	0.13158	liquid
257.60	2000.0	64.100	0.015601	5.2440	5.8351	24.183	40.100	80.396	2547.2	-0.00075646	8.5421e-05	0.13151	liquid
257.67	2000.0	64.086	0.015604	5.2492	5.8404	24.204	40.099	80.409	2546.0	-0.00075135	8.5360e-05	0.13144	liquid
257.73	2000.0	64.071	0.015608	5.2544	5.8458	24.224	40.098	80.422	2544.7	-0.00074622	8.5299e-05	0.13137	liquid
257.80	2000.0	64.056	0.015611	5.2597	5.8512	24.245	40.098	80.435	2543.5	-0.00074109	8.5239e-05	0.13131	liquid
257.87	2000.0	64.041	0.015615	5.2649	5.8565	24.266	40.097	80.448	2542.2	-0.00073594	8.5178e-05	0.13124	liquid
257.93	2000.0	64.027	0.015618	5.2701	5.8619	24.287	40.096	80.461	2541.0	-0.00073079	8.5117e-05	0.13117	liquid
258.00	2000.0	64.012	0.015622	5.2754	5.8672	24.308	40.095	80.475	2539.8	-0.00072563	8.5057e-05	0.13110	liquid
258.07	2000.0	63.997	0.015626	5.2806	5.8726	24.328	40.094	80.488	2538.5	-0.00072047	8.4996e-05	0.13103	liquid
258.13	2000.0	63.983	0.015629	5.2858	5.8780	24.349	40.093	80.501	2537.3	-0.00071529	8.4936e-05	0.13097	liquid
258.20	2000.0	63.968	0.015633	5.2910	5.8833	24.370	40.092	80.514	2536.1	-0.00071011	8.4875e-05	0.13090	liquid
258.27	2000.0	63.953	0.015636	5.2963	5.8887	24.391	40.092	80.528	2534.8	-0.00070491	8.4815e-05	0.13083	liquid
258.33	2000.0	63.938	0.015640	5.3015	5.8941	24.411	40.091	80.541	2533.6	-0.00069971	8.4754e-05	0.13076	liquid
258.40	2000.0	63.924	0.015644	5.3067	5.8995	24.432	40.090	80.554	2532.3	-0.00069450	8.4694e-05	0.13070	liquid
258.47	2000.0	63.909	0.015647	5.3120	5.9048	24.453	40.089	80.568	2531.1	-0.00068929	8.4634e-05	0.13063	liquid
258.53	2000.0	63.894	0.015651	5.3172	5.9102	24.474	40.088	80.581	2529.9	-0.00068406	8.4574e-05	0.13056	liquid
258.60	2000.0	63.879	0.015655	5.3224	5.9156	24.495	40.087	80.595	2528.6	-0.00067883	8.4513e-05	0.13049	liquid
258.67	2000.0	63.864	0.015658	5.3277	5.9209	24.515	40.087	80.608	2527.4	-0.00067358	8.4453e-05	0.13042	liquid
258.73	2000.0	63.850	0.015662	5.3329	5.9263	24.536	40.086	80.622	2526.2	-0.00066833	8.4393e-05	0.13036	liquid
258.80	2000.0	63.835	0.015665	5.3382	5.9317	24.557	40.085	80.635	2524.9	-0.00066307	8.4333e-05	0.13029	liquid
258.87	2000.0	63.820	0.015669	5.3434	5.9371	24.578	40.084	80.649	2523.7	-0.00065780	8.4273e-05	0.13022	liquid
258.93	2000.0	63.805	0.015673	5.3486	5.9424	24.598	40.083	80.662	2522.4	-0.00065253	8.4213e-05	0.13015	liquid
259.00	2000.0	63.790	0.015676	5.3539	5.9478	24.619	40.082	80.676	2521.2	-0.00064724	8.4154e-05	0.13009	liquid
259.07	2000.0	63.776	0.015680	5.3591	5.9532	24.640	40.082	80.689	2520.0	-0.00064195	8.4094e-05	0.13002	liquid
259.13	2000.0	63.761	0.015684	5.3644	5.9586	24.661	40.081	80.703	2518.7	-0.00063665	8.4034e-05	0.12995	liquid
259.20	2000.0	63.746	0.015687	5.3696	5.9640	24.682	40.080	80.717	2517.5	-0.00063133	8.3974e-05	0.12988	liquid
259.27	2000.0	63.731	0.015691	5.3748	5.9693	24.702	40.079	80.730	2516.2	-0.00062602	8.3915e-05	0.12982	liquid
259.33	2000.0	63.716	0.015695	5.3801	5.9747	24.723	40.078	80.744	2515.0	-0.00062069	8.3855e-05	0.12975	liquid
259.40	2000.0	63.701	0.015698	5.3853	5.9801	24.744	40.078	80.758	2513.8	-0.00061535	8.3795e-05	0.12968	liquid
259.47	2000.0	63.687	0.015702	5.3906	5.9855	24.765	40.077	80.771	2512.5	-0.00061000	8.3736e-05	0.12961	liquid
259.53	2000.0	63.672	0.015706	5.3958	5.9909	24.785	40.076	80.785	2511.3	-0.00060465	8.3676e-05	0.12955	liquid
259.60	2000.0	63.657	0.015709	5.4011	5.9963	24.806	40.075	80.799	2510.1	-0.00059929	8.3617e-05	0.12948	liquid
259.67	2000.0	63.642	0.015713	5.4063	6.0017	24.827	40.074	80.813	2508.8	-0.00059392	8.3558e-05	0.12941	liquid
259.73	2000.0	63.627	0.015717	5.4116	6.0070	24.848	40.073	80.826	2507.6	-0.00058853	8.3498e-05	0.12934	liquid
259.80	2000.0	63.612	0.015720	5.4168	6.0124	24.868	40.073	80.840	2506.3	-0.00058315	8.3439e-05	0.12928	liquid
259.87	2000.0	63.597	0.015724	5.4221	6.0178	24.889	40.072	80.854	2505.1	-0.00057775	8.3380e-05	0.12921	liquid
259.93	2000.0	63.582	0.015728	5.4273	6.0232	24.910	40.071	80.868	2503.9	-0.00057234	8.3321e-05	0.12914	liquid
260.00	2000.0	63.568	0.015731	5.4326	6.0286	24.931	40.070	80.882	2502.6	-0.00056693	8.3261e-05	0.12907	liquid
260.07	2000.0	63.553	0.015735	5.4378	6.0340	24.951	40.069	80.896	2501.4	-0.00056150	8.3202e-05	0.12901	liquid
260.13	2000.0	63.538	0.015739	5.4431	6.0394	24.972	40.069	80.910	2500.1	-0.00055607	8.3143e-05	0.12894	liquid
260.20	2000.0	63.523	0.015742	5.4483	6.0448	24.993	40.068	80.924	2498.9	-0.00055063	8.3084e-05	0.12887	liquid
260.27	2000.0	63.508	0.015746	5.4536	6.0502	25.013	40.067	80.938	2497.7	-0.00054517	8.3025e-05	0.12880	liquid
260.33	2000.0	63.493	0.015750	5.4588	6.0556	25.034	40.066	80.952	2496.4	-0.00053971	8.2966e-05	0.12874	liquid
260.40	2000.0	63.478	0.015753	5.4641	6.0610	25.055	40.066	80.966	2495.2	-0.00053425	8.2907e-05	0.12867	liquid
260.47	2000.0	63.463	0.015757	5.4694	6.0664	25.076	40.065	80.980	2493.9	-0.00052877	8.2849e-05	0.12860	liquid
260.53	2000.0	63.448	0.015761	5.4746	6.0718	25.096	40.064	80.994	2492.7	-0.00052328	8.2790e-05	0.12853	liquid
260.60	2000.0	63.433	0.015765	5.4799	6.0772	25.117	40.063	81.008	2491.5	-0.00051779	8.2731e-05	0.12847	liquid
260.67	2000.0	63.418	0.015768	5.4851	6.0826	25.138	40.062	81.022	2490.2	-0.00051228	8.2672e-05	0.12840	liquid
260.73	2000.0	63.403	0.015772	5.4904	6.0880	25.159	40.062	81.036	2489.0	-0.00050677	8.2614e-05	0.12833	liquid
260.80	2000.0	63.388	0.015776	5.4957	6.0934	25.179	40.061	81.050	2487.7	-0.00050124	8.2555e-05	0.12827	liquid
260.87	2000.0	63.373	0.015780	5.5009	6.0988	25.200	40.060	81.064	2486.5	-0.00049571	8.2497e-05	0.12820	liquid
260.93	2000.0	63.358	0.015783	5.5062	6.1042	25.221	40.059	81.079	2485.3	-0.00049017	8.2438e-05	0.12813	liquid
261.00	2000.0	63.343	0.015787	5.5114	6.1096	25.241	40.059	81.093	2484.0	-0.00048462	8.2380e-05	0.12806	liquid
261.07	2000.0	63.328	0.015791	5.5167	6.1150	25.262	40.058	81.107	2482.8	-0.00047906	8.2321e-05	0.12800	liquid
261.13	2000.0	63.313	0.015794	5.5220	6.1204	25.283	40.057	81.121	2481.5	-0.00047349	8.2263e-05	0.12793	liquid
261.20	2000.0	63.298	0.015798	5.5272	6.1258	25.304	40.056	81.136	2480.3	-0.00046792	8.2205e-05	0.12786	liquid
261.27	2000.0	63.283	0.015802	5.5325	6.1312	25.324	40.055	81.150	2479.1	-0.00046233	8.2146e-05	0.12779	liquid
261.33	2000.0	63.268	0.015806	5.5378	6.1366	25.345	40.055	81.164	2477.8	-0.00045673	8.2088e-05	0.12773	liquid
261.40	2000.0	63.253	0.015809	5.5430	6.1420	25.366	40.054	81.179	2476.6	-0.00045113	8.2030e-05	0.12766	liquid
261.47	2000.0	63.238	0.015813	5.5483	6.1475	25.386	40.053	81.193	2475.3	-0.00044551	8.1972e-05	0.12759	liquid
261.53	2000.0	63.223	0.015817	5.5536	6.1529	25.407	40.052	81.208	2474.1	-0.00043989	8.1914e-05	0.12752	liquid
261.60	2000.0	63.208	0.015821	5.5589	6.1583	25.428	40.052	81.222	2472.9	-0.00043426	8.1856e-05	0.12746	liquid
261.67	2000.0	63.193	0.015825	5.5641	6.1637	25.448	40.051	81.237	2471.6	-0.00042862	8.1798e-05	0.12739	liquid
261.73	2000.0	63.178	0.015828	5.5694	6.1691	25.469	40.050	81.251	2470.4	-0.00042296	8.1740e-05	0.12732	liquid
261.80	2000.0	63.163	0.015832	5.5747	6.1745	25.490	40.049	81.266	2469.1	-0.00041730	8.1682e-05	0.12726	liquid
261.87	2000.0	63.148	0.015836	5.5800	6.1800	25.511	40.049	81.280	2467.9	-0.00041163	8.1624e-05	0.12719	liquid
261.93	2000.0	63.133	0.015840	5.5852	6.1854	25.531	40.048	81.295	2466.6	-0.00040595	8.1566e-05	0.12712	liquid
262.00	2000.0	63.118	0.015843	5.5905	6.1908	25.552	40.047	81.309	2465.4	-0.00040026	8.1508e-05	0.12705	liquid
262.07	2000.0	63.102	0.015847	5.5958	6.1962	25.573	40.046	81.324	2464.2	-0.00039457	8.1450e-05	0.12699	liquid
262.13	2000.0	63.087	0.015851	5.6011	6.2016	25.593	40.046	81.338	2462.9	-0.00038886	8.1393e-05	0.12692	liquid
262.20	2000.0	63.072	0.015855	5.6063	6.2071	25.614	40.045	81.353	2461.7	-0.00038314	8.1335e-05	0.12685	liquid
262.27	2000.0	63.057	0.015859	5.6116	6.2125	25.635	40.044	81.368	2460.4	-0.00037741	8.1277e-05	0.12679	liquid
262.33	2000.0	63.042	0.015862	5.6169	6.2179	25.655	40.044	81.383	2459.2	-0.00037168	8.1220e-05	0.12672	liquid
262.40	2000.0	63.027	0.015866	5.6222	6.2233	25.676	40.043	81.397	2458.0	-0.00036593	8.1162e-05	0.12665	liquid
262.47	2000.0	63.012	0.015870	5.6275	6.2288	25.697	40.042	81.412	2456.7	-0.00036018	8.1105e-05	0.12658	liquid
262.53	2000.0	62.997	0.015874	5.6327	6.2342	25.717	40.041	81.427	2455.5	-0.00035441	8.1047e-05	0.12652	liquid
262.60	2000.0	62.981	0.015878	5.6380	6.2396	25.738	40.041	81.442	2454.2	-0.00034864	8.0990e-05	0.12645	liquid
262.67	2000.0	62.966	0.015882	5.6433	6.2450	25.759	40.040	81.456	2453.0	-0.00034285	8.0933e-05	0.12638	liquid
262.73	2000.0	62.951	0.015885	5.6486	6.2505	25.779	40.039	81.471	2451.7	-0.00033706	8.0875e-05	0.12632	liquid
262.80	2000.0	62.936	0.015889	5.6539	6.2559	25.800	40.038	81.486	2450.5	-0.00033125	8.0818e-05	0.12625	liquid
262.87	2000.0	62.921	0.015893	5.6592	6.2613	25.821	40.038	81.501	2449.3	-0.00032544	8.0761e-05	0.12618	liquid
262.93	2000.0	62.906	0.015897	5.6645	6.2668	25.841	40.037	81.516	2448.0	-0.00031962	8.0704e-05	0.12612	liquid
263.00	2000.0	62.890	0.015901	5.6698	6.2722	25.862	40.036	81.531	2446.8	-0.00031379	8.0647e-05	0.12605	liquid
263.07	2000.0	62.875	0.015905	5.6750	6.2776	25.883	40.036	81.546	2445.5	-0.00030794	8.0590e-05	0.12598	liquid
263.13	2000.0	62.860	0.015908	5.6803	6.2831	25.903	40.035	81.561	2444.3	-0.00030209	8.0532e-05	0.12591	liquid
263.20	2000.0	62.845	0.015912	5.6856	6.2885	25.924	40.034	81.576	2443.1	-0.00029623	8.0475e-05	0.12585	liquid
263.27	2000.0	62.830	0.015916	5.6909	6.2940	25.945	40.033	81.591	2441.8	-0.00029036	8.0419e-05	0.12578	liquid
263.33	2000.0	62.814	0.015920	5.6962	6.2994	25.965	40.033	81.606	2440.6	-0.00028448	8.0362e-05	0.12571	liquid
263.40	2000.0	62.799	0.015924	5.7015	6.3048	25.986	40.032	81.621	2439.3	-0.00027859	8.0305e-05	0.12565	liquid
263.47	2000.0	62.784	0.015928	5.7068	6.3103	26.007	40.031	81.636	2438.1	-0.00027268	8.0248e-05	0.12558	liquid
263.53	2000.0	62.769	0.015932	5.7121	6.3157	26.027	40.031	81.652	2436.8	-0.00026677	8.0191e-05	0.12551	liquid
263.60	2000.0	62.753	0.015935	5.7174	6.3212	26.048	40.030	81.667	2435.6	-0.00026085	8.0134e-05	0.12545	liquid
263.67	2000.0	62.738	0.015939	5.7227	6.3266	26.069	40.029	81.682	2434.4	-0.00025492	8.0078e-05	0.12538	liquid
263.73	2000.0	62.723	0.015943	5.7280	6.3321	26.089	40.029	81.697	2433.1	-0.00024898	8.0021e-05	0.12531	liquid
263.80	2000.0	62.708	0.015947	5.7333	6.3375	26.110	40.028	81.712	2431.9	-0.00024303	7.9964e-05	0.12525	liquid
263.87	2000.0	62.692	0.015951	5.7386	6.3430	26.131	40.027	81.728	2430.6	-0.00023707	7.9908e-05	0.12518	liquid
263.93	2000.0	62.677	0.015955	5.7439	6.3484	26.151	40.027	81.743	2429.4	-0.00023110	7.9851e-05	0.12511	liquid
264.00	2000.0	62.662	0.015959	5.7492	6.3539	26.172	40.026	81.758	2428.1	-0.00022512	7.9795e-05	0.12504	liquid
264.07	2000.0	62.647	0.015963	5.7545	6.3593	26.193	40.025	81.774	2426.9	-0.00021912	7.9738e-05	0.12498	liquid
264.13	2000.0	62.631	0.015966	5.7598	6.3648	26.213	40.024	81.789	2425.6	-0.00021312	7.9682e-05	0.12491	liquid
264.20	2000.0	62.616	0.015970	5.7651	6.3702	26.234	40.024	81.804	2424.4	-0.00020711	7.9625e-05	0.12484	liquid
264.27	2000.0	62.601	0.015974	5.7704	6.3757	26.255	40.023	81.820	2423.2	-0.00020109	7.9569e-05	0.12478	liquid
264.33	2000.0	62.585	0.015978	5.7757	6.3811	26.275	40.022	81.835	2421.9	-0.00019506	7.9513e-05	0.12471	liquid
264.40	2000.0	62.570	0.015982	5.7810	6.3866	26.296	40.022	81.851	2420.7	-0.00018902	7.9457e-05	0.12464	liquid
264.47	2000.0	62.555	0.015986	5.7863	6.3920	26.316	40.021	81.866	2419.4	-0.00018297	7.9400e-05	0.12458	liquid
264.53	2000.0	62.539	0.015990	5.7917	6.3975	26.337	40.020	81.882	2418.2	-0.00017690	7.9344e-05	0.12451	liquid
264.60	2000.0	62.524	0.015994	5.7970	6.4030	26.358	40.020	81.897	2416.9	-0.00017083	7.9288e-05	0.12444	liquid
264.67	2000.0	62.509	0.015998	5.8023	6.4084	26.378	40.019	81.913	2415.7	-0.00016475	7.9232e-05	0.12438	liquid
264.73	2000.0	62.493	0.016002	5.8076	6.4139	26.399	40.018	81.929	2414.5	-0.00015865	7.9176e-05	0.12431	liquid
264.80	2000.0	62.478	0.016006	5.8129	6.4193	26.420	40.018	81.944	2413.2	-0.00015255	7.9120e-05	0.12424	liquid
264.87	2000.0	62.463	0.016010	5.8182	6.4248	26.440	40.017	81.960	2412.0	-0.00014644	7.9064e-05	0.12418	liquid
264.93	2000.0	62.447	0.016014	5.8235	6.4303	26.461	40.016	81.976	2410.7	-0.00014031	7.9008e-05	0.12411	liquid
265.00	2000.0	62.432	0.016017	5.8288	6.4357	26.481	40.016	81.991	2409.5	-0.00013418	7.8952e-05	0.12404	liquid
265.07	2000.0	62.416	0.016021	5.8342	6.4412	26.502	40.015	82.007	2408.2	-0.00012803	7.8896e-05	0.12398	liquid
265.13	2000.0	62.401	0.016025	5.8395	6.4467	26.523	40.014	82.023	2407.0	-0.00012188	7.8840e-05	0.12391	liquid
265.20	2000.0	62.386	0.016029	5.8448	6.4521	26.543	40.014	82.039	2405.7	-0.00011571	7.8785e-05	0.12384	liquid
265.27	2000.0	62.370	0.016033	5.8501	6.4576	26.564	40.013	82.055	2404.5	-0.00010954	7.8729e-05	0.12378	liquid
265.33	2000.0	62.355	0.016037	5.8554	6.4631	26.585	40.013	82.070	2403.3	-0.00010335	7.8673e-05	0.12371	liquid
265.40	2000.0	62.339	0.016041	5.8608	6.4685	26.605	40.012	82.086	2402.0	-9.7152e-05	7.8618e-05	0.12364	liquid
265.47	2000.0	62.324	0.016045	5.8661	6.4740	26.626	40.011	82.102	2400.8	-9.0944e-05	7.8562e-05	0.12358	liquid
265.53	2000.0	62.308	0.016049	5.8714	6.4795	26.646	40.011	82.118	2399.5	-8.4726e-05	7.8506e-05	0.12351	liquid
265.60	2000.0	62.293	0.016053	5.8767	6.4850	26.667	40.010	82.134	2398.3	-7.8497e-05	7.8451e-05	0.12344	liquid
265.67	2000.0	62.278	0.016057	5.8821	6.4904	26.688	40.009	82.150	2397.0	-7.2257e-05	7.8395e-05	0.12338	liquid
265.73	2000.0	62.262	0.016061	5.8874	6.4959	26.708	40.009	82.166	2395.8	-6.6006e-05	7.8340e-05	0.12331	liquid
265.80	2000.0	62.247	0.016065	5.8927	6.5014	26.729	40.008	82.182	2394.5	-5.9745e-05	7.8285e-05	0.12324	liquid
265.87	2000.0	62.231	0.016069	5.8980	6.5069	26.750	40.007	82.198	2393.3	-5.3473e-05	7.8229e-05	0.12318	liquid
265.93	2000.0	62.216	0.016073	5.9034	6.5124	26.770	40.007	82.214	2392.0	-4.7191e-05	7.8174e-05	0.12311	liquid
266.00	2000.0	62.200	0.016077	5.9087	6.5178	26.791	40.006	82.230	2390.8	-4.0897e-05	7.8119e-05	0.12304	liquid
266.07	2000.0	62.185	0.016081	5.9140	6.5233	26.811	40.006	82.247	2389.6	-3.4593e-05	7.8063e-05	0.12298	liquid
266.13	2000.0	62.169	0.016085	5.9194	6.5288	26.832	40.005	82.263	2388.3	-2.8278e-05	7.8008e-05	0.12291	liquid
266.20	2000.0	62.154	0.016089	5.9247	6.5343	26.853	40.004	82.279	2387.1	-2.1952e-05	7.7953e-05	0.12284	liquid
266.27	2000.0	62.138	0.016093	5.9300	6.5398	26.873	40.004	82.295	2385.8	-1.5616e-05	7.7898e-05	0.12278	liquid
266.33	2000.0	62.123	0.016097	5.9354	6.5453	26.894	40.003	82.312	2384.6	-9.2682e-06	7.7843e-05	0.12271	liquid
266.40	2000.0	62.107	0.016101	5.9407	6.5508	26.914	40.002	82.328	2383.3	-2.9098e-06	7.7788e-05	0.12264	liquid
266.47	2000.0	62.092	0.016105	5.9460	6.5562	26.935	40.002	82.344	2382.1	3.4596e-06	7.7733e-05	0.12258	liquid
266.53	2000.0	62.076	0.016109	5.9514	6.5617	26.956	40.001	82.360	2380.8	9.8400e-06	7.7678e-05	0.12251	liquid
266.60	2000.0	62.060	0.016113	5.9567	6.5672	26.976	40.001	82.377	2379.6	1.6231e-05	7.7623e-05	0.12245	liquid
266.67	2000.0	62.045	0.016117	5.9621	6.5727	26.997	40.000	82.393	2378.3	2.2634e-05	7.7568e-05	0.12238	liquid
266.73	2000.0	62.029	0.016121	5.9674	6.5782	27.017	39.999	82.410	2377.1	2.9047e-05	7.7513e-05	0.12231	liquid
266.80	2000.0	62.014	0.016125	5.9727	6.5837	27.038	39.999	82.426	2375.8	3.5471e-05	7.7458e-05	0.12225	liquid
266.87	2000.0	61.998	0.016130	5.9781	6.5892	27.059	39.998	82.443	2374.6	4.1907e-05	7.7403e-05	0.12218	liquid
266.93	2000.0	61.983	0.016134	5.9834	6.5947	27.079	39.998	82.459	2373.3	4.8354e-05	7.7349e-05	0.12211	liquid
267.00	2000.0	61.967	0.016138	5.9888	6.6002	27.100	39.997	82.476	2372.1	5.4811e-05	7.7294e-05	0.12205	liquid
267.07	2000.0	61.951	0.016142	5.9941	6.6057	27.120	39.996	82.492	2370.8	6.1280e-05	7.7239e-05	0.12198	liquid
267.13	2000.0	61.936	0.016146	5.9995	6.6112	27.141	39.996	82.509	2369.6	6.7760e-05	7.7185e-05	0.12191	liquid
267.20	2000.0	61.920	0.016150	6.0048	6.6167	27.162	39.995	82.525	2368.4	7.4252e-05	7.7130e-05	0.12185	liquid
267.27	2000.0	61.904	0.016154	6.0101	6.6222	27.182	39.995	82.542	2367.1	8.0754e-05	7.7075e-05	0.12178	liquid
267.33	2000.0	61.889	0.016158	6.0155	6.6277	27.203	39.994	82.559	2365.9	8.7268e-05	7.7021e-05	0.12172	liquid
267.40	2000.0	61.873	0.016162	6.0208	6.6332	27.223	39.993	82.575	2364.6	9.3793e-05	7.6966e-05	0.12165	liquid
267.47	2000.0	61.858	0.016166	6.0262	6.6387	27.244	39.993	82.592	2363.4	0.00010033	7.6912e-05	0.12158	liquid
267.53	2000.0	61.842	0.016170	6.0315	6.6442	27.264	39.992	82.609	2362.1	0.00010688	7.6857e-05	0.12152	liquid
267.60	2000.0	61.826	0.016174	6.0369	6.6497	27.285	39.992	82.626	2360.9	0.00011344	7.6803e-05	0.12145	liquid
267.67	2000.0	61.811	0.016178	6.0423	6.6552	27.306	39.991	82.643	2359.6	0.00012001	7.6749e-05	0.12138	liquid
267.73	2000.0	61.795	0.016183	6.0476	6.6607	27.326	39.991	82.659	2358.4	0.00012659	7.6694e-05	0.12132	liquid
267.80	2000.0	61.779	0.016187	6.0530	6.6663	27.347	39.990	82.676	2357.1	0.00013318	7.6640e-05	0.12125	liquid
267.87	2000.0	61.764	0.016191	6.0583	6.6718	27.367	39.989	82.693	2355.9	0.00013979	7.6586e-05	0.12118	liquid
267.93	2000.0	61.748	0.016195	6.0637	6.6773	27.388	39.989	82.710	2354.6	0.00014640	7.6532e-05	0.12112	liquid
268.00	2000.0	61.732	0.016199	6.0690	6.6828	27.409	39.988	82.727	2353.4	0.00015303	7.6478e-05	0.12105	liquid
268.07	2000.0	61.716	0.016203	6.0744	6.6883	27.429	39.988	82.744	2352.1	0.00015967	7.6423e-05	0.12099	liquid
268.13	2000.0	61.701	0.016207	6.0798	6.6938	27.450	39.987	82.761	2350.9	0.00016632	7.6369e-05	0.12092	liquid
268.20	2000.0	61.685	0.016211	6.0851	6.6993	27.470	39.987	82.778	2349.6	0.00017299	7.6315e-05	0.12085	liquid
268.27	2000.0	61.669	0.016216	6.0905	6.7049	27.491	39.986	82.795	2348.4	0.00017966	7.6261e-05	0.12079	liquid
268.33	2000.0	61.654	0.016220	6.0958	6.7104	27.511	39.985	82.812	2347.1	0.00018635	7.6207e-05	0.12072	liquid
268.40	2000.0	61.638	0.016224	6.1012	6.7159	27.532	39.985	82.830	2345.9	0.00019304	7.6153e-05	0.12066	liquid
268.47	2000.0	61.622	0.016228	6.1066	6.7214	27.553	39.984	82.847	2344.6	0.00019975	7.6100e-05	0.12059	liquid
268.53	2000.0	61.606	0.016232	6.1119	6.7269	27.573	39.984	82.864	2343.4	0.00020648	7.6046e-05	0.12052	liquid
268.60	2000.0	61.590	0.016236	6.1173	6.7325	27.594	39.983	82.881	2342.1	0.00021321	7.5992e-05	0.12046	liquid
268.67	2000.0	61.575	0.016240	6.1227	6.7380	27.614	39.983	82.899	2340.9	0.00021995	7.5938e-05	0.12039	liquid
268.73	2000.0	61.559	0.016245	6.1280	6.7435	27.635	39.982	82.916	2339.6	0.00022671	7.5884e-05	0.12032	liquid
268.80	2000.0	61.543	0.016249	6.1334	6.7491	27.655	39.982	82.933	2338.4	0.00023348	7.5831e-05	0.12026	liquid
268.87	2000.0	61.527	0.016253	6.1388	6.7546	27.676	39.981	82.950	2337.1	0.00024026	7.5777e-05	0.12019	liquid
268.93	2000.0	61.512	0.016257	6.1442	6.7601	27.697	39.981	82.968	2335.9	0.00024705	7.5723e-05	0.12013	liquid
269.00	2000.0	61.496	0.016261	6.1495	6.7656	27.717	39.980	82.985	2334.6	0.00025386	7.5670e-05	0.12006	liquid
269.07	2000.0	61.480	0.016265	6.1549	6.7712	27.738	39.979	83.003	2333.4	0.00026067	7.5616e-05	0.11999	liquid
269.13	2000.0	61.464	0.016270	6.1603	6.7767	27.758	39.979	83.020	2332.1	0.00026750	7.5563e-05	0.11993	liquid
269.20	2000.0	61.448	0.016274	6.1657	6.7822	27.779	39.978	83.038	2330.9	0.00027434	7.5509e-05	0.11986	liquid
269.27	2000.0	61.432	0.016278	6.1710	6.7878	27.799	39.978	83.055	2329.6	0.00028119	7.5456e-05	0.11980	liquid
269.33	2000.0	61.416	0.016282	6.1764	6.7933	27.820	39.977	83.073	2328.4	0.00028806	7.5402e-05	0.11973	liquid
269.40	2000.0	61.401	0.016286	6.1818	6.7989	27.841	39.977	83.090	2327.1	0.00029494	7.5349e-05	0.11966	liquid
269.47	2000.0	61.385	0.016291	6.1872	6.8044	27.861	39.976	83.108	2325.9	0.00030182	7.5295e-05	0.11960	liquid
269.53	2000.0	61.369	0.016295	6.1926	6.8099	27.882	39.976	83.126	2324.6	0.00030873	7.5242e-05	0.11953	liquid
269.60	2000.0	61.353	0.016299	6.1979	6.8155	27.902	39.975	83.143	2323.4	0.00031564	7.5189e-05	0.11947	liquid
269.67	2000.0	61.337	0.016303	6.2033	6.8210	27.923	39.975	83.161	2322.1	0.00032256	7.5135e-05	0.11940	liquid
269.73	2000.0	61.321	0.016308	6.2087	6.8266	27.943	39.974	83.179	2320.9	0.00032950	7.5082e-05	0.11933	liquid
269.80	2000.0	61.305	0.016312	6.2141	6.8321	27.964	39.974	83.197	2319.6	0.00033645	7.5029e-05	0.11927	liquid
269.87	2000.0	61.289	0.016316	6.2195	6.8377	27.984	39.973	83.214	2318.4	0.00034341	7.4976e-05	0.11920	liquid
269.93	2000.0	61.273	0.016320	6.2249	6.8432	28.005	39.973	83.232	2317.1	0.00035039	7.4923e-05	0.11914	liquid
270.00	2000.0	61.258	0.016325	6.2303	6.8488	28.026	39.972	83.250	2315.9	0.00035738	7.4870e-05	0.11907	liquid
270.07	2000.0	61.242	0.016329	6.2356	6.8543	28.046	39.972	83.268	2314.6	0.00036438	7.4817e-05	0.11900	liquid
270.13	2000.0	61.226	0.016333	6.2410	6.8599	28.067	39.971	83.286	2313.4	0.00037139	7.4764e-05	0.11894	liquid
270.20	2000.0	61.210	0.016337	6.2464	6.8654	28.087	39.971	83.304	2312.1	0.00037841	7.4711e-05	0.11887	liquid
270.27	2000.0	61.194	0.016342	6.2518	6.8710	28.108	39.970	83.322	2310.9	0.00038545	7.4658e-05	0.11881	liquid
270.33	2000.0	61.178	0.016346	6.2572	6.8765	28.128	39.970	83.340	2309.6	0.00039250	7.4605e-05	0.11874	liquid
270.40	2000.0	61.162	0.016350	6.2626	6.8821	28.149	39.969	83.358	2308.3	0.00039956	7.4552e-05	0.11868	liquid
270.47	2000.0	61.146	0.016354	6.2680	6.8876	28.169	39.969	83.376	2307.1	0.00040664	7.4499e-05	0.11861	liquid
270.53	2000.0	61.130	0.016359	6.2734	6.8932	28.190	39.968	83.394	2305.8	0.00041372	7.4446e-05	0.11854	liquid
270.60	2000.0	61.114	0.016363	6.2788	6.8988	28.211	39.968	83.413	2304.6	0.00042082	7.4393e-05	0.11848	liquid
270.67	2000.0	61.098	0.016367	6.2842	6.9043	28.231	39.967	83.431	2303.3	0.00042794	7.4341e-05	0.11841	liquid
270.73	2000.0	61.082	0.016371	6.2896	6.9099	28.252	39.967	83.449	2302.1	0.00043506	7.4288e-05	0.11835	liquid
270.80	2000.0	61.066	0.016376	6.2950	6.9155	28.272	39.966	83.467	2300.8	0.00044220	7.4235e-05	0.11828	liquid
270.87	2000.0	61.050	0.016380	6.3004	6.9210	28.293	39.966	83.486	2299.6	0.00044935	7.4183e-05	0.11821	liquid
270.93	2000.0	61.034	0.016384	6.3058	6.9266	28.313	39.965	83.504	2298.3	0.00045652	7.4130e-05	0.11815	liquid
271.00	2000.0	61.018	0.016389	6.3112	6.9322	28.334	39.965	83.522	2297.1	0.00046369	7.4078e-05	0.11808	liquid
271.07	2000.0	61.002	0.016393	6.3166	6.9377	28.354	39.964	83.541	2295.8	0.00047088	7.4025e-05	0.11802	liquid
271.13	2000.0	60.986	0.016397	6.3220	6.9433	28.375	39.964	83.559	2294.6	0.00047809	7.3972e-05	0.11795	liquid
271.20	2000.0	60.969	0.016402	6.3274	6.9489	28.395	39.963	83.577	2293.3	0.00048530	7.3920e-05	0.11789	liquid
271.27	2000.0	60.953	0.016406	6.3328	6.9544	28.416	39.963	83.596	2292.1	0.00049253	7.3868e-05	0.11782	liquid
271.33	2000.0	60.937	0.016410	6.3382	6.9600	28.437	39.962	83.614	2290.8	0.00049977	7.3815e-05	0.11775	liquid
271.40	2000.0	60.921	0.016415	6.3437	6.9656	28.457	39.962	83.633	2289.5	0.00050703	7.3763e-05	0.11769	liquid
271.47	2000.0	60.905	0.016419	6.3491	6.9712	28.478	39.961	83.652	2288.3	0.00051429	7.3710e-05	0.11762	liquid
271.53	2000.0	60.889	0.016423	6.3545	6.9767	28.498	39.961	83.670	2287.0	0.00052157	7.3658e-05	0.11756	liquid
271.60	2000.0	60.873	0.016428	6.3599	6.9823	28.519	39.961	83.689	2285.8	0.00052887	7.3606e-05	0.11749	liquid
271.67	2000.0	60.857	0.016432	6.3653	6.9879	28.539	39.960	83.708	2284.5	0.00053618	7.3554e-05	0.11743	liquid
271.73	2000.0	60.841	0.016436	6.3707	6.9935	28.560	39.960	83.726	2283.3	0.00054350	7.3501e-05	0.11736	liquid
271.80	2000.0	60.824	0.016441	6.3761	6.9991	28.580	39.959	83.745	2282.0	0.00055083	7.3449e-05	0.11730	liquid
271.87	2000.0	60.808	0.016445	6.3816	7.0046	28.601	39.959	83.764	2280.8	0.00055818	7.3397e-05	0.11723	liquid
271.93	2000.0	60.792	0.016449	6.3870	7.0102	28.621	39.958	83.783	2279.5	0.00056554	7.3345e-05	0.11716	liquid
272.00	2000.0	60.776	0.016454	6.3924	7.0158	28.642	39.958	83.801	2278.2	0.00057291	7.3293e-05	0.11710	liquid
272.07	2000.0	60.760	0.016458	6.3978	7.0214	28.662	39.957	83.820	2277.0	0.00058030	7.3241e-05	0.11703	liquid
272.13	2000.0	60.744	0.016463	6.4032	7.0270	28.683	39.957	83.839	2275.7	0.00058770	7.3189e-05	0.11697	liquid
272.20	2000.0	60.727	0.016467	6.4087	7.0326	28.704	39.956	83.858	2274.5	0.00059511	7.3137e-05	0.11690	liquid
272.27	2000.0	60.711	0.016471	6.4141	7.0382	28.724	39.956	83.877	2273.2	0.00060254	7.3085e-05	0.11684	liquid
272.33	2000.0	60.695	0.016476	6.4195	7.0438	28.745	39.956	83.896	2272.0	0.00060998	7.3033e-05	0.11677	liquid
272.40	2000.0	60.679	0.016480	6.4249	7.0494	28.765	39.955	83.915	2270.7	0.00061743	7.2981e-05	0.11671	liquid
272.47	2000.0	60.663	0.016485	6.4304	7.0549	28.786	39.955	83.934	2269.5	0.00062490	7.2929e-05	0.11664	liquid
272.53	2000.0	60.646	0.016489	6.4358	7.0605	28.806	39.954	83.954	2268.2	0.00063238	7.2877e-05	0.11657	liquid
272.60	2000.0	60.630	0.016493	6.4412	7.0661	28.827	39.954	83.973	2266.9	0.00063988	7.2826e-05	0.11651	liquid
272.67	2000.0	60.614	0.016498	6.4467	7.0717	28.847	39.953	83.992	2265.7	0.00064739	7.2774e-05	0.11644	liquid
272.73	2000.0	60.598	0.016502	6.4521	7.0773	28.868	39.953	84.011	2264.4	0.00065491	7.2722e-05	0.11638	liquid
272.80	2000.0	60.581	0.016507	6.4575	7.0829	28.888	39.953	84.030	2263.2	0.00066244	7.2670e-05	0.11631	liquid
272.87	2000.0	60.565	0.016511	6.4630	7.0885	28.909	39.952	84.050	2261.9	0.00066999	7.2619e-05	0.11625	liquid
272.93	2000.0	60.549	0.016516	6.4684	7.0942	28.929	39.952	84.069	2260.7	0.00067756	7.2567e-05	0.11618	liquid
273.00	2000.0	60.533	0.016520	6.4738	7.0998	28.950	39.951	84.088	2259.4	0.00068514	7.2515e-05	0.11612	liquid
273.07	2000.0	60.516	0.016524	6.4793	7.1054	28.971	39.951	84.108	2258.1	0.00069273	7.2464e-05	0.11605	liquid
273.13	2000.0	60.500	0.016529	6.4847	7.1110	28.991	39.950	84.127	2256.9	0.00070033	7.2412e-05	0.11599	liquid
273.20	2000.0	60.484	0.016533	6.4902	7.1166	29.012	39.950	84.147	2255.6	0.00070795	7.2361e-05	0.11592	liquid
273.27	2000.0	60.467	0.016538	6.4956	7.1222	29.032	39.950	84.166	2254.4	0.00071559	7.2309e-05	0.11585	liquid
273.33	2000.0	60.451	0.016542	6.5010	7.1278	29.053	39.949	84.186	2253.1	0.00072323	7.2258e-05	0.11579	liquid
273.40	2000.0	60.435	0.016547	6.5065	7.1334	29.073	39.949	84.205	2251.8	0.00073090	7.2206e-05	0.11572	liquid
273.47	2000.0	60.418	0.016551	6.5119	7.1390	29.094	39.948	84.225	2250.6	0.00073857	7.2155e-05	0.11566	liquid
273.53	2000.0	60.402	0.016556	6.5174	7.1446	29.114	39.948	84.245	2249.3	0.00074626	7.2104e-05	0.11559	liquid
273.60	2000.0	60.386	0.016560	6.5228	7.1503	29.135	39.948	84.264	2248.1	0.00075396	7.2052e-05	0.11553	liquid
273.67	2000.0	60.369	0.016565	6.5283	7.1559	29.155	39.947	84.284	2246.8	0.00076168	7.2001e-05	0.11546	liquid
273.73	2000.0	60.353	0.016569	6.5337	7.1615	29.176	39.947	84.304	2245.6	0.00076941	7.1950e-05	0.11540	liquid
273.80	2000.0	60.336	0.016574	6.5392	7.1671	29.196	39.946	84.324	2244.3	0.00077716	7.1899e-05	0.11533	liquid
273.87	2000.0	60.320	0.016578	6.5446	7.1727	29.217	39.946	84.343	2243.0	0.00078492	7.1847e-05	0.11527	liquid
273.93	2000.0	60.304	0.016583	6.5501	7.1784	29.237	39.946	84.363	2241.8	0.00079270	7.1796e-05	0.11520	liquid
274.00	2000.0	60.287	0.016587	6.5555	7.1840	29.258	39.945	84.383	2240.5	0.00080049	7.1745e-05	0.11514	liquid
274.07	2000.0	60.271	0.016592	6.5610	7.1896	29.279	39.945	84.403	2239.3	0.00080829	7.1694e-05	0.11507	liquid
274.13	2000.0	60.254	0.016596	6.5664	7.1952	29.299	39.945	84.423	2238.0	0.00081611	7.1643e-05	0.11501	liquid
274.20	2000.0	60.238	0.016601	6.5719	7.2009	29.320	39.944	84.443	2236.7	0.00082394	7.1592e-05	0.11494	liquid
274.27	2000.0	60.221	0.016605	6.5774	7.2065	29.340	39.944	84.463	2235.5	0.00083179	7.1541e-05	0.11488	liquid
274.33	2000.0	60.205	0.016610	6.5828	7.2121	29.361	39.943	84.483	2234.2	0.00083965	7.1490e-05	0.11481	liquid
274.40	2000.0	60.188	0.016614	6.5883	7.2178	29.381	39.943	84.503	2233.0	0.00084753	7.1439e-05	0.11474	liquid
274.47	2000.0	60.172	0.016619	6.5937	7.2234	29.402	39.943	84.523	2231.7	0.00085542	7.1388e-05	0.11468	liquid
274.53	2000.0	60.156	0.016624	6.5992	7.2290	29.422	39.942	84.544	2230.4	0.00086333	7.1337e-05	0.11461	liquid
274.60	2000.0	60.139	0.016628	6.6047	7.2347	29.443	39.942	84.564	2229.2	0.00087125	7.1286e-05	0.11455	liquid
274.67	2000.0	60.123	0.016633	6.6101	7.2403	29.463	39.942	84.584	2227.9	0.00087918	7.1235e-05	0.11448	liquid
274.73	2000.0	60.106	0.016637	6.6156	7.2460	29.484	39.941	84.604	2226.7	0.00088713	7.1184e-05	0.11442	liquid
274.80	2000.0	60.090	0.016642	6.6211	7.2516	29.504	39.941	84.625	2225.4	0.00089510	7.1134e-05	0.11435	liquid
274.87	2000.0	60.073	0.016646	6.6265	7.2572	29.525	39.941	84.645	2224.1	0.00090308	7.1083e-05	0.11429	liquid
274.93	2000.0	60.056	0.016651	6.6320	7.2629	29.545	39.940	84.666	2222.9	0.00091107	7.1032e-05	0.11422	liquid
275.00	2000.0	60.040	0.016656	6.6375	7.2685	29.566	39.940	84.686	2221.6	0.00091908	7.0981e-05	0.11416	liquid
275.07	2000.0	60.023	0.016660	6.6429	7.2742	29.586	39.939	84.707	2220.3	0.00092711	7.0931e-05	0.11409	liquid
275.13	2000.0	60.007	0.016665	6.6484	7.2798	29.607	39.939	84.727	2219.1	0.00093515	7.0880e-05	0.11403	liquid
275.20	2000.0	59.990	0.016669	6.6539	7.2855	29.628	39.939	84.748	2217.8	0.00094320	7.0830e-05	0.11396	liquid
275.27	2000.0	59.974	0.016674	6.6594	7.2911	29.648	39.938	84.768	2216.6	0.00095127	7.0779e-05	0.11390	liquid
275.33	2000.0	59.957	0.016679	6.6648	7.2968	29.669	39.938	84.789	2215.3	0.00095936	7.0728e-05	0.11383	liquid
275.40	2000.0	59.940	0.016683	6.6703	7.3024	29.689	39.938	84.810	2214.0	0.00096746	7.0678e-05	0.11377	liquid
275.47	2000.0	59.924	0.016688	6.6758	7.3081	29.710	39.937	84.830	2212.8	0.00097557	7.0627e-05	0.11370	liquid
275.53	2000.0	59.907	0.016692	6.6813	7.3137	29.730	39.937	84.851	2211.5	0.00098371	7.0577e-05	0.11364	liquid
275.60	2000.0	59.891	0.016697	6.6868	7.3194	29.751	39.937	84.872	2210.2	0.00099185	7.0526e-05	0.11357	liquid
275.67	2000.0	59.874	0.016702	6.6922	7.3251	29.771	39.936	84.893	2209.0	0.0010000	7.0476e-05	0.11351	liquid
275.73	2000.0	59.857	0.016706	6.6977	7.3307	29.792	39.936	84.914	2207.7	0.0010082	7.0426e-05	0.11344	liquid
275.80	2000.0	59.841	0.016711	6.7032	7.3364	29.812	39.936	84.935	2206.4	0.0010164	7.0375e-05	0.11338	liquid
275.87	2000.0	59.824	0.016716	6.7087	7.3420	29.833	39.935	84.956	2205.2	0.0010246	7.0325e-05	0.11331	liquid
275.93	2000.0	59.807	0.016720	6.7142	7.3477	29.853	39.935	84.977	2203.9	0.0010328	7.0275e-05	0.11325	liquid
276.00	2000.0	59.791	0.016725	6.7197	7.3534	29.874	39.935	84.998	2202.7	0.0010411	7.0224e-05	0.11318	liquid
276.07	2000.0	59.774	0.016730	6.7252	7.3590	29.894	39.934	85.019	2201.4	0.0010493	7.0174e-05	0.11312	liquid
276.13	2000.0	59.757	0.016734	6.7307	7.3647	29.915	39.934	85.040	2200.1	0.0010576	7.0124e-05	0.11305	liquid
276.20	2000.0	59.741	0.016739	6.7362	7.3704	29.935	39.934	85.061	2198.9	0.0010659	7.0074e-05	0.11299	liquid
276.27	2000.0	59.724	0.016744	6.7416	7.3760	29.956	39.934	85.082	2197.6	0.0010742	7.0024e-05	0.11292	liquid
276.33	2000.0	59.707	0.016748	6.7471	7.3817	29.977	39.933	85.103	2196.3	0.0010825	6.9973e-05	0.11286	liquid
276.40	2000.0	59.690	0.016753	6.7526	7.3874	29.997	39.933	85.125	2195.1	0.0010908	6.9923e-05	0.11279	liquid
276.47	2000.0	59.674	0.016758	6.7581	7.3931	30.018	39.933	85.146	2193.8	0.0010992	6.9873e-05	0.11273	liquid
276.53	2000.0	59.657	0.016763	6.7636	7.3987	30.038	39.932	85.167	2192.5	0.0011075	6.9823e-05	0.11266	liquid
276.60	2000.0	59.640	0.016767	6.7691	7.4044	30.059	39.932	85.189	2191.3	0.0011159	6.9773e-05	0.11260	liquid
276.67	2000.0	59.623	0.016772	6.7746	7.4101	30.079	39.932	85.210	2190.0	0.0011243	6.9723e-05	0.11254	liquid
276.73	2000.0	59.607	0.016777	6.7801	7.4158	30.100	39.931	85.232	2188.7	0.0011327	6.9673e-05	0.11247	liquid
276.80	2000.0	59.590	0.016781	6.7856	7.4215	30.120	39.931	85.253	2187.5	0.0011411	6.9623e-05	0.11241	liquid
276.87	2000.0	59.573	0.016786	6.7911	7.4272	30.141	39.931	85.275	2186.2	0.0011496	6.9573e-05	0.11234	liquid
276.93	2000.0	59.556	0.016791	6.7967	7.4328	30.161	39.931	85.296	2184.9	0.0011581	6.9524e-05	0.11228	liquid
277.00	2000.0	59.539	0.016796	6.8022	7.4385	30.182	39.930	85.318	2183.7	0.0011665	6.9474e-05	0.11221	liquid
277.07	2000.0	59.523	0.016800	6.8077	7.4442	30.202	39.930	85.340	2182.4	0.0011750	6.9424e-05	0.11215	liquid
277.13	2000.0	59.506	0.016805	6.8132	7.4499	30.223	39.930	85.361	2181.1	0.0011835	6.9374e-05	0.11208	liquid
277.20	2000.0	59.489	0.016810	6.8187	7.4556	30.243	39.929	85.383	2179.9	0.0011921	6.9324e-05	0.11202	liquid
277.27	2000.0	59.472	0.016815	6.8242	7.4613	30.264	39.929	85.405	2178.6	0.0012006	6.9275e-05	0.11195	liquid
277.33	2000.0	59.455	0.016819	6.8297	7.4670	30.285	39.929	85.427	2177.3	0.0012092	6.9225e-05	0.11189	liquid
277.40	2000.0	59.438	0.016824	6.8352	7.4727	30.305	39.929	85.449	2176.1	0.0012177	6.9175e-05	0.11182	liquid
277.47	2000.0	59.421	0.016829	6.8408	7.4784	30.326	39.928	85.470	2174.8	0.0012263	6.9125e-05	0.11176	liquid
277.53	2000.0	59.405	0.016834	6.8463	7.4841	30.346	39.928	85.492	2173.5	0.0012349	6.9076e-05	0.11169	liquid
277.60	2000.0	59.388	0.016839	6.8518	7.4898	30.367	39.928	85.514	2172.3	0.0012436	6.9026e-05	0.11163	liquid
277.67	2000.0	59.371	0.016843	6.8573	7.4955	30.387	39.927	85.536	2171.0	0.0012522	6.8977e-05	0.11156	liquid
277.73	2000.0	59.354	0.016848	6.8628	7.5012	30.408	39.927	85.559	2169.7	0.0012609	6.8927e-05	0.11150	liquid
277.80	2000.0	59.337	0.016853	6.8684	7.5069	30.428	39.927	85.581	2168.5	0.0012695	6.8878e-05	0.11144	liquid
277.87	2000.0	59.320	0.016858	6.8739	7.5126	30.449	39.927	85.603	2167.2	0.0012782	6.8828e-05	0.11137	liquid
277.93	2000.0	59.303	0.016863	6.8794	7.5183	30.469	39.926	85.625	2165.9	0.0012869	6.8779e-05	0.11131	liquid
278.00	2000.0	59.286	0.016867	6.8849	7.5240	30.490	39.926	85.647	2164.7	0.0012957	6.8729e-05	0.11124	liquid
278.07	2000.0	59.269	0.016872	6.8905	7.5297	30.510	39.926	85.670	2163.4	0.0013044	6.8680e-05	0.11118	liquid
278.13	2000.0	59.252	0.016877	6.8960	7.5354	30.531	39.926	85.692	2162.1	0.0013132	6.8630e-05	0.11111	liquid
278.20	2000.0	59.235	0.016882	6.9015	7.5411	30.552	39.925	85.714	2160.8	0.0013219	6.8581e-05	0.11105	liquid
278.27	2000.0	59.218	0.016887	6.9070	7.5469	30.572	39.925	85.737	2159.6	0.0013307	6.8532e-05	0.11098	liquid
278.33	2000.0	59.201	0.016892	6.9126	7.5526	30.593	39.925	85.759	2158.3	0.0013395	6.8482e-05	0.11092	liquid
278.40	2000.0	59.184	0.016896	6.9181	7.5583	30.613	39.925	85.782	2157.0	0.0013484	6.8433e-05	0.11085	liquid
278.47	2000.0	59.167	0.016901	6.9236	7.5640	30.634	39.924	85.804	2155.8	0.0013572	6.8384e-05	0.11079	liquid
278.53	2000.0	59.150	0.016906	6.9292	7.5697	30.654	39.924	85.827	2154.5	0.0013661	6.8334e-05	0.11073	liquid
278.60	2000.0	59.133	0.016911	6.9347	7.5755	30.675	39.924	85.850	2153.2	0.0013749	6.8285e-05	0.11066	liquid
278.67	2000.0	59.116	0.016916	6.9403	7.5812	30.695	39.924	85.872	2152.0	0.0013838	6.8236e-05	0.11060	liquid
278.73	2000.0	59.099	0.016921	6.9458	7.5869	30.716	39.924	85.895	2150.7	0.0013927	6.8187e-05	0.11053	liquid
278.80	2000.0	59.082	0.016926	6.9513	7.5926	30.736	39.923	85.918	2149.4	0.0014017	6.8138e-05	0.11047	liquid
278.87	2000.0	59.065	0.016931	6.9569	7.5984	30.757	39.923	85.941	2148.1	0.0014106	6.8089e-05	0.11040	liquid
278.93	2000.0	59.048	0.016935	6.9624	7.6041	30.778	39.923	85.964	2146.9	0.0014196	6.8039e-05	0.11034	liquid
279.00	2000.0	59.031	0.016940	6.9680	7.6098	30.798	39.923	85.986	2145.6	0.0014286	6.7990e-05	0.11027	liquid
279.07	2000.0	59.013	0.016945	6.9735	7.6156	30.819	39.922	86.009	2144.3	0.0014376	6.7941e-05	0.11021	liquid
279.13	2000.0	58.996	0.016950	6.9791	7.6213	30.839	39.922	86.032	2143.1	0.0014466	6.7892e-05	0.11015	liquid
279.20	2000.0	58.979	0.016955	6.9846	7.6270	30.860	39.922	86.055	2141.8	0.0014556	6.7843e-05	0.11008	liquid
279.27	2000.0	58.962	0.016960	6.9902	7.6328	30.880	39.922	86.079	2140.5	0.0014647	6.7794e-05	0.11002	liquid
279.33	2000.0	58.945	0.016965	6.9957	7.6385	30.901	39.922	86.102	2139.2	0.0014738	6.7745e-05	0.10995	liquid
279.40	2000.0	58.928	0.016970	7.0013	7.6442	30.921	39.921	86.125	2138.0	0.0014828	6.7697e-05	0.10989	liquid
279.47	2000.0	58.911	0.016975	7.0068	7.6500	30.942	39.921	86.148	2136.7	0.0014919	6.7648e-05	0.10982	liquid
279.53	2000.0	58.893	0.016980	7.0124	7.6557	30.962	39.921	86.171	2135.4	0.0015011	6.7599e-05	0.10976	liquid
279.60	2000.0	58.876	0.016985	7.0179	7.6615	30.983	39.921	86.195	2134.1	0.0015102	6.7550e-05	0.10970	liquid
279.67	2000.0	58.859	0.016990	7.0235	7.6672	31.004	39.921	86.218	2132.9	0.0015194	6.7501e-05	0.10963	liquid
279.73	2000.0	58.842	0.016995	7.0291	7.6730	31.024	39.920	86.241	2131.6	0.0015286	6.7452e-05	0.10957	liquid
279.80	2000.0	58.825	0.017000	7.0346	7.6787	31.045	39.920	86.265	2130.3	0.0015377	6.7404e-05	0.10950	liquid
279.87	2000.0	58.807	0.017005	7.0402	7.6845	31.065	39.920	86.288	2129.0	0.0015470	6.7355e-05	0.10944	liquid
279.93	2000.0	58.790	0.017010	7.0458	7.6902	31.086	39.920	86.312	2127.8	0.0015562	6.7306e-05	0.10937	liquid
280.00	2000.0	58.773	0.017015	7.0513	7.6960	31.106	39.920	86.336	2126.5	0.0015654	6.7257e-05	0.10931	liquid
280.07	2000.0	58.756	0.017020	7.0569	7.7017	31.127	39.920	86.359	2125.2	0.0015747	6.7209e-05	0.10925	liquid
280.13	2000.0	58.738	0.017025	7.0625	7.7075	31.147	39.919	86.383	2123.9	0.0015840	6.7160e-05	0.10918	liquid
280.20	2000.0	58.721	0.017030	7.0680	7.7133	31.168	39.919	86.407	2122.7	0.0015933	6.7111e-05	0.10912	liquid
280.27	2000.0	58.704	0.017035	7.0736	7.7190	31.189	39.919	86.430	2121.4	0.0016026	6.7063e-05	0.10905	liquid
280.33	2000.0	58.686	0.017040	7.0792	7.7248	31.209	39.919	86.454	2120.1	0.0016120	6.7014e-05	0.10899	liquid
280.40	2000.0	58.669	0.017045	7.0847	7.7305	31.230	39.919	86.478	2118.8	0.0016213	6.6966e-05	0.10893	liquid
280.47	2000.0	58.652	0.017050	7.0903	7.7363	31.250	39.919	86.502	2117.6	0.0016307	6.6917e-05	0.10886	liquid
280.53	2000.0	58.635	0.017055	7.0959	7.7421	31.271	39.918	86.526	2116.3	0.0016401	6.6869e-05	0.10880	liquid
280.60	2000.0	58.617	0.017060	7.1015	7.7478	31.291	39.918	86.550	2115.0	0.0016495	6.6820e-05	0.10873	liquid
280.67	2000.0	58.600	0.017065	7.1071	7.7536	31.312	39.918	86.574	2113.7	0.0016590	6.6772e-05	0.10867	liquid
280.73	2000.0	58.582	0.017070	7.1126	7.7594	31.332	39.918	86.598	2112.5	0.0016684	6.6723e-05	0.10860	liquid
280.80	2000.0	58.565	0.017075	7.1182	7.7652	31.353	39.918	86.622	2111.2	0.0016779	6.6675e-05	0.10854	liquid
280.87	2000.0	58.548	0.017080	7.1238	7.7709	31.374	39.918	86.646	2109.9	0.0016874	6.6627e-05	0.10848	liquid
280.93	2000.0	58.530	0.017085	7.1294	7.7767	31.394	39.917	86.671	2108.6	0.0016969	6.6578e-05	0.10841	liquid
281.00	2000.0	58.513	0.017090	7.1350	7.7825	31.415	39.917	86.695	2107.4	0.0017064	6.6530e-05	0.10835	liquid
281.07	2000.0	58.496	0.017095	7.1406	7.7883	31.435	39.917	86.719	2106.1	0.0017160	6.6481e-05	0.10828	liquid
281.13	2000.0	58.478	0.017100	7.1461	7.7941	31.456	39.917	86.744	2104.8	0.0017256	6.6433e-05	0.10822	liquid
281.20	2000.0	58.461	0.017106	7.1517	7.7998	31.476	39.917	86.768	2103.5	0.0017352	6.6385e-05	0.10816	liquid
281.27	2000.0	58.443	0.017111	7.1573	7.8056	31.497	39.917	86.793	2102.2	0.0017448	6.6337e-05	0.10809	liquid
281.33	2000.0	58.426	0.017116	7.1629	7.8114	31.518	39.917	86.817	2101.0	0.0017544	6.6288e-05	0.10803	liquid
281.40	2000.0	58.408	0.017121	7.1685	7.8172	31.538	39.916	86.842	2099.7	0.0017640	6.6240e-05	0.10796	liquid
281.47	2000.0	58.391	0.017126	7.1741	7.8230	31.559	39.916	86.867	2098.4	0.0017737	6.6192e-05	0.10790	liquid
281.53	2000.0	58.373	0.017131	7.1797	7.8288	31.579	39.916	86.891	2097.1	0.0017834	6.6144e-05	0.10784	liquid
281.60	2000.0	58.356	0.017136	7.1853	7.8346	31.600	39.916	86.916	2095.8	0.0017931	6.6096e-05	0.10777	liquid
281.67	2000.0	58.338	0.017141	7.1909	7.8404	31.620	39.916	86.941	2094.6	0.0018028	6.6048e-05	0.10771	liquid
281.73	2000.0	58.321	0.017147	7.1965	7.8462	31.641	39.916	86.966	2093.3	0.0018126	6.6000e-05	0.10764	liquid
281.80	2000.0	58.303	0.017152	7.2021	7.8520	31.662	39.916	86.990	2092.0	0.0018223	6.5952e-05	0.10758	liquid
281.87	2000.0	58.286	0.017157	7.2077	7.8578	31.682	39.916	87.015	2090.7	0.0018321	6.5903e-05	0.10752	liquid
281.93	2000.0	58.268	0.017162	7.2133	7.8636	31.703	39.916	87.040	2089.4	0.0018419	6.5855e-05	0.10745	liquid
282.00	2000.0	58.251	0.017167	7.2189	7.8694	31.723	39.915	87.065	2088.2	0.0018517	6.5807e-05	0.10739	liquid
282.07	2000.0	58.233	0.017172	7.2245	7.8752	31.744	39.915	87.091	2086.9	0.0018616	6.5759e-05	0.10733	liquid
282.13	2000.0	58.216	0.017178	7.2302	7.8810	31.765	39.915	87.116	2085.6	0.0018714	6.5712e-05	0.10726	liquid
282.20	2000.0	58.198	0.017183	7.2358	7.8868	31.785	39.915	87.141	2084.3	0.0018813	6.5664e-05	0.10720	liquid
282.27	2000.0	58.180	0.017188	7.2414	7.8926	31.806	39.915	87.166	2083.0	0.0018912	6.5616e-05	0.10713	liquid
282.33	2000.0	58.163	0.017193	7.2470	7.8984	31.826	39.915	87.191	2081.8	0.0019012	6.5568e-05	0.10707	liquid
282.40	2000.0	58.145	0.017198	7.2526	7.9042	31.847	39.915	87.217	2080.5	0.0019111	6.5520e-05	0.10701	liquid
282.47	2000.0	58.127	0.017204	7.2582	7.9100	31.867	39.915	87.242	2079.2	0.0019211	6.5472e-05	0.10694	liquid
282.53	2000.0	58.110	0.017209	7.2638	7.9159	31.888	39.915	87.268	2077.9	0.0019310	6.5424e-05	0.10688	liquid
282.60	2000.0	58.092	0.017214	7.2695	7.9217	31.909	39.915	87.293	2076.6	0.0019411	6.5376e-05	0.10682	liquid
282.67	2000.0	58.075	0.017219	7.2751	7.9275	31.929	39.914	87.319	2075.3	0.0019511	6.5329e-05	0.10675	liquid
282.73	2000.0	58.057	0.017225	7.2807	7.9333	31.950	39.914	87.344	2074.1	0.0019611	6.5281e-05	0.10669	liquid
282.80	2000.0	58.039	0.017230	7.2863	7.9391	31.970	39.914	87.370	2072.8	0.0019712	6.5233e-05	0.10662	liquid
282.87	2000.0	58.021	0.017235	7.2920	7.9450	31.991	39.914	87.396	2071.5	0.0019813	6.5185e-05	0.10656	liquid
282.93	2000.0	58.004	0.017240	7.2976	7.9508	32.012	39.914	87.421	2070.2	0.0019914	6.5138e-05	0.10650	liquid
283.00	2000.0	57.986	0.017246	7.3032	7.9566	32.032	39.914	87.447	2068.9	0.0020015	6.5090e-05	0.10643	liquid
283.07	2000.0	57.968	0.017251	7.3089	7.9625	32.053	39.914	87.473	2067.6	0.0020117	6.5042e-05	0.10637	liquid
283.13	2000.0	57.951	0.017256	7.3145	7.9683	32.073	39.914	87.499	2066.4	0.0020218	6.4995e-05	0.10631	liquid
283.20	2000.0	57.933	0.017261	7.3201	7.9741	32.094	39.914	87.525	2065.1	0.0020320	6.4947e-05	0.10624	liquid
283.27	2000.0	57.915	0.017267	7.3258	7.9800	32.115	39.914	87.551	2063.8	0.0020422	6.4900e-05	0.10618	liquid
283.33	2000.0	57.897	0.017272	7.3314	7.9858	32.135	39.914	87.577	2062.5	0.0020525	6.4852e-05	0.10612	liquid
283.40	2000.0	57.879	0.017277	7.3370	7.9916	32.156	39.914	87.603	2061.2	0.0020627	6.4805e-05	0.10605	liquid
283.47	2000.0	57.862	0.017283	7.3427	7.9975	32.176	39.914	87.629	2059.9	0.0020730	6.4757e-05	0.10599	liquid
283.53	2000.0	57.844	0.017288	7.3483	8.0033	32.197	39.914	87.656	2058.6	0.0020833	6.4710e-05	0.10592	liquid
283.60	2000.0	57.826	0.017293	7.3540	8.0092	32.218	39.914	87.682	2057.4	0.0020936	6.4662e-05	0.10586	liquid
283.67	2000.0	57.808	0.017299	7.3596	8.0150	32.238	39.914	87.708	2056.1	0.0021039	6.4615e-05	0.10580	liquid
283.73	2000.0	57.790	0.017304	7.3652	8.0209	32.259	39.914	87.735	2054.8	0.0021143	6.4567e-05	0.10573	liquid
283.80	2000.0	57.773	0.017309	7.3709	8.0267	32.280	39.913	87.761	2053.5	0.0021247	6.4520e-05	0.10567	liquid
283.87	2000.0	57.755	0.017315	7.3765	8.0326	32.300	39.913	87.788	2052.2	0.0021351	6.4472e-05	0.10561	liquid
283.93	2000.0	57.737	0.017320	7.3822	8.0384	32.321	39.913	87.814	2050.9	0.0021455	6.4425e-05	0.10554	liquid
284.00	2000.0	57.719	0.017325	7.3878	8.0443	32.341	39.913	87.841	2049.6	0.0021560	6.4378e-05	0.10548	liquid
284.07	2000.0	57.701	0.017331	7.3935	8.0501	32.362	39.913	87.867	2048.4	0.0021664	6.4330e-05	0.10542	liquid
284.13	2000.0	57.683	0.017336	7.3991	8.0560	32.383	39.913	87.894	2047.1	0.0021769	6.4283e-05	0.10535	liquid
284.20	2000.0	57.665	0.017341	7.4048	8.0618	32.403	39.913	87.921	2045.8	0.0021874	6.4236e-05	0.10529	liquid
284.27	2000.0	57.647	0.017347	7.4105	8.0677	32.424	39.913	87.948	2044.5	0.0021980	6.4188e-05	0.10523	liquid
284.33	2000.0	57.629	0.017352	7.4161	8.0736	32.445	39.913	87.975	2043.2	0.0022085	6.4141e-05	0.10516	liquid
284.40	2000.0	57.611	0.017358	7.4218	8.0794	32.465	39.913	88.002	2041.9	0.0022191	6.4094e-05	0.10510	liquid
284.47	2000.0	57.593	0.017363	7.4274	8.0853	32.486	39.913	88.029	2040.6	0.0022297	6.4047e-05	0.10504	liquid
284.53	2000.0	57.575	0.017369	7.4331	8.0912	32.506	39.913	88.056	2039.3	0.0022403	6.3999e-05	0.10497	liquid
284.60	2000.0	57.557	0.017374	7.4388	8.0970	32.527	39.913	88.083	2038.0	0.0022510	6.3952e-05	0.10491	liquid
284.67	2000.0	57.539	0.017379	7.4444	8.1029	32.548	39.913	88.110	2036.8	0.0022616	6.3905e-05	0.10485	liquid
284.73	2000.0	57.521	0.017385	7.4501	8.1088	32.568	39.913	88.137	2035.5	0.0022723	6.3858e-05	0.10478	liquid
284.80	2000.0	57.503	0.017390	7.4558	8.1147	32.589	39.913	88.165	2034.2	0.0022830	6.3811e-05	0.10472	liquid
284.87	2000.0	57.485	0.017396	7.4615	8.1206	32.610	39.913	88.192	2032.9	0.0022938	6.3764e-05	0.10466	liquid
284.93	2000.0	57.467	0.017401	7.4671	8.1264	32.630	39.913	88.219	2031.6	0.0023045	6.3717e-05	0.10459	liquid
285.00	2000.0	57.449	0.017407	7.4728	8.1323	32.651	39.913	88.247	2030.3	0.0023153	6.3670e-05	0.10453	liquid
285.07	2000.0	57.431	0.017412	7.4785	8.1382	32.672	39.913	88.274	2029.0	0.0023261	6.3623e-05	0.10447	liquid
285.13	2000.0	57.413	0.017418	7.4842	8.1441	32.692	39.913	88.302	2027.7	0.0023369	6.3576e-05	0.10440	liquid
285.20	2000.0	57.395	0.017423	7.4898	8.1500	32.713	39.913	88.329	2026.4	0.0023478	6.3529e-05	0.10434	liquid
285.27	2000.0	57.377	0.017429	7.4955	8.1559	32.733	39.913	88.357	2025.1	0.0023586	6.3482e-05	0.10428	liquid
285.33	2000.0	57.359	0.017434	7.5012	8.1618	32.754	39.913	88.385	2023.8	0.0023695	6.3435e-05	0.10421	liquid
285.40	2000.0	57.341	0.017440	7.5069	8.1676	32.775	39.913	88.413	2022.6	0.0023804	6.3388e-05	0.10415	liquid
285.47	2000.0	57.322	0.017445	7.5126	8.1735	32.795	39.913	88.441	2021.3	0.0023914	6.3341e-05	0.10409	liquid
285.53	2000.0	57.304	0.017451	7.5183	8.1794	32.816	39.913	88.469	2020.0	0.0024023	6.3294e-05	0.10402	liquid
285.60	2000.0	57.286	0.017456	7.5239	8.1853	32.837	39.914	88.497	2018.7	0.0024133	6.3247e-05	0.10396	liquid
285.67	2000.0	57.268	0.017462	7.5296	8.1912	32.857	39.914	88.525	2017.4	0.0024243	6.3200e-05	0.10390	liquid
285.73	2000.0	57.250	0.017467	7.5353	8.1971	32.878	39.914	88.553	2016.1	0.0024354	6.3153e-05	0.10383	liquid
285.80	2000.0	57.232	0.017473	7.5410	8.2030	32.899	39.914	88.581	2014.8	0.0024464	6.3107e-05	0.10377	liquid
285.87	2000.0	57.213	0.017478	7.5467	8.2090	32.919	39.914	88.609	2013.5	0.0024575	6.3060e-05	0.10371	liquid
285.93	2000.0	57.195	0.017484	7.5524	8.2149	32.940	39.914	88.637	2012.2	0.0024686	6.3013e-05	0.10364	liquid
286.00	2000.0	57.177	0.017490	7.5581	8.2208	32.961	39.914	88.666	2010.9	0.0024797	6.2966e-05	0.10358	liquid
286.07	2000.0	57.159	0.017495	7.5638	8.2267	32.981	39.914	88.694	2009.6	0.0024909	6.2919e-05	0.10352	liquid
286.13	2000.0	57.140	0.017501	7.5695	8.2326	33.002	39.914	88.723	2008.3	0.0025021	6.2873e-05	0.10346	liquid
286.20	2000.0	57.122	0.017506	7.5752	8.2385	33.023	39.914	88.751	2007.0	0.0025133	6.2826e-05	0.10339	liquid
286.27	2000.0	57.104	0.017512	7.5809	8.2444	33.043	39.914	88.780	2005.7	0.0025245	6.2779e-05	0.10333	liquid
286.33	2000.0	57.086	0.017518	7.5866	8.2503	33.064	39.914	88.808	2004.4	0.0025357	6.2733e-05	0.10327	liquid
286.40	2000.0	57.067	0.017523	7.5923	8.2563	33.085	39.914	88.837	2003.1	0.0025470	6.2686e-05	0.10320	liquid
286.47	2000.0	57.049	0.017529	7.5981	8.2622	33.105	39.914	88.866	2001.8	0.0025583	6.2639e-05	0.10314	liquid
286.53	2000.0	57.031	0.017534	7.6038	8.2681	33.126	39.914	88.895	2000.6	0.0025696	6.2593e-05	0.10308	liquid
286.60	2000.0	57.012	0.017540	7.6095	8.2740	33.147	39.914	88.924	1999.3	0.0025809	6.2546e-05	0.10301	liquid
286.67	2000.0	56.994	0.017546	7.6152	8.2800	33.167	39.915	88.953	1998.0	0.0025923	6.2500e-05	0.10295	liquid
286.73	2000.0	56.976	0.017551	7.6209	8.2859	33.188	39.915	88.982	1996.7	0.0026037	6.2453e-05	0.10289	liquid
286.80	2000.0	56.957	0.017557	7.6266	8.2918	33.209	39.915	89.011	1995.4	0.0026151	6.2406e-05	0.10283	liquid
286.87	2000.0	56.939	0.017563	7.6324	8.2978	33.230	39.915	89.040	1994.1	0.0026266	6.2360e-05	0.10276	liquid
286.93	2000.0	56.920	0.017568	7.6381	8.3037	33.250	39.915	89.069	1992.8	0.0026380	6.2313e-05	0.10270	liquid
287.00	2000.0	56.902	0.017574	7.6438	8.3097	33.271	39.915	89.098	1991.5	0.0026495	6.2267e-05	0.10264	liquid
287.07	2000.0	56.884	0.017580	7.6495	8.3156	33.292	39.915	89.128	1990.2	0.0026610	6.2220e-05	0.10257	liquid
287.13	2000.0	56.865	0.017585	7.6552	8.3215	33.312	39.915	89.157	1988.9	0.0026726	6.2174e-05	0.10251	liquid
287.20	2000.0	56.847	0.017591	7.6610	8.3275	33.333	39.915	89.187	1987.6	0.0026841	6.2127e-05	0.10245	liquid
287.27	2000.0	56.828	0.017597	7.6667	8.3334	33.354	39.915	89.216	1986.3	0.0026957	6.2081e-05	0.10239	liquid
287.33	2000.0	56.810	0.017603	7.6724	8.3394	33.374	39.916	89.246	1985.0	0.0027073	6.2035e-05	0.10232	liquid
287.40	2000.0	56.791	0.017608	7.6782	8.3453	33.395	39.916	89.275	1983.7	0.0027190	6.1988e-05	0.10226	liquid
287.47	2000.0	56.773	0.017614	7.6839	8.3513	33.416	39.916	89.305	1982.4	0.0027306	6.1942e-05	0.10220	liquid
287.53	2000.0	56.754	0.017620	7.6896	8.3572	33.437	39.916	89.335	1981.1	0.0027423	6.1896e-05	0.10213	liquid
287.60	2000.0	56.736	0.017626	7.6954	8.3632	33.457	39.916	89.365	1979.8	0.0027540	6.1849e-05	0.10207	liquid
287.67	2000.0	56.717	0.017631	7.7011	8.3691	33.478	39.916	89.395	1978.5	0.0027658	6.1803e-05	0.10201	liquid
287.73	2000.0	56.699	0.017637	7.7069	8.3751	33.499	39.916	89.425	1977.2	0.0027775	6.1757e-05	0.10195	liquid
287.80	2000.0	56.680	0.017643	7.7126	8.3811	33.519	39.916	89.455	1975.9	0.0027893	6.1710e-05	0.10188	liquid
287.87	2000.0	56.661	0.017649	7.7184	8.3870	33.540	39.917	89.485	1974.6	0.0028012	6.1664e-05	0.10182	liquid
287.93	2000.0	56.643	0.017654	7.7241	8.3930	33.561	39.917	89.515	1973.3	0.0028130	6.1618e-05	0.10176	liquid
288.00	2000.0	56.624	0.017660	7.7299	8.3990	33.582	39.917	89.545	1972.0	0.0028249	6.1572e-05	0.10169	liquid
288.07	2000.0	56.606	0.017666	7.7356	8.4049	33.602	39.917	89.575	1970.7	0.0028368	6.1525e-05	0.10163	liquid
288.13	2000.0	56.587	0.017672	7.7414	8.4109	33.623	39.917	89.606	1969.4	0.0028487	6.1479e-05	0.10157	liquid
288.20	2000.0	56.568	0.017678	7.7471	8.4169	33.644	39.917	89.636	1968.1	0.0028606	6.1433e-05	0.10151	liquid
288.27	2000.0	56.550	0.017684	7.7529	8.4229	33.665	39.917	89.667	1966.8	0.0028726	6.1387e-05	0.10144	liquid
288.33	2000.0	56.531	0.017689	7.7586	8.4288	33.685	39.918	89.697	1965.4	0.0028846	6.1341e-05	0.10138	liquid
288.40	2000.0	56.512	0.017695	7.7644	8.4348	33.706	39.918	89.728	1964.1	0.0028966	6.1294e-05	0.10132	liquid
288.47	2000.0	56.494	0.017701	7.7701	8.4408	33.727	39.918	89.759	1962.8	0.0029087	6.1248e-05	0.10126	liquid
288.53	2000.0	56.475	0.017707	7.7759	8.4468	33.747	39.918	89.790	1961.5	0.0029208	6.1202e-05	0.10119	liquid
288.60	2000.0	56.456	0.017713	7.7817	8.4528	33.768	39.918	89.820	1960.2	0.0029329	6.1156e-05	0.10113	liquid
288.67	2000.0	56.437	0.017719	7.7874	8.4588	33.789	39.918	89.851	1958.9	0.0029450	6.1110e-05	0.10107	liquid
288.73	2000.0	56.419	0.017725	7.7932	8.4648	33.810	39.919	89.882	1957.6	0.0029572	6.1064e-05	0.10101	liquid
288.80	2000.0	56.400	0.017731	7.7990	8.4708	33.831	39.919	89.913	1956.3	0.0029694	6.1018e-05	0.10094	liquid
288.87	2000.0	56.381	0.017736	7.8047	8.4768	33.851	39.919	89.944	1955.0	0.0029816	6.0972e-05	0.10088	liquid
288.93	2000.0	56.362	0.017742	7.8105	8.4827	33.872	39.919	89.976	1953.7	0.0029938	6.0926e-05	0.10082	liquid
289.00	2000.0	56.344	0.017748	7.8163	8.4887	33.893	39.919	90.007	1952.4	0.0030061	6.0880e-05	0.10076	liquid
289.07	2000.0	56.325	0.017754	7.8221	8.4947	33.914	39.920	90.038	1951.1	0.0030184	6.0834e-05	0.10069	liquid
289.13	2000.0	56.306	0.017760	7.8278	8.5008	33.934	39.920	90.070	1949.8	0.0030307	6.0788e-05	0.10063	liquid
289.20	2000.0	56.287	0.017766	7.8336	8.5068	33.955	39.920	90.101	1948.5	0.0030430	6.0742e-05	0.10057	liquid
289.27	2000.0	56.268	0.017772	7.8394	8.5128	33.976	39.920	90.133	1947.2	0.0030554	6.0696e-05	0.10051	liquid
289.33	2000.0	56.249	0.017778	7.8452	8.5188	33.997	39.920	90.164	1945.9	0.0030678	6.0650e-05	0.10044	liquid
289.40	2000.0	56.230	0.017784	7.8510	8.5248	34.017	39.921	90.196	1944.6	0.0030803	6.0604e-05	0.10038	liquid
289.47	2000.0	56.212	0.017790	7.8568	8.5308	34.038	39.921	90.228	1943.2	0.0030927	6.0558e-05	0.10032	liquid
289.53	2000.0	56.193	0.017796	7.8626	8.5368	34.059	39.921	90.260	1941.9	0.0031052	6.0513e-05	0.10026	liquid
289.60	2000.0	56.174	0.017802	7.8683	8.5428	34.080	39.921	90.291	1940.6	0.0031177	6.0467e-05	0.10019	liquid
289.67	2000.0	56.155	0.017808	7.8741	8.5489	34.101	39.921	90.323	1939.3	0.0031303	6.0421e-05	0.10013	liquid
289.73	2000.0	56.136	0.017814	7.8799	8.5549	34.121	39.922	90.355	1938.0	0.0031428	6.0375e-05	0.10007	liquid
289.80	2000.0	56.117	0.017820	7.8857	8.5609	34.142	39.922	90.388	1936.7	0.0031554	6.0329e-05	0.10001	liquid
289.87	2000.0	56.098	0.017826	7.8915	8.5669	34.163	39.922	90.420	1935.4	0.0031681	6.0283e-05	0.099945	liquid
289.93	2000.0	56.079	0.017832	7.8973	8.5730	34.184	39.922	90.452	1934.1	0.0031807	6.0238e-05	0.099882	liquid
290.00	2000.0	56.060	0.017838	7.9031	8.5790	34.205	39.923	90.484	1932.8	0.0031934	6.0192e-05	0.099820	liquid
