Temperature (K)	Pressure (psia)	Density (lbm/ft3)	Volume (ft3/lbm)	Internal Energy (kJ/mol)	Enthalpy (kJ/mol)	Entropy (J/mol*K)	Cv (J/mol*K)	Cp (J/mol*K)	Sound Spd. (ft/s)	Joule-Thomson (F/psia)	Viscosity (lbm/ft*s)	Therm. Cond. (W/m*K)	Phase
250.00	3500.0	67.439	0.014828	4.3555	5.3387	20.527	40.416	75.822	2912.6	-0.0020546	0.00010049	0.14804	liquid
250.07	3500.0	67.426	0.014831	4.3604	5.3438	20.547	40.415	75.828	2911.5	-0.0020517	0.00010043	0.14798	liquid
250.13	3500.0	67.414	0.014834	4.3653	5.3488	20.568	40.414	75.834	2910.4	-0.0020489	0.00010036	0.14791	liquid
250.20	3500.0	67.401	0.014836	4.3702	5.3539	20.588	40.413	75.840	2909.3	-0.0020460	0.00010029	0.14785	liquid
250.27	3500.0	67.389	0.014839	4.3750	5.3590	20.608	40.412	75.846	2908.2	-0.0020432	0.00010022	0.14779	liquid
250.33	3500.0	67.377	0.014842	4.3799	5.3640	20.628	40.410	75.852	2907.1	-0.0020403	0.00010016	0.14772	liquid
250.40	3500.0	67.364	0.014845	4.3848	5.3691	20.648	40.409	75.858	2906.0	-0.0020374	0.00010009	0.14766	liquid
250.47	3500.0	67.352	0.014847	4.3897	5.3741	20.669	40.408	75.864	2904.9	-0.0020346	0.00010002	0.14759	liquid
250.53	3500.0	67.339	0.014850	4.3945	5.3792	20.689	40.407	75.870	2903.8	-0.0020317	9.9953e-05	0.14753	liquid
250.60	3500.0	67.327	0.014853	4.3994	5.3842	20.709	40.406	75.876	2902.7	-0.0020288	9.9886e-05	0.14746	liquid
250.67	3500.0	67.314	0.014856	4.4043	5.3893	20.729	40.405	75.882	2901.6	-0.0020260	9.9819e-05	0.14740	liquid
250.73	3500.0	67.302	0.014858	4.4092	5.3944	20.749	40.403	75.888	2900.5	-0.0020231	9.9752e-05	0.14734	liquid
250.80	3500.0	67.289	0.014861	4.4140	5.3994	20.770	40.402	75.894	2899.4	-0.0020202	9.9684e-05	0.14727	liquid
250.87	3500.0	67.277	0.014864	4.4189	5.4045	20.790	40.401	75.900	2898.3	-0.0020173	9.9617e-05	0.14721	liquid
250.93	3500.0	67.264	0.014867	4.4238	5.4095	20.810	40.400	75.906	2897.2	-0.0020144	9.9550e-05	0.14715	liquid
251.00	3500.0	67.252	0.014869	4.4287	5.4146	20.830	40.399	75.912	2896.1	-0.0020115	9.9483e-05	0.14708	liquid
251.07	3500.0	67.239	0.014872	4.4336	5.4197	20.850	40.398	75.918	2895.0	-0.0020086	9.9416e-05	0.14702	liquid
251.13	3500.0	67.227	0.014875	4.4384	5.4247	20.870	40.396	75.924	2893.9	-0.0020057	9.9350e-05	0.14695	liquid
251.20	3500.0	67.214	0.014878	4.4433	5.4298	20.891	40.395	75.930	2892.8	-0.0020028	9.9283e-05	0.14689	liquid
251.27	3500.0	67.202	0.014881	4.4482	5.4348	20.911	40.394	75.936	2891.7	-0.0019999	9.9216e-05	0.14683	liquid
251.33	3500.0	67.189	0.014883	4.4531	5.4399	20.931	40.393	75.942	2890.6	-0.0019970	9.9150e-05	0.14676	liquid
251.40	3500.0	67.177	0.014886	4.4580	5.4450	20.951	40.392	75.948	2889.5	-0.0019941	9.9083e-05	0.14670	liquid
251.47	3500.0	67.164	0.014889	4.4628	5.4500	20.971	40.391	75.954	2888.4	-0.0019911	9.9017e-05	0.14663	liquid
251.53	3500.0	67.152	0.014892	4.4677	5.4551	20.991	40.390	75.960	2887.3	-0.0019882	9.8950e-05	0.14657	liquid
251.60	3500.0	67.139	0.014894	4.4726	5.4602	21.011	40.388	75.966	2886.2	-0.0019853	9.8884e-05	0.14651	liquid
251.67	3500.0	67.127	0.014897	4.4775	5.4652	21.032	40.387	75.972	2885.1	-0.0019824	9.8817e-05	0.14644	liquid
251.73	3500.0	67.114	0.014900	4.4824	5.4703	21.052	40.386	75.978	2884.0	-0.0019794	9.8751e-05	0.14638	liquid
251.80	3500.0	67.102	0.014903	4.4872	5.4754	21.072	40.385	75.984	2882.9	-0.0019765	9.8685e-05	0.14632	liquid
251.87	3500.0	67.089	0.014905	4.4921	5.4804	21.092	40.384	75.990	2881.8	-0.0019736	9.8619e-05	0.14625	liquid
251.93	3500.0	67.077	0.014908	4.4970	5.4855	21.112	40.383	75.996	2880.7	-0.0019706	9.8553e-05	0.14619	liquid
252.00	3500.0	67.064	0.014911	4.5019	5.4906	21.132	40.382	76.002	2879.6	-0.0019677	9.8487e-05	0.14612	liquid
252.07	3500.0	67.052	0.014914	4.5068	5.4956	21.152	40.380	76.009	2878.5	-0.0019647	9.8421e-05	0.14606	liquid
252.13	3500.0	67.039	0.014917	4.5116	5.5007	21.172	40.379	76.015	2877.5	-0.0019618	9.8355e-05	0.14600	liquid
252.20	3500.0	67.027	0.014919	4.5165	5.5058	21.192	40.378	76.021	2876.4	-0.0019588	9.8289e-05	0.14593	liquid
252.27	3500.0	67.014	0.014922	4.5214	5.5108	21.212	40.377	76.027	2875.3	-0.0019558	9.8224e-05	0.14587	liquid
252.33	3500.0	67.002	0.014925	4.5263	5.5159	21.233	40.376	76.033	2874.2	-0.0019529	9.8158e-05	0.14581	liquid
252.40	3500.0	66.989	0.014928	4.5312	5.5210	21.253	40.375	76.039	2873.1	-0.0019499	9.8093e-05	0.14574	liquid
252.47	3500.0	66.977	0.014931	4.5361	5.5260	21.273	40.374	76.045	2872.0	-0.0019469	9.8027e-05	0.14568	liquid
252.53	3500.0	66.964	0.014933	4.5409	5.5311	21.293	40.373	76.052	2870.9	-0.0019440	9.7962e-05	0.14561	liquid
252.60	3500.0	66.951	0.014936	4.5458	5.5362	21.313	40.371	76.058	2869.8	-0.0019410	9.7896e-05	0.14555	liquid
252.67	3500.0	66.939	0.014939	4.5507	5.5412	21.333	40.370	76.064	2868.7	-0.0019380	9.7831e-05	0.14549	liquid
252.73	3500.0	66.926	0.014942	4.5556	5.5463	21.353	40.369	76.070	2867.6	-0.0019350	9.7766e-05	0.14542	liquid
252.80	3500.0	66.914	0.014945	4.5605	5.5514	21.373	40.368	76.076	2866.5	-0.0019320	9.7700e-05	0.14536	liquid
252.87	3500.0	66.901	0.014947	4.5654	5.5565	21.393	40.367	76.083	2865.4	-0.0019290	9.7635e-05	0.14530	liquid
252.93	3500.0	66.889	0.014950	4.5703	5.5615	21.413	40.366	76.089	2864.3	-0.0019260	9.7570e-05	0.14523	liquid
253.00	3500.0	66.876	0.014953	4.5751	5.5666	21.433	40.365	76.095	2863.2	-0.0019230	9.7505e-05	0.14517	liquid
253.07	3500.0	66.864	0.014956	4.5800	5.5717	21.453	40.364	76.101	2862.1	-0.0019200	9.7440e-05	0.14511	liquid
253.13	3500.0	66.851	0.014959	4.5849	5.5767	21.473	40.362	76.107	2861.0	-0.0019170	9.7375e-05	0.14504	liquid
253.20	3500.0	66.838	0.014961	4.5898	5.5818	21.493	40.361	76.114	2859.9	-0.0019140	9.7311e-05	0.14498	liquid
253.27	3500.0	66.826	0.014964	4.5947	5.5869	21.513	40.360	76.120	2858.8	-0.0019110	9.7246e-05	0.14492	liquid
253.33	3500.0	66.813	0.014967	4.5996	5.5920	21.533	40.359	76.126	2857.8	-0.0019080	9.7181e-05	0.14485	liquid
253.40	3500.0	66.801	0.014970	4.6045	5.5970	21.554	40.358	76.132	2856.7	-0.0019050	9.7116e-05	0.14479	liquid
253.47	3500.0	66.788	0.014973	4.6094	5.6021	21.574	40.357	76.139	2855.6	-0.0019019	9.7052e-05	0.14472	liquid
253.53	3500.0	66.776	0.014976	4.6142	5.6072	21.594	40.356	76.145	2854.5	-0.0018989	9.6987e-05	0.14466	liquid
253.60	3500.0	66.763	0.014978	4.6191	5.6123	21.614	40.355	76.151	2853.4	-0.0018959	9.6923e-05	0.14460	liquid
253.67	3500.0	66.750	0.014981	4.6240	5.6174	21.634	40.354	76.158	2852.3	-0.0018928	9.6859e-05	0.14453	liquid
253.73	3500.0	66.738	0.014984	4.6289	5.6224	21.654	40.353	76.164	2851.2	-0.0018898	9.6794e-05	0.14447	liquid
253.80	3500.0	66.725	0.014987	4.6338	5.6275	21.674	40.351	76.170	2850.1	-0.0018868	9.6730e-05	0.14441	liquid
253.87	3500.0	66.713	0.014990	4.6387	5.6326	21.694	40.350	76.176	2849.0	-0.0018837	9.6666e-05	0.14434	liquid
253.93	3500.0	66.700	0.014993	4.6436	5.6377	21.714	40.349	76.183	2847.9	-0.0018807	9.6602e-05	0.14428	liquid
254.00	3500.0	66.687	0.014995	4.6485	5.6427	21.734	40.348	76.189	2846.8	-0.0018776	9.6538e-05	0.14422	liquid
254.07	3500.0	66.675	0.014998	4.6534	5.6478	21.754	40.347	76.195	2845.7	-0.0018745	9.6474e-05	0.14415	liquid
254.13	3500.0	66.662	0.015001	4.6583	5.6529	21.774	40.346	76.202	2844.6	-0.0018715	9.6410e-05	0.14409	liquid
254.20	3500.0	66.650	0.015004	4.6632	5.6580	21.794	40.345	76.208	2843.6	-0.0018684	9.6346e-05	0.14403	liquid
254.27	3500.0	66.637	0.015007	4.6680	5.6631	21.814	40.344	76.215	2842.5	-0.0018653	9.6282e-05	0.14396	liquid
254.33	3500.0	66.624	0.015010	4.6729	5.6681	21.834	40.343	76.221	2841.4	-0.0018623	9.6218e-05	0.14390	liquid
254.40	3500.0	66.612	0.015012	4.6778	5.6732	21.854	40.342	76.227	2840.3	-0.0018592	9.6155e-05	0.14384	liquid
254.47	3500.0	66.599	0.015015	4.6827	5.6783	21.874	40.341	76.234	2839.2	-0.0018561	9.6091e-05	0.14377	liquid
254.53	3500.0	66.586	0.015018	4.6876	5.6834	21.894	40.340	76.240	2838.1	-0.0018530	9.6027e-05	0.14371	liquid
254.60	3500.0	66.574	0.015021	4.6925	5.6885	21.913	40.338	76.246	2837.0	-0.0018499	9.5964e-05	0.14365	liquid
254.67	3500.0	66.561	0.015024	4.6974	5.6936	21.933	40.337	76.253	2835.9	-0.0018469	9.5900e-05	0.14359	liquid
254.73	3500.0	66.549	0.015027	4.7023	5.6986	21.953	40.336	76.259	2834.8	-0.0018438	9.5837e-05	0.14352	liquid
254.80	3500.0	66.536	0.015029	4.7072	5.7037	21.973	40.335	76.266	2833.7	-0.0018407	9.5774e-05	0.14346	liquid
254.87	3500.0	66.523	0.015032	4.7121	5.7088	21.993	40.334	76.272	2832.6	-0.0018376	9.5710e-05	0.14340	liquid
254.93	3500.0	66.511	0.015035	4.7170	5.7139	22.013	40.333	76.279	2831.6	-0.0018344	9.5647e-05	0.14333	liquid
255.00	3500.0	66.498	0.015038	4.7219	5.7190	22.033	40.332	76.285	2830.5	-0.0018313	9.5584e-05	0.14327	liquid
255.07	3500.0	66.485	0.015041	4.7268	5.7241	22.053	40.331	76.291	2829.4	-0.0018282	9.5521e-05	0.14321	liquid
255.13	3500.0	66.473	0.015044	4.7317	5.7292	22.073	40.330	76.298	2828.3	-0.0018251	9.5458e-05	0.14314	liquid
255.20	3500.0	66.460	0.015047	4.7366	5.7342	22.093	40.329	76.304	2827.2	-0.0018220	9.5395e-05	0.14308	liquid
255.27	3500.0	66.447	0.015050	4.7415	5.7393	22.113	40.328	76.311	2826.1	-0.0018189	9.5332e-05	0.14302	liquid
255.33	3500.0	66.435	0.015052	4.7464	5.7444	22.133	40.327	76.317	2825.0	-0.0018157	9.5269e-05	0.14295	liquid
255.40	3500.0	66.422	0.015055	4.7513	5.7495	22.153	40.326	76.324	2823.9	-0.0018126	9.5206e-05	0.14289	liquid
255.47	3500.0	66.409	0.015058	4.7562	5.7546	22.173	40.325	76.330	2822.8	-0.0018095	9.5144e-05	0.14283	liquid
255.53	3500.0	66.397	0.015061	4.7611	5.7597	22.193	40.324	76.337	2821.7	-0.0018063	9.5081e-05	0.14276	liquid
255.60	3500.0	66.384	0.015064	4.7660	5.7648	22.213	40.323	76.343	2820.7	-0.0018032	9.5018e-05	0.14270	liquid
255.67	3500.0	66.371	0.015067	4.7709	5.7699	22.232	40.321	76.350	2819.6	-0.0018000	9.4956e-05	0.14264	liquid
255.73	3500.0	66.359	0.015070	4.7758	5.7750	22.252	40.320	76.356	2818.5	-0.0017969	9.4893e-05	0.14258	liquid
255.80	3500.0	66.346	0.015073	4.7807	5.7800	22.272	40.319	76.363	2817.4	-0.0017937	9.4831e-05	0.14251	liquid
255.87	3500.0	66.333	0.015075	4.7856	5.7851	22.292	40.318	76.370	2816.3	-0.0017906	9.4768e-05	0.14245	liquid
255.93	3500.0	66.321	0.015078	4.7905	5.7902	22.312	40.317	76.376	2815.2	-0.0017874	9.4706e-05	0.14239	liquid
256.00	3500.0	66.308	0.015081	4.7954	5.7953	22.332	40.316	76.383	2814.1	-0.0017842	9.4644e-05	0.14232	liquid
256.07	3500.0	66.295	0.015084	4.8003	5.8004	22.352	40.315	76.389	2813.0	-0.0017811	9.4582e-05	0.14226	liquid
256.13	3500.0	66.283	0.015087	4.8052	5.8055	22.372	40.314	76.396	2811.9	-0.0017779	9.4519e-05	0.14220	liquid
256.20	3500.0	66.270	0.015090	4.8101	5.8106	22.392	40.313	76.402	2810.9	-0.0017747	9.4457e-05	0.14214	liquid
256.27	3500.0	66.257	0.015093	4.8150	5.8157	22.412	40.312	76.409	2809.8	-0.0017715	9.4395e-05	0.14207	liquid
256.33	3500.0	66.244	0.015096	4.8199	5.8208	22.431	40.311	76.416	2808.7	-0.0017683	9.4333e-05	0.14201	liquid
256.40	3500.0	66.232	0.015099	4.8248	5.8259	22.451	40.310	76.422	2807.6	-0.0017652	9.4271e-05	0.14195	liquid
256.47	3500.0	66.219	0.015101	4.8297	5.8310	22.471	40.309	76.429	2806.5	-0.0017620	9.4210e-05	0.14188	liquid
256.53	3500.0	66.206	0.015104	4.8346	5.8361	22.491	40.308	76.435	2805.4	-0.0017588	9.4148e-05	0.14182	liquid
256.60	3500.0	66.194	0.015107	4.8395	5.8412	22.511	40.307	76.442	2804.3	-0.0017556	9.4086e-05	0.14176	liquid
256.67	3500.0	66.181	0.015110	4.8444	5.8463	22.531	40.306	76.449	2803.2	-0.0017524	9.4024e-05	0.14170	liquid
256.73	3500.0	66.168	0.015113	4.8493	5.8514	22.551	40.305	76.455	2802.2	-0.0017492	9.3963e-05	0.14163	liquid
256.80	3500.0	66.155	0.015116	4.8542	5.8565	22.570	40.304	76.462	2801.1	-0.0017459	9.3901e-05	0.14157	liquid
256.87	3500.0	66.143	0.015119	4.8591	5.8616	22.590	40.303	76.469	2800.0	-0.0017427	9.3840e-05	0.14151	liquid
256.93	3500.0	66.130	0.015122	4.8640	5.8666	22.610	40.302	76.475	2798.9	-0.0017395	9.3778e-05	0.14144	liquid
257.00	3500.0	66.117	0.015125	4.8689	5.8717	22.630	40.301	76.482	2797.8	-0.0017363	9.3717e-05	0.14138	liquid
257.07	3500.0	66.104	0.015128	4.8738	5.8768	22.650	40.300	76.489	2796.7	-0.0017331	9.3656e-05	0.14132	liquid
257.13	3500.0	66.092	0.015130	4.8787	5.8819	22.670	40.299	76.495	2795.6	-0.0017298	9.3594e-05	0.14126	liquid
257.20	3500.0	66.079	0.015133	4.8836	5.8870	22.689	40.298	76.502	2794.6	-0.0017266	9.3533e-05	0.14119	liquid
257.27	3500.0	66.066	0.015136	4.8885	5.8921	22.709	40.297	76.509	2793.5	-0.0017234	9.3472e-05	0.14113	liquid
257.33	3500.0	66.053	0.015139	4.8934	5.8972	22.729	40.296	76.515	2792.4	-0.0017201	9.3411e-05	0.14107	liquid
257.40	3500.0	66.041	0.015142	4.8983	5.9023	22.749	40.295	76.522	2791.3	-0.0017169	9.3350e-05	0.14101	liquid
257.47	3500.0	66.028	0.015145	4.9033	5.9075	22.769	40.294	76.529	2790.2	-0.0017136	9.3289e-05	0.14094	liquid
257.53	3500.0	66.015	0.015148	4.9082	5.9126	22.789	40.293	76.536	2789.1	-0.0017104	9.3228e-05	0.14088	liquid
257.60	3500.0	66.002	0.015151	4.9131	5.9177	22.808	40.292	76.542	2788.0	-0.0017071	9.3167e-05	0.14082	liquid
257.67	3500.0	65.990	0.015154	4.9180	5.9228	22.828	40.291	76.549	2787.0	-0.0017038	9.3106e-05	0.14075	liquid
257.73	3500.0	65.977	0.015157	4.9229	5.9279	22.848	40.290	76.556	2785.9	-0.0017006	9.3045e-05	0.14069	liquid
257.80	3500.0	65.964	0.015160	4.9278	5.9330	22.868	40.289	76.563	2784.8	-0.0016973	9.2985e-05	0.14063	liquid
257.87	3500.0	65.951	0.015163	4.9327	5.9381	22.888	40.288	76.569	2783.7	-0.0016940	9.2924e-05	0.14057	liquid
257.93	3500.0	65.939	0.015166	4.9376	5.9432	22.907	40.287	76.576	2782.6	-0.0016907	9.2863e-05	0.14050	liquid
258.00	3500.0	65.926	0.015169	4.9425	5.9483	22.927	40.286	76.583	2781.5	-0.0016875	9.2803e-05	0.14044	liquid
258.07	3500.0	65.913	0.015172	4.9474	5.9534	22.947	40.285	76.590	2780.4	-0.0016842	9.2742e-05	0.14038	liquid
258.13	3500.0	65.900	0.015174	4.9524	5.9585	22.967	40.284	76.597	2779.4	-0.0016809	9.2682e-05	0.14032	liquid
258.20	3500.0	65.887	0.015177	4.9573	5.9636	22.987	40.283	76.603	2778.3	-0.0016776	9.2621e-05	0.14025	liquid
258.27	3500.0	65.875	0.015180	4.9622	5.9687	23.006	40.282	76.610	2777.2	-0.0016743	9.2561e-05	0.14019	liquid
258.33	3500.0	65.862	0.015183	4.9671	5.9738	23.026	40.281	76.617	2776.1	-0.0016710	9.2501e-05	0.14013	liquid
258.40	3500.0	65.849	0.015186	4.9720	5.9789	23.046	40.280	76.624	2775.0	-0.0016677	9.2441e-05	0.14007	liquid
258.47	3500.0	65.836	0.015189	4.9769	5.9840	23.066	40.279	76.631	2773.9	-0.0016644	9.2380e-05	0.14000	liquid
258.53	3500.0	65.824	0.015192	4.9818	5.9891	23.085	40.278	76.638	2772.9	-0.0016611	9.2320e-05	0.13994	liquid
258.60	3500.0	65.811	0.015195	4.9867	5.9942	23.105	40.277	76.644	2771.8	-0.0016577	9.2260e-05	0.13988	liquid
258.67	3500.0	65.798	0.015198	4.9917	5.9994	23.125	40.276	76.651	2770.7	-0.0016544	9.2200e-05	0.13982	liquid
258.73	3500.0	65.785	0.015201	4.9966	6.0045	23.145	40.275	76.658	2769.6	-0.0016511	9.2140e-05	0.13976	liquid
258.80	3500.0	65.772	0.015204	5.0015	6.0096	23.164	40.274	76.665	2768.5	-0.0016478	9.2081e-05	0.13969	liquid
258.87	3500.0	65.759	0.015207	5.0064	6.0147	23.184	40.273	76.672	2767.4	-0.0016444	9.2021e-05	0.13963	liquid
258.93	3500.0	65.747	0.015210	5.0113	6.0198	23.204	40.272	76.679	2766.3	-0.0016411	9.1961e-05	0.13957	liquid
259.00	3500.0	65.734	0.015213	5.0162	6.0249	23.224	40.271	76.686	2765.3	-0.0016378	9.1901e-05	0.13951	liquid
259.07	3500.0	65.721	0.015216	5.0211	6.0300	23.243	40.270	76.693	2764.2	-0.0016344	9.1842e-05	0.13944	liquid
259.13	3500.0	65.708	0.015219	5.0261	6.0351	23.263	40.269	76.700	2763.1	-0.0016311	9.1782e-05	0.13938	liquid
259.20	3500.0	65.695	0.015222	5.0310	6.0403	23.283	40.268	76.707	2762.0	-0.0016277	9.1722e-05	0.13932	liquid
259.27	3500.0	65.683	0.015225	5.0359	6.0454	23.303	40.267	76.713	2760.9	-0.0016243	9.1663e-05	0.13926	liquid
259.33	3500.0	65.670	0.015228	5.0408	6.0505	23.322	40.266	76.720	2759.9	-0.0016210	9.1603e-05	0.13919	liquid
259.40	3500.0	65.657	0.015231	5.0457	6.0556	23.342	40.265	76.727	2758.8	-0.0016176	9.1544e-05	0.13913	liquid
259.47	3500.0	65.644	0.015234	5.0506	6.0607	23.362	40.264	76.734	2757.7	-0.0016142	9.1485e-05	0.13907	liquid
259.53	3500.0	65.631	0.015237	5.0556	6.0658	23.381	40.263	76.741	2756.6	-0.0016109	9.1425e-05	0.13901	liquid
259.60	3500.0	65.618	0.015240	5.0605	6.0709	23.401	40.262	76.748	2755.5	-0.0016075	9.1366e-05	0.13895	liquid
259.67	3500.0	65.605	0.015243	5.0654	6.0761	23.421	40.261	76.755	2754.4	-0.0016041	9.1307e-05	0.13888	liquid
259.73	3500.0	65.593	0.015246	5.0703	6.0812	23.441	40.260	76.762	2753.4	-0.0016007	9.1248e-05	0.13882	liquid
259.80	3500.0	65.580	0.015249	5.0752	6.0863	23.460	40.259	76.769	2752.3	-0.0015973	9.1189e-05	0.13876	liquid
259.87	3500.0	65.567	0.015252	5.0802	6.0914	23.480	40.258	76.776	2751.2	-0.0015939	9.1130e-05	0.13870	liquid
259.93	3500.0	65.554	0.015255	5.0851	6.0965	23.500	40.257	76.783	2750.1	-0.0015905	9.1071e-05	0.13863	liquid
260.00	3500.0	65.541	0.015258	5.0900	6.1017	23.519	40.257	76.790	2749.0	-0.0015871	9.1012e-05	0.13857	liquid
260.07	3500.0	65.528	0.015261	5.0949	6.1068	23.539	40.256	76.797	2748.0	-0.0015837	9.0953e-05	0.13851	liquid
260.13	3500.0	65.515	0.015264	5.0998	6.1119	23.559	40.255	76.804	2746.9	-0.0015803	9.0894e-05	0.13845	liquid
260.20	3500.0	65.503	0.015267	5.1048	6.1170	23.578	40.254	76.811	2745.8	-0.0015769	9.0835e-05	0.13839	liquid
260.27	3500.0	65.490	0.015270	5.1097	6.1221	23.598	40.253	76.819	2744.7	-0.0015735	9.0777e-05	0.13832	liquid
260.33	3500.0	65.477	0.015273	5.1146	6.1273	23.618	40.252	76.826	2743.6	-0.0015701	9.0718e-05	0.13826	liquid
260.40	3500.0	65.464	0.015276	5.1195	6.1324	23.637	40.251	76.833	2742.5	-0.0015666	9.0660e-05	0.13820	liquid
260.47	3500.0	65.451	0.015279	5.1245	6.1375	23.657	40.250	76.840	2741.5	-0.0015632	9.0601e-05	0.13814	liquid
260.53	3500.0	65.438	0.015282	5.1294	6.1426	23.677	40.249	76.847	2740.4	-0.0015598	9.0542e-05	0.13808	liquid
260.60	3500.0	65.425	0.015285	5.1343	6.1477	23.696	40.248	76.854	2739.3	-0.0015563	9.0484e-05	0.13801	liquid
260.67	3500.0	65.412	0.015288	5.1392	6.1529	23.716	40.247	76.861	2738.2	-0.0015529	9.0426e-05	0.13795	liquid
260.73	3500.0	65.399	0.015291	5.1441	6.1580	23.736	40.246	76.868	2737.1	-0.0015494	9.0367e-05	0.13789	liquid
260.80	3500.0	65.386	0.015294	5.1491	6.1631	23.755	40.245	76.875	2736.1	-0.0015460	9.0309e-05	0.13783	liquid
260.87	3500.0	65.374	0.015297	5.1540	6.1682	23.775	40.244	76.882	2735.0	-0.0015425	9.0251e-05	0.13777	liquid
260.93	3500.0	65.361	0.015300	5.1589	6.1734	23.795	40.243	76.890	2733.9	-0.0015391	9.0193e-05	0.13770	liquid
261.00	3500.0	65.348	0.015303	5.1638	6.1785	23.814	40.242	76.897	2732.8	-0.0015356	9.0134e-05	0.13764	liquid
261.07	3500.0	65.335	0.015306	5.1688	6.1836	23.834	40.241	76.904	2731.7	-0.0015321	9.0076e-05	0.13758	liquid
261.13	3500.0	65.322	0.015309	5.1737	6.1887	23.854	40.241	76.911	2730.7	-0.0015287	9.0018e-05	0.13752	liquid
261.20	3500.0	65.309	0.015312	5.1786	6.1939	23.873	40.240	76.918	2729.6	-0.0015252	8.9960e-05	0.13746	liquid
261.27	3500.0	65.296	0.015315	5.1836	6.1990	23.893	40.239	76.925	2728.5	-0.0015217	8.9903e-05	0.13739	liquid
261.33	3500.0	65.283	0.015318	5.1885	6.2041	23.912	40.238	76.932	2727.4	-0.0015182	8.9845e-05	0.13733	liquid
261.40	3500.0	65.270	0.015321	5.1934	6.2093	23.932	40.237	76.940	2726.4	-0.0015147	8.9787e-05	0.13727	liquid
261.47	3500.0	65.257	0.015324	5.1983	6.2144	23.952	40.236	76.947	2725.3	-0.0015112	8.9729e-05	0.13721	liquid
261.53	3500.0	65.244	0.015327	5.2033	6.2195	23.971	40.235	76.954	2724.2	-0.0015077	8.9671e-05	0.13715	liquid
261.60	3500.0	65.231	0.015330	5.2082	6.2247	23.991	40.234	76.961	2723.1	-0.0015042	8.9614e-05	0.13709	liquid
261.67	3500.0	65.218	0.015333	5.2131	6.2298	24.011	40.233	76.969	2722.0	-0.0015007	8.9556e-05	0.13702	liquid
261.73	3500.0	65.206	0.015336	5.2181	6.2349	24.030	40.232	76.976	2721.0	-0.0014972	8.9498e-05	0.13696	liquid
261.80	3500.0	65.193	0.015339	5.2230	6.2400	24.050	40.231	76.983	2719.9	-0.0014937	8.9441e-05	0.13690	liquid
261.87	3500.0	65.180	0.015342	5.2279	6.2452	24.069	40.230	76.990	2718.8	-0.0014902	8.9384e-05	0.13684	liquid
261.93	3500.0	65.167	0.015345	5.2328	6.2503	24.089	40.230	76.997	2717.7	-0.0014867	8.9326e-05	0.13678	liquid
262.00	3500.0	65.154	0.015348	5.2378	6.2554	24.109	40.229	77.005	2716.6	-0.0014831	8.9269e-05	0.13672	liquid
262.07	3500.0	65.141	0.015351	5.2427	6.2606	24.128	40.228	77.012	2715.6	-0.0014796	8.9211e-05	0.13665	liquid
262.13	3500.0	65.128	0.015354	5.2476	6.2657	24.148	40.227	77.019	2714.5	-0.0014761	8.9154e-05	0.13659	liquid
262.20	3500.0	65.115	0.015357	5.2526	6.2708	24.167	40.226	77.027	2713.4	-0.0014725	8.9097e-05	0.13653	liquid
262.27	3500.0	65.102	0.015361	5.2575	6.2760	24.187	40.225	77.034	2712.3	-0.0014690	8.9040e-05	0.13647	liquid
262.33	3500.0	65.089	0.015364	5.2624	6.2811	24.207	40.224	77.041	2711.3	-0.0014654	8.8983e-05	0.13641	liquid
262.40	3500.0	65.076	0.015367	5.2674	6.2863	24.226	40.223	77.049	2710.2	-0.0014619	8.8926e-05	0.13635	liquid
262.47	3500.0	65.063	0.015370	5.2723	6.2914	24.246	40.222	77.056	2709.1	-0.0014583	8.8869e-05	0.13628	liquid
262.53	3500.0	65.050	0.015373	5.2772	6.2965	24.265	40.221	77.063	2708.0	-0.0014548	8.8812e-05	0.13622	liquid
262.60	3500.0	65.037	0.015376	5.2822	6.3017	24.285	40.221	77.070	2707.0	-0.0014512	8.8755e-05	0.13616	liquid
262.67	3500.0	65.024	0.015379	5.2871	6.3068	24.304	40.220	77.078	2705.9	-0.0014476	8.8698e-05	0.13610	liquid
262.73	3500.0	65.011	0.015382	5.2920	6.3119	24.324	40.219	77.085	2704.8	-0.0014440	8.8641e-05	0.13604	liquid
262.80	3500.0	64.998	0.015385	5.2970	6.3171	24.343	40.218	77.093	2703.7	-0.0014405	8.8584e-05	0.13598	liquid
262.87	3500.0	64.985	0.015388	5.3019	6.3222	24.363	40.217	77.100	2702.6	-0.0014369	8.8528e-05	0.13591	liquid
262.93	3500.0	64.972	0.015391	5.3068	6.3274	24.383	40.216	77.107	2701.6	-0.0014333	8.8471e-05	0.13585	liquid
263.00	3500.0	64.959	0.015394	5.3118	6.3325	24.402	40.215	77.115	2700.5	-0.0014297	8.8414e-05	0.13579	liquid
263.07	3500.0	64.946	0.015397	5.3167	6.3376	24.422	40.214	77.122	2699.4	-0.0014261	8.8358e-05	0.13573	liquid
263.13	3500.0	64.933	0.015401	5.3217	6.3428	24.441	40.213	77.129	2698.3	-0.0014225	8.8301e-05	0.13567	liquid
263.20	3500.0	64.920	0.015404	5.3266	6.3479	24.461	40.213	77.137	2697.3	-0.0014189	8.8245e-05	0.13561	liquid
263.27	3500.0	64.907	0.015407	5.3315	6.3531	24.480	40.212	77.144	2696.2	-0.0014153	8.8188e-05	0.13555	liquid
263.33	3500.0	64.894	0.015410	5.3365	6.3582	24.500	40.211	77.152	2695.1	-0.0014117	8.8132e-05	0.13548	liquid
263.40	3500.0	64.881	0.015413	5.3414	6.3634	24.519	40.210	77.159	2694.0	-0.0014080	8.8076e-05	0.13542	liquid
263.47	3500.0	64.868	0.015416	5.3464	6.3685	24.539	40.209	77.167	2693.0	-0.0014044	8.8019e-05	0.13536	liquid
263.53	3500.0	64.855	0.015419	5.3513	6.3736	24.558	40.208	77.174	2691.9	-0.0014008	8.7963e-05	0.13530	liquid
263.60	3500.0	64.842	0.015422	5.3562	6.3788	24.578	40.207	77.181	2690.8	-0.0013972	8.7907e-05	0.13524	liquid
263.67	3500.0	64.829	0.015425	5.3612	6.3839	24.597	40.206	77.189	2689.7	-0.0013935	8.7851e-05	0.13518	liquid
263.73	3500.0	64.816	0.015428	5.3661	6.3891	24.617	40.206	77.196	2688.7	-0.0013899	8.7795e-05	0.13512	liquid
263.80	3500.0	64.803	0.015431	5.3711	6.3942	24.636	40.205	77.204	2687.6	-0.0013862	8.7739e-05	0.13505	liquid
263.87	3500.0	64.790	0.015435	5.3760	6.3994	24.656	40.204	77.211	2686.5	-0.0013826	8.7683e-05	0.13499	liquid
263.93	3500.0	64.777	0.015438	5.3809	6.4045	24.676	40.203	77.219	2685.4	-0.0013789	8.7627e-05	0.13493	liquid
264.00	3500.0	64.763	0.015441	5.3859	6.4097	24.695	40.202	77.226	2684.4	-0.0013753	8.7571e-05	0.13487	liquid
264.07	3500.0	64.750	0.015444	5.3908	6.4148	24.715	40.201	77.234	2683.3	-0.0013716	8.7515e-05	0.13481	liquid
264.13	3500.0	64.737	0.015447	5.3958	6.4200	24.734	40.200	77.241	2682.2	-0.0013680	8.7459e-05	0.13475	liquid
264.20	3500.0	64.724	0.015450	5.4007	6.4251	24.754	40.199	77.249	2681.1	-0.0013643	8.7404e-05	0.13469	liquid
264.27	3500.0	64.711	0.015453	5.4056	6.4303	24.773	40.199	77.257	2680.1	-0.0013606	8.7348e-05	0.13463	liquid
264.33	3500.0	64.698	0.015456	5.4106	6.4354	24.792	40.198	77.264	2679.0	-0.0013569	8.7292e-05	0.13456	liquid
264.40	3500.0	64.685	0.015460	5.4155	6.4406	24.812	40.197	77.272	2677.9	-0.0013532	8.7237e-05	0.13450	liquid
264.47	3500.0	64.672	0.015463	5.4205	6.4457	24.831	40.196	77.279	2676.8	-0.0013496	8.7181e-05	0.13444	liquid
264.53	3500.0	64.659	0.015466	5.4254	6.4509	24.851	40.195	77.287	2675.8	-0.0013459	8.7126e-05	0.13438	liquid
264.60	3500.0	64.646	0.015469	5.4304	6.4560	24.870	40.194	77.294	2674.7	-0.0013422	8.7070e-05	0.13432	liquid
264.67	3500.0	64.633	0.015472	5.4353	6.4612	24.890	40.194	77.302	2673.6	-0.0013385	8.7015e-05	0.13426	liquid
264.73	3500.0	64.620	0.015475	5.4403	6.4663	24.909	40.193	77.310	2672.6	-0.0013347	8.6960e-05	0.13420	liquid
264.80	3500.0	64.607	0.015478	5.4452	6.4715	24.929	40.192	77.317	2671.5	-0.0013310	8.6904e-05	0.13414	liquid
264.87	3500.0	64.593	0.015481	5.4502	6.4766	24.948	40.191	77.325	2670.4	-0.0013273	8.6849e-05	0.13408	liquid
264.93	3500.0	64.580	0.015485	5.4551	6.4818	24.968	40.190	77.332	2669.3	-0.0013236	8.6794e-05	0.13401	liquid
265.00	3500.0	64.567	0.015488	5.4600	6.4870	24.987	40.189	77.340	2668.3	-0.0013199	8.6739e-05	0.13395	liquid
265.07	3500.0	64.554	0.015491	5.4650	6.4921	25.007	40.188	77.348	2667.2	-0.0013161	8.6684e-05	0.13389	liquid
265.13	3500.0	64.541	0.015494	5.4699	6.4973	25.026	40.188	77.355	2666.1	-0.0013124	8.6628e-05	0.13383	liquid
265.20	3500.0	64.528	0.015497	5.4749	6.5024	25.046	40.187	77.363	2665.0	-0.0013087	8.6573e-05	0.13377	liquid
265.27	3500.0	64.515	0.015500	5.4798	6.5076	25.065	40.186	77.371	2664.0	-0.0013049	8.6518e-05	0.13371	liquid
265.33	3500.0	64.502	0.015503	5.4848	6.5127	25.084	40.185	77.378	2662.9	-0.0013012	8.6464e-05	0.13365	liquid
265.40	3500.0	64.489	0.015507	5.4897	6.5179	25.104	40.184	77.386	2661.8	-0.0012974	8.6409e-05	0.13359	liquid
265.47	3500.0	64.475	0.015510	5.4947	6.5231	25.123	40.183	77.394	2660.8	-0.0012937	8.6354e-05	0.13353	liquid
265.53	3500.0	64.462	0.015513	5.4996	6.5282	25.143	40.183	77.401	2659.7	-0.0012899	8.6299e-05	0.13346	liquid
265.60	3500.0	64.449	0.015516	5.5046	6.5334	25.162	40.182	77.409	2658.6	-0.0012861	8.6244e-05	0.13340	liquid
265.67	3500.0	64.436	0.015519	5.5095	6.5385	25.182	40.181	77.417	2657.5	-0.0012824	8.6190e-05	0.13334	liquid
265.73	3500.0	64.423	0.015522	5.5145	6.5437	25.201	40.180	77.424	2656.5	-0.0012786	8.6135e-05	0.13328	liquid
265.80	3500.0	64.410	0.015526	5.5194	6.5489	25.220	40.179	77.432	2655.4	-0.0012748	8.6080e-05	0.13322	liquid
265.87	3500.0	64.397	0.015529	5.5244	6.5540	25.240	40.178	77.440	2654.3	-0.0012710	8.6026e-05	0.13316	liquid
265.93	3500.0	64.383	0.015532	5.5294	6.5592	25.259	40.178	77.448	2653.3	-0.0012672	8.5971e-05	0.13310	liquid
266.00	3500.0	64.370	0.015535	5.5343	6.5644	25.279	40.177	77.455	2652.2	-0.0012634	8.5917e-05	0.13304	liquid
266.07	3500.0	64.357	0.015538	5.5393	6.5695	25.298	40.176	77.463	2651.1	-0.0012597	8.5862e-05	0.13298	liquid
266.13	3500.0	64.344	0.015541	5.5442	6.5747	25.318	40.175	77.471	2650.0	-0.0012558	8.5808e-05	0.13292	liquid
266.20	3500.0	64.331	0.015545	5.5492	6.5798	25.337	40.174	77.479	2649.0	-0.0012520	8.5754e-05	0.13286	liquid
266.27	3500.0	64.318	0.015548	5.5541	6.5850	25.356	40.174	77.486	2647.9	-0.0012482	8.5699e-05	0.13280	liquid
266.33	3500.0	64.305	0.015551	5.5591	6.5902	25.376	40.173	77.494	2646.8	-0.0012444	8.5645e-05	0.13273	liquid
266.40	3500.0	64.291	0.015554	5.5640	6.5953	25.395	40.172	77.502	2645.8	-0.0012406	8.5591e-05	0.13267	liquid
266.47	3500.0	64.278	0.015557	5.5690	6.6005	25.415	40.171	77.510	2644.7	-0.0012368	8.5537e-05	0.13261	liquid
266.53	3500.0	64.265	0.015561	5.5739	6.6057	25.434	40.170	77.518	2643.6	-0.0012329	8.5483e-05	0.13255	liquid
266.60	3500.0	64.252	0.015564	5.5789	6.6109	25.453	40.169	77.526	2642.6	-0.0012291	8.5429e-05	0.13249	liquid
266.67	3500.0	64.239	0.015567	5.5839	6.6160	25.473	40.169	77.533	2641.5	-0.0012253	8.5375e-05	0.13243	liquid
266.73	3500.0	64.225	0.015570	5.5888	6.6212	25.492	40.168	77.541	2640.4	-0.0012214	8.5321e-05	0.13237	liquid
266.80	3500.0	64.212	0.015573	5.5938	6.6264	25.511	40.167	77.549	2639.3	-0.0012176	8.5267e-05	0.13231	liquid
266.87	3500.0	64.199	0.015577	5.5987	6.6315	25.531	40.166	77.557	2638.3	-0.0012137	8.5213e-05	0.13225	liquid
266.93	3500.0	64.186	0.015580	5.6037	6.6367	25.550	40.165	77.565	2637.2	-0.0012098	8.5159e-05	0.13219	liquid
267.00	3500.0	64.173	0.015583	5.6086	6.6419	25.570	40.165	77.573	2636.1	-0.0012060	8.5105e-05	0.13213	liquid
267.07	3500.0	64.159	0.015586	5.6136	6.6470	25.589	40.164	77.581	2635.1	-0.0012021	8.5051e-05	0.13207	liquid
267.13	3500.0	64.146	0.015589	5.6186	6.6522	25.608	40.163	77.588	2634.0	-0.0011982	8.4998e-05	0.13201	liquid
267.20	3500.0	64.133	0.015593	5.6235	6.6574	25.628	40.162	77.596	2632.9	-0.0011944	8.4944e-05	0.13195	liquid
267.27	3500.0	64.120	0.015596	5.6285	6.6626	25.647	40.161	77.604	2631.9	-0.0011905	8.4890e-05	0.13189	liquid
267.33	3500.0	64.107	0.015599	5.6334	6.6677	25.666	40.161	77.612	2630.8	-0.0011866	8.4837e-05	0.13182	liquid
267.40	3500.0	64.093	0.015602	5.6384	6.6729	25.686	40.160	77.620	2629.7	-0.0011827	8.4783e-05	0.13176	liquid
267.47	3500.0	64.080	0.015605	5.6434	6.6781	25.705	40.159	77.628	2628.7	-0.0011788	8.4730e-05	0.13170	liquid
267.53	3500.0	64.067	0.015609	5.6483	6.6833	25.724	40.158	77.636	2627.6	-0.0011749	8.4676e-05	0.13164	liquid
267.60	3500.0	64.054	0.015612	5.6533	6.6884	25.744	40.157	77.644	2626.5	-0.0011710	8.4623e-05	0.13158	liquid
267.67	3500.0	64.040	0.015615	5.6583	6.6936	25.763	40.157	77.652	2625.5	-0.0011671	8.4570e-05	0.13152	liquid
267.73	3500.0	64.027	0.015618	5.6632	6.6988	25.782	40.156	77.660	2624.4	-0.0011632	8.4516e-05	0.13146	liquid
267.80	3500.0	64.014	0.015622	5.6682	6.7040	25.802	40.155	77.668	2623.3	-0.0011593	8.4463e-05	0.13140	liquid
267.87	3500.0	64.001	0.015625	5.6731	6.7091	25.821	40.154	77.676	2622.3	-0.0011553	8.4410e-05	0.13134	liquid
267.93	3500.0	63.988	0.015628	5.6781	6.7143	25.840	40.154	77.684	2621.2	-0.0011514	8.4357e-05	0.13128	liquid
268.00	3500.0	63.974	0.015631	5.6831	6.7195	25.860	40.153	77.692	2620.1	-0.0011475	8.4304e-05	0.13122	liquid
268.07	3500.0	63.961	0.015635	5.6880	6.7247	25.879	40.152	77.700	2619.1	-0.0011435	8.4251e-05	0.13116	liquid
268.13	3500.0	63.948	0.015638	5.6930	6.7299	25.898	40.151	77.708	2618.0	-0.0011396	8.4198e-05	0.13110	liquid
268.20	3500.0	63.935	0.015641	5.6980	6.7350	25.918	40.150	77.716	2616.9	-0.0011356	8.4145e-05	0.13104	liquid
268.27	3500.0	63.921	0.015644	5.7029	6.7402	25.937	40.150	77.724	2615.8	-0.0011317	8.4092e-05	0.13098	liquid
268.33	3500.0	63.908	0.015648	5.7079	6.7454	25.956	40.149	77.732	2614.8	-0.0011277	8.4039e-05	0.13092	liquid
268.40	3500.0	63.895	0.015651	5.7129	6.7506	25.976	40.148	77.740	2613.7	-0.0011238	8.3986e-05	0.13086	liquid
268.47	3500.0	63.881	0.015654	5.7178	6.7558	25.995	40.147	77.748	2612.6	-0.0011198	8.3933e-05	0.13080	liquid
268.53	3500.0	63.868	0.015657	5.7228	6.7610	26.014	40.147	77.756	2611.6	-0.0011158	8.3880e-05	0.13074	liquid
268.60	3500.0	63.855	0.015661	5.7278	6.7661	26.034	40.146	77.764	2610.5	-0.0011118	8.3827e-05	0.13068	liquid
268.67	3500.0	63.842	0.015664	5.7327	6.7713	26.053	40.145	77.772	2609.5	-0.0011078	8.3775e-05	0.13062	liquid
268.73	3500.0	63.828	0.015667	5.7377	6.7765	26.072	40.144	77.780	2608.4	-0.0011039	8.3722e-05	0.13056	liquid
268.80	3500.0	63.815	0.015670	5.7427	6.7817	26.092	40.144	77.789	2607.3	-0.0010999	8.3670e-05	0.13050	liquid
268.87	3500.0	63.802	0.015674	5.7476	6.7869	26.111	40.143	77.797	2606.3	-0.0010959	8.3617e-05	0.13044	liquid
268.93	3500.0	63.788	0.015677	5.7526	6.7921	26.130	40.142	77.805	2605.2	-0.0010919	8.3564e-05	0.13038	liquid
269.00	3500.0	63.775	0.015680	5.7576	6.7973	26.149	40.141	77.813	2604.1	-0.0010879	8.3512e-05	0.13032	liquid
269.07	3500.0	63.762	0.015683	5.7626	6.8024	26.169	40.140	77.821	2603.1	-0.0010838	8.3460e-05	0.13026	liquid
269.13	3500.0	63.748	0.015687	5.7675	6.8076	26.188	40.140	77.829	2602.0	-0.0010798	8.3407e-05	0.13020	liquid
269.20	3500.0	63.735	0.015690	5.7725	6.8128	26.207	40.139	77.837	2600.9	-0.0010758	8.3355e-05	0.13013	liquid
269.27	3500.0	63.722	0.015693	5.7775	6.8180	26.226	40.138	77.846	2599.9	-0.0010718	8.3302e-05	0.13007	liquid
269.33	3500.0	63.709	0.015696	5.7824	6.8232	26.246	40.137	77.854	2598.8	-0.0010677	8.3250e-05	0.13001	liquid
269.40	3500.0	63.695	0.015700	5.7874	6.8284	26.265	40.137	77.862	2597.7	-0.0010637	8.3198e-05	0.12995	liquid
269.47	3500.0	63.682	0.015703	5.7924	6.8336	26.284	40.136	77.870	2596.7	-0.0010597	8.3146e-05	0.12989	liquid
269.53	3500.0	63.669	0.015706	5.7974	6.8388	26.304	40.135	77.878	2595.6	-0.0010556	8.3094e-05	0.12983	liquid
269.60	3500.0	63.655	0.015710	5.8023	6.8440	26.323	40.134	77.887	2594.5	-0.0010516	8.3042e-05	0.12977	liquid
269.67	3500.0	63.642	0.015713	5.8073	6.8492	26.342	40.134	77.895	2593.5	-0.0010475	8.2989e-05	0.12971	liquid
269.73	3500.0	63.629	0.015716	5.8123	6.8544	26.361	40.133	77.903	2592.4	-0.0010434	8.2937e-05	0.12965	liquid
269.80	3500.0	63.615	0.015720	5.8173	6.8595	26.381	40.132	77.911	2591.3	-0.0010394	8.2885e-05	0.12959	liquid
269.87	3500.0	63.602	0.015723	5.8222	6.8647	26.400	40.131	77.919	2590.3	-0.0010353	8.2834e-05	0.12953	liquid
269.93	3500.0	63.589	0.015726	5.8272	6.8699	26.419	40.131	77.928	2589.2	-0.0010312	8.2782e-05	0.12947	liquid
270.00	3500.0	63.575	0.015729	5.8322	6.8751	26.438	40.130	77.936	2588.2	-0.0010272	8.2730e-05	0.12941	liquid
270.07	3500.0	63.562	0.015733	5.8372	6.8803	26.458	40.129	77.944	2587.1	-0.0010231	8.2678e-05	0.12935	liquid
270.13	3500.0	63.548	0.015736	5.8421	6.8855	26.477	40.129	77.953	2586.0	-0.0010190	8.2626e-05	0.12929	liquid
270.20	3500.0	63.535	0.015739	5.8471	6.8907	26.496	40.128	77.961	2585.0	-0.0010149	8.2575e-05	0.12923	liquid
270.27	3500.0	63.522	0.015743	5.8521	6.8959	26.515	40.127	77.969	2583.9	-0.0010108	8.2523e-05	0.12917	liquid
270.33	3500.0	63.508	0.015746	5.8571	6.9011	26.535	40.126	77.977	2582.8	-0.0010067	8.2471e-05	0.12911	liquid
270.40	3500.0	63.495	0.015749	5.8621	6.9063	26.554	40.126	77.986	2581.8	-0.0010026	8.2420e-05	0.12905	liquid
270.47	3500.0	63.482	0.015753	5.8670	6.9115	26.573	40.125	77.994	2580.7	-0.00099844	8.2368e-05	0.12899	liquid
270.53	3500.0	63.468	0.015756	5.8720	6.9167	26.592	40.124	78.002	2579.6	-0.00099431	8.2317e-05	0.12894	liquid
270.60	3500.0	63.455	0.015759	5.8770	6.9219	26.611	40.123	78.011	2578.6	-0.00099019	8.2265e-05	0.12888	liquid
270.67	3500.0	63.441	0.015763	5.8820	6.9271	26.631	40.123	78.019	2577.5	-0.00098605	8.2214e-05	0.12882	liquid
270.73	3500.0	63.428	0.015766	5.8870	6.9323	26.650	40.122	78.027	2576.5	-0.00098192	8.2162e-05	0.12876	liquid
270.80	3500.0	63.415	0.015769	5.8919	6.9375	26.669	40.121	78.036	2575.4	-0.00097777	8.2111e-05	0.12870	liquid
270.87	3500.0	63.401	0.015773	5.8969	6.9427	26.688	40.120	78.044	2574.3	-0.00097363	8.2060e-05	0.12864	liquid
270.93	3500.0	63.388	0.015776	5.9019	6.9479	26.707	40.120	78.053	2573.3	-0.00096947	8.2008e-05	0.12858	liquid
271.00	3500.0	63.374	0.015779	5.9069	6.9531	26.727	40.119	78.061	2572.2	-0.00096532	8.1957e-05	0.12852	liquid
271.07	3500.0	63.361	0.015783	5.9119	6.9583	26.746	40.118	78.069	2571.1	-0.00096115	8.1906e-05	0.12846	liquid
271.13	3500.0	63.348	0.015786	5.9169	6.9635	26.765	40.118	78.078	2570.1	-0.00095699	8.1855e-05	0.12840	liquid
271.20	3500.0	63.334	0.015789	5.9218	6.9687	26.784	40.117	78.086	2569.0	-0.00095281	8.1804e-05	0.12834	liquid
271.27	3500.0	63.321	0.015793	5.9268	6.9739	26.803	40.116	78.095	2568.0	-0.00094863	8.1753e-05	0.12828	liquid
271.33	3500.0	63.307	0.015796	5.9318	6.9792	26.823	40.115	78.103	2566.9	-0.00094445	8.1702e-05	0.12822	liquid
271.40	3500.0	63.294	0.015799	5.9368	6.9844	26.842	40.115	78.112	2565.8	-0.00094026	8.1651e-05	0.12816	liquid
271.47	3500.0	63.281	0.015803	5.9418	6.9896	26.861	40.114	78.120	2564.8	-0.00093607	8.1600e-05	0.12810	liquid
271.53	3500.0	63.267	0.015806	5.9468	6.9948	26.880	40.113	78.128	2563.7	-0.00093187	8.1549e-05	0.12804	liquid
271.60	3500.0	63.254	0.015809	5.9517	7.0000	26.899	40.113	78.137	2562.7	-0.00092767	8.1498e-05	0.12798	liquid
271.67	3500.0	63.240	0.015813	5.9567	7.0052	26.919	40.112	78.145	2561.6	-0.00092346	8.1447e-05	0.12792	liquid
271.73	3500.0	63.227	0.015816	5.9617	7.0104	26.938	40.111	78.154	2560.5	-0.00091924	8.1396e-05	0.12786	liquid
271.80	3500.0	63.213	0.015819	5.9667	7.0156	26.957	40.111	78.162	2559.5	-0.00091502	8.1346e-05	0.12780	liquid
271.87	3500.0	63.200	0.015823	5.9717	7.0208	26.976	40.110	78.171	2558.4	-0.00091080	8.1295e-05	0.12774	liquid
271.93	3500.0	63.186	0.015826	5.9767	7.0260	26.995	40.109	78.179	2557.3	-0.00090657	8.1244e-05	0.12768	liquid
272.00	3500.0	63.173	0.015830	5.9817	7.0313	27.014	40.108	78.188	2556.3	-0.00090233	8.1194e-05	0.12762	liquid
272.07	3500.0	63.160	0.015833	5.9867	7.0365	27.034	40.108	78.196	2555.2	-0.00089809	8.1143e-05	0.12756	liquid
272.13	3500.0	63.146	0.015836	5.9917	7.0417	27.053	40.107	78.205	2554.2	-0.00089385	8.1092e-05	0.12750	liquid
272.20	3500.0	63.133	0.015840	5.9966	7.0469	27.072	40.106	78.214	2553.1	-0.00088960	8.1042e-05	0.12744	liquid
272.27	3500.0	63.119	0.015843	6.0016	7.0521	27.091	40.106	78.222	2552.0	-0.00088534	8.0991e-05	0.12738	liquid
272.33	3500.0	63.106	0.015846	6.0066	7.0573	27.110	40.105	78.231	2551.0	-0.00088108	8.0941e-05	0.12732	liquid
272.40	3500.0	63.092	0.015850	6.0116	7.0625	27.129	40.104	78.239	2549.9	-0.00087681	8.0891e-05	0.12727	liquid
272.47	3500.0	63.079	0.015853	6.0166	7.0678	27.149	40.104	78.248	2548.9	-0.00087254	8.0840e-05	0.12721	liquid
272.53	3500.0	63.065	0.015857	6.0216	7.0730	27.168	40.103	78.256	2547.8	-0.00086826	8.0790e-05	0.12715	liquid
272.60	3500.0	63.052	0.015860	6.0266	7.0782	27.187	40.102	78.265	2546.8	-0.00086398	8.0740e-05	0.12709	liquid
272.67	3500.0	63.038	0.015863	6.0316	7.0834	27.206	40.101	78.274	2545.7	-0.00085969	8.0689e-05	0.12703	liquid
272.73	3500.0	63.025	0.015867	6.0366	7.0886	27.225	40.101	78.282	2544.6	-0.00085540	8.0639e-05	0.12697	liquid
272.80	3500.0	63.011	0.015870	6.0416	7.0938	27.244	40.100	78.291	2543.6	-0.00085110	8.0589e-05	0.12691	liquid
272.87	3500.0	62.998	0.015874	6.0466	7.0991	27.263	40.099	78.300	2542.5	-0.00084680	8.0539e-05	0.12685	liquid
272.93	3500.0	62.984	0.015877	6.0516	7.1043	27.282	40.099	78.308	2541.5	-0.00084249	8.0489e-05	0.12679	liquid
273.00	3500.0	62.971	0.015880	6.0566	7.1095	27.302	40.098	78.317	2540.4	-0.00083818	8.0439e-05	0.12673	liquid
273.07	3500.0	62.957	0.015884	6.0616	7.1147	27.321	40.097	78.326	2539.3	-0.00083386	8.0389e-05	0.12667	liquid
273.13	3500.0	62.944	0.015887	6.0665	7.1199	27.340	40.097	78.334	2538.3	-0.00082953	8.0339e-05	0.12661	liquid
273.20	3500.0	62.930	0.015891	6.0715	7.1252	27.359	40.096	78.343	2537.2	-0.00082520	8.0289e-05	0.12655	liquid
273.27	3500.0	62.917	0.015894	6.0765	7.1304	27.378	40.095	78.352	2536.2	-0.00082087	8.0239e-05	0.12649	liquid
273.33	3500.0	62.903	0.015897	6.0815	7.1356	27.397	40.095	78.360	2535.1	-0.00081653	8.0189e-05	0.12644	liquid
273.40	3500.0	62.890	0.015901	6.0865	7.1408	27.416	40.094	78.369	2534.0	-0.00081218	8.0139e-05	0.12638	liquid
273.47	3500.0	62.876	0.015904	6.0915	7.1461	27.435	40.093	78.378	2533.0	-0.00080783	8.0090e-05	0.12632	liquid
273.53	3500.0	62.862	0.015908	6.0965	7.1513	27.455	40.093	78.386	2531.9	-0.00080347	8.0040e-05	0.12626	liquid
273.60	3500.0	62.849	0.015911	6.1015	7.1565	27.474	40.092	78.395	2530.9	-0.00079911	7.9990e-05	0.12620	liquid
273.67	3500.0	62.835	0.015915	6.1065	7.1617	27.493	40.091	78.404	2529.8	-0.00079474	7.9941e-05	0.12614	liquid
273.73	3500.0	62.822	0.015918	6.1115	7.1670	27.512	40.091	78.413	2528.8	-0.00079037	7.9891e-05	0.12608	liquid
273.80	3500.0	62.808	0.015921	6.1165	7.1722	27.531	40.090	78.421	2527.7	-0.00078599	7.9841e-05	0.12602	liquid
273.87	3500.0	62.795	0.015925	6.1215	7.1774	27.550	40.089	78.430	2526.6	-0.00078161	7.9792e-05	0.12596	liquid
273.93	3500.0	62.781	0.015928	6.1265	7.1827	27.569	40.089	78.439	2525.6	-0.00077722	7.9742e-05	0.12590	liquid
274.00	3500.0	62.768	0.015932	6.1315	7.1879	27.588	40.088	78.448	2524.5	-0.00077282	7.9693e-05	0.12584	liquid
274.07	3500.0	62.754	0.015935	6.1365	7.1931	27.607	40.087	78.457	2523.5	-0.00076842	7.9644e-05	0.12578	liquid
274.13	3500.0	62.740	0.015939	6.1415	7.1983	27.626	40.087	78.465	2522.4	-0.00076402	7.9594e-05	0.12573	liquid
274.20	3500.0	62.727	0.015942	6.1465	7.2036	27.645	40.086	78.474	2521.4	-0.00075960	7.9545e-05	0.12567	liquid
274.27	3500.0	62.713	0.015946	6.1515	7.2088	27.665	40.085	78.483	2520.3	-0.00075519	7.9495e-05	0.12561	liquid
274.33	3500.0	62.700	0.015949	6.1565	7.2140	27.684	40.085	78.492	2519.2	-0.00075077	7.9446e-05	0.12555	liquid
274.40	3500.0	62.686	0.015953	6.1615	7.2193	27.703	40.084	78.501	2518.2	-0.00074634	7.9397e-05	0.12549	liquid
274.47	3500.0	62.672	0.015956	6.1666	7.2245	27.722	40.083	78.510	2517.1	-0.00074191	7.9348e-05	0.12543	liquid
274.53	3500.0	62.659	0.015959	6.1716	7.2297	27.741	40.083	78.518	2516.1	-0.00073747	7.9299e-05	0.12537	liquid
274.60	3500.0	62.645	0.015963	6.1766	7.2350	27.760	40.082	78.527	2515.0	-0.00073302	7.9249e-05	0.12531	liquid
274.67	3500.0	62.632	0.015966	6.1816	7.2402	27.779	40.082	78.536	2514.0	-0.00072857	7.9200e-05	0.12525	liquid
274.73	3500.0	62.618	0.015970	6.1866	7.2454	27.798	40.081	78.545	2512.9	-0.00072412	7.9151e-05	0.12520	liquid
274.80	3500.0	62.604	0.015973	6.1916	7.2507	27.817	40.080	78.554	2511.9	-0.00071966	7.9102e-05	0.12514	liquid
274.87	3500.0	62.591	0.015977	6.1966	7.2559	27.836	40.080	78.563	2510.8	-0.00071519	7.9053e-05	0.12508	liquid
274.93	3500.0	62.577	0.015980	6.2016	7.2612	27.855	40.079	78.572	2509.7	-0.00071072	7.9004e-05	0.12502	liquid
275.00	3500.0	62.564	0.015984	6.2066	7.2664	27.874	40.078	78.581	2508.7	-0.00070624	7.8956e-05	0.12496	liquid
275.07	3500.0	62.550	0.015987	6.2116	7.2716	27.893	40.078	78.590	2507.6	-0.00070176	7.8907e-05	0.12490	liquid
275.13	3500.0	62.536	0.015991	6.2166	7.2769	27.912	40.077	78.599	2506.6	-0.00069727	7.8858e-05	0.12484	liquid
275.20	3500.0	62.523	0.015994	6.2216	7.2821	27.931	40.076	78.608	2505.5	-0.00069278	7.8809e-05	0.12478	liquid
275.27	3500.0	62.509	0.015998	6.2266	7.2874	27.950	40.076	78.617	2504.5	-0.00068828	7.8760e-05	0.12472	liquid
275.33	3500.0	62.495	0.016001	6.2316	7.2926	27.969	40.075	78.626	2503.4	-0.00068377	7.8712e-05	0.12467	liquid
275.40	3500.0	62.482	0.016005	6.2367	7.2978	27.988	40.074	78.634	2502.4	-0.00067926	7.8663e-05	0.12461	liquid
275.47	3500.0	62.468	0.016008	6.2417	7.3031	28.007	40.074	78.643	2501.3	-0.00067475	7.8614e-05	0.12455	liquid
275.53	3500.0	62.455	0.016012	6.2467	7.3083	28.027	40.073	78.652	2500.3	-0.00067022	7.8566e-05	0.12449	liquid
275.60	3500.0	62.441	0.016015	6.2517	7.3136	28.046	40.073	78.662	2499.2	-0.00066570	7.8517e-05	0.12443	liquid
275.67	3500.0	62.427	0.016019	6.2567	7.3188	28.065	40.072	78.671	2498.1	-0.00066116	7.8469e-05	0.12437	liquid
275.73	3500.0	62.414	0.016022	6.2617	7.3241	28.084	40.071	78.680	2497.1	-0.00065663	7.8420e-05	0.12431	liquid
275.80	3500.0	62.400	0.016026	6.2667	7.3293	28.103	40.071	78.689	2496.0	-0.00065208	7.8372e-05	0.12426	liquid
275.87	3500.0	62.386	0.016029	6.2717	7.3346	28.122	40.070	78.698	2495.0	-0.00064753	7.8323e-05	0.12420	liquid
275.93	3500.0	62.373	0.016033	6.2768	7.3398	28.141	40.069	78.707	2493.9	-0.00064297	7.8275e-05	0.12414	liquid
276.00	3500.0	62.359	0.016036	6.2818	7.3450	28.160	40.069	78.716	2492.9	-0.00063841	7.8226e-05	0.12408	liquid
276.07	3500.0	62.345	0.016040	6.2868	7.3503	28.179	40.068	78.725	2491.8	-0.00063385	7.8178e-05	0.12402	liquid
276.13	3500.0	62.332	0.016043	6.2918	7.3555	28.198	40.068	78.734	2490.8	-0.00062927	7.8130e-05	0.12396	liquid
276.20	3500.0	62.318	0.016047	6.2968	7.3608	28.217	40.067	78.743	2489.7	-0.00062470	7.8082e-05	0.12390	liquid
276.27	3500.0	62.304	0.016050	6.3018	7.3660	28.236	40.066	78.752	2488.7	-0.00062011	7.8033e-05	0.12385	liquid
276.33	3500.0	62.290	0.016054	6.3068	7.3713	28.255	40.066	78.761	2487.6	-0.00061552	7.7985e-05	0.12379	liquid
276.40	3500.0	62.277	0.016057	6.3119	7.3765	28.274	40.065	78.770	2486.6	-0.00061093	7.7937e-05	0.12373	liquid
276.47	3500.0	62.263	0.016061	6.3169	7.3818	28.293	40.065	78.779	2485.5	-0.00060632	7.7889e-05	0.12367	liquid
276.53	3500.0	62.249	0.016064	6.3219	7.3870	28.312	40.064	78.789	2484.5	-0.00060172	7.7841e-05	0.12361	liquid
276.60	3500.0	62.236	0.016068	6.3269	7.3923	28.331	40.063	78.798	2483.4	-0.00059711	7.7793e-05	0.12355	liquid
276.67	3500.0	62.222	0.016072	6.3319	7.3976	28.350	40.063	78.807	2482.3	-0.00059249	7.7745e-05	0.12349	liquid
276.73	3500.0	62.208	0.016075	6.3370	7.4028	28.369	40.062	78.816	2481.3	-0.00058786	7.7697e-05	0.12344	liquid
276.80	3500.0	62.194	0.016079	6.3420	7.4081	28.388	40.061	78.825	2480.2	-0.00058323	7.7649e-05	0.12338	liquid
276.87	3500.0	62.181	0.016082	6.3470	7.4133	28.407	40.061	78.834	2479.2	-0.00057860	7.7601e-05	0.12332	liquid
276.93	3500.0	62.167	0.016086	6.3520	7.4186	28.426	40.060	78.844	2478.1	-0.00057396	7.7553e-05	0.12326	liquid
277.00	3500.0	62.153	0.016089	6.3570	7.4238	28.445	40.060	78.853	2477.1	-0.00056931	7.7506e-05	0.12320	liquid
277.07	3500.0	62.140	0.016093	6.3621	7.4291	28.464	40.059	78.862	2476.0	-0.00056465	7.7458e-05	0.12314	liquid
277.13	3500.0	62.126	0.016096	6.3671	7.4343	28.483	40.058	78.871	2475.0	-0.00056000	7.7410e-05	0.12309	liquid
277.20	3500.0	62.112	0.016100	6.3721	7.4396	28.502	40.058	78.881	2473.9	-0.00055533	7.7362e-05	0.12303	liquid
277.27	3500.0	62.098	0.016103	6.3771	7.4449	28.521	40.057	78.890	2472.9	-0.00055066	7.7315e-05	0.12297	liquid
277.33	3500.0	62.085	0.016107	6.3821	7.4501	28.539	40.057	78.899	2471.8	-0.00054598	7.7267e-05	0.12291	liquid
277.40	3500.0	62.071	0.016111	6.3872	7.4554	28.558	40.056	78.908	2470.8	-0.00054130	7.7219e-05	0.12285	liquid
277.47	3500.0	62.057	0.016114	6.3922	7.4606	28.577	40.056	78.918	2469.7	-0.00053661	7.7172e-05	0.12279	liquid
277.53	3500.0	62.043	0.016118	6.3972	7.4659	28.596	40.055	78.927	2468.7	-0.00053192	7.7124e-05	0.12274	liquid
277.60	3500.0	62.030	0.016121	6.4022	7.4712	28.615	40.054	78.936	2467.6	-0.00052722	7.7077e-05	0.12268	liquid
277.67	3500.0	62.016	0.016125	6.4073	7.4764	28.634	40.054	78.945	2466.6	-0.00052251	7.7029e-05	0.12262	liquid
277.73	3500.0	62.002	0.016129	6.4123	7.4817	28.653	40.053	78.955	2465.5	-0.00051780	7.6982e-05	0.12256	liquid
277.80	3500.0	61.988	0.016132	6.4173	7.4870	28.672	40.053	78.964	2464.5	-0.00051309	7.6934e-05	0.12250	liquid
277.87	3500.0	61.974	0.016136	6.4223	7.4922	28.691	40.052	78.973	2463.4	-0.00050836	7.6887e-05	0.12245	liquid
277.93	3500.0	61.961	0.016139	6.4274	7.4975	28.710	40.051	78.983	2462.4	-0.00050363	7.6840e-05	0.12239	liquid
278.00	3500.0	61.947	0.016143	6.4324	7.5028	28.729	40.051	78.992	2461.3	-0.00049890	7.6793e-05	0.12233	liquid
278.07	3500.0	61.933	0.016146	6.4374	7.5080	28.748	40.050	79.001	2460.3	-0.00049416	7.6745e-05	0.12227	liquid
278.13	3500.0	61.919	0.016150	6.4425	7.5133	28.767	40.050	79.011	2459.2	-0.00048941	7.6698e-05	0.12221	liquid
278.20	3500.0	61.905	0.016154	6.4475	7.5186	28.786	40.049	79.020	2458.2	-0.00048466	7.6651e-05	0.12216	liquid
278.27	3500.0	61.892	0.016157	6.4525	7.5238	28.805	40.048	79.030	2457.1	-0.00047990	7.6604e-05	0.12210	liquid
278.33	3500.0	61.878	0.016161	6.4575	7.5291	28.824	40.048	79.039	2456.1	-0.00047513	7.6557e-05	0.12204	liquid
278.40	3500.0	61.864	0.016164	6.4626	7.5344	28.843	40.047	79.048	2455.0	-0.00047036	7.6510e-05	0.12198	liquid
278.47	3500.0	61.850	0.016168	6.4676	7.5396	28.862	40.047	79.058	2454.0	-0.00046559	7.6462e-05	0.12192	liquid
278.53	3500.0	61.836	0.016172	6.4726	7.5449	28.880	40.046	79.067	2452.9	-0.00046080	7.6415e-05	0.12187	liquid
278.60	3500.0	61.823	0.016175	6.4777	7.5502	28.899	40.046	79.077	2451.9	-0.00045602	7.6368e-05	0.12181	liquid
278.67	3500.0	61.809	0.016179	6.4827	7.5554	28.918	40.045	79.086	2450.8	-0.00045122	7.6322e-05	0.12175	liquid
278.73	3500.0	61.795	0.016183	6.4877	7.5607	28.937	40.044	79.095	2449.8	-0.00044642	7.6275e-05	0.12169	liquid
278.80	3500.0	61.781	0.016186	6.4928	7.5660	28.956	40.044	79.105	2448.7	-0.00044161	7.6228e-05	0.12163	liquid
278.87	3500.0	61.767	0.016190	6.4978	7.5713	28.975	40.043	79.114	2447.7	-0.00043680	7.6181e-05	0.12158	liquid
278.93	3500.0	61.753	0.016193	6.5028	7.5765	28.994	40.043	79.124	2446.6	-0.00043198	7.6134e-05	0.12152	liquid
279.00	3500.0	61.740	0.016197	6.5079	7.5818	29.013	40.042	79.133	2445.6	-0.00042716	7.6087e-05	0.12146	liquid
279.07	3500.0	61.726	0.016201	6.5129	7.5871	29.032	40.042	79.143	2444.5	-0.00042233	7.6041e-05	0.12140	liquid
279.13	3500.0	61.712	0.016204	6.5179	7.5924	29.051	40.041	79.152	2443.5	-0.00041749	7.5994e-05	0.12134	liquid
279.20	3500.0	61.698	0.016208	6.5230	7.5976	29.070	40.041	79.162	2442.5	-0.00041265	7.5947e-05	0.12129	liquid
279.27	3500.0	61.684	0.016212	6.5280	7.6029	29.089	40.040	79.171	2441.4	-0.00040780	7.5901e-05	0.12123	liquid
279.33	3500.0	61.670	0.016215	6.5331	7.6082	29.107	40.039	79.181	2440.4	-0.00040294	7.5854e-05	0.12117	liquid
279.40	3500.0	61.656	0.016219	6.5381	7.6135	29.126	40.039	79.190	2439.3	-0.00039808	7.5807e-05	0.12111	liquid
279.47	3500.0	61.642	0.016223	6.5431	7.6188	29.145	40.038	79.200	2438.3	-0.00039321	7.5761e-05	0.12106	liquid
279.53	3500.0	61.629	0.016226	6.5482	7.6240	29.164	40.038	79.210	2437.2	-0.00038834	7.5714e-05	0.12100	liquid
279.60	3500.0	61.615	0.016230	6.5532	7.6293	29.183	40.037	79.219	2436.2	-0.00038346	7.5668e-05	0.12094	liquid
279.67	3500.0	61.601	0.016234	6.5582	7.6346	29.202	40.037	79.229	2435.1	-0.00037857	7.5621e-05	0.12088	liquid
279.73	3500.0	61.587	0.016237	6.5633	7.6399	29.221	40.036	79.238	2434.1	-0.00037368	7.5575e-05	0.12082	liquid
279.80	3500.0	61.573	0.016241	6.5683	7.6452	29.240	40.036	79.248	2433.0	-0.00036879	7.5529e-05	0.12077	liquid
279.87	3500.0	61.559	0.016245	6.5734	7.6505	29.259	40.035	79.258	2432.0	-0.00036388	7.5482e-05	0.12071	liquid
279.93	3500.0	61.545	0.016248	6.5784	7.6557	29.277	40.034	79.267	2430.9	-0.00035897	7.5436e-05	0.12065	liquid
280.00	3500.0	61.531	0.016252	6.5834	7.6610	29.296	40.034	79.277	2429.9	-0.00035405	7.5390e-05	0.12059	liquid
280.07	3500.0	61.517	0.016256	6.5885	7.6663	29.315	40.033	79.286	2428.8	-0.00034913	7.5343e-05	0.12054	liquid
280.13	3500.0	61.504	0.016259	6.5935	7.6716	29.334	40.033	79.296	2427.8	-0.00034420	7.5297e-05	0.12048	liquid
280.20	3500.0	61.490	0.016263	6.5986	7.6769	29.353	40.032	79.306	2426.8	-0.00033927	7.5251e-05	0.12042	liquid
280.27	3500.0	61.476	0.016267	6.6036	7.6822	29.372	40.032	79.315	2425.7	-0.00033433	7.5205e-05	0.12036	liquid
280.33	3500.0	61.462	0.016270	6.6087	7.6875	29.391	40.031	79.325	2424.7	-0.00032938	7.5159e-05	0.12031	liquid
280.40	3500.0	61.448	0.016274	6.6137	7.6927	29.409	40.031	79.335	2423.6	-0.00032443	7.5113e-05	0.12025	liquid
280.47	3500.0	61.434	0.016278	6.6187	7.6980	29.428	40.030	79.344	2422.6	-0.00031947	7.5067e-05	0.12019	liquid
280.53	3500.0	61.420	0.016281	6.6238	7.7033	29.447	40.030	79.354	2421.5	-0.00031450	7.5021e-05	0.12013	liquid
280.60	3500.0	61.406	0.016285	6.6288	7.7086	29.466	40.029	79.364	2420.5	-0.00030953	7.4975e-05	0.12008	liquid
280.67	3500.0	61.392	0.016289	6.6339	7.7139	29.485	40.029	79.374	2419.4	-0.00030455	7.4929e-05	0.12002	liquid
280.73	3500.0	61.378	0.016292	6.6389	7.7192	29.504	40.028	79.383	2418.4	-0.00029956	7.4883e-05	0.11996	liquid
280.80	3500.0	61.364	0.016296	6.6440	7.7245	29.523	40.028	79.393	2417.3	-0.00029457	7.4837e-05	0.11990	liquid
280.87	3500.0	61.350	0.016300	6.6490	7.7298	29.541	40.027	79.403	2416.3	-0.00028958	7.4791e-05	0.11985	liquid
280.93	3500.0	61.336	0.016304	6.6541	7.7351	29.560	40.026	79.413	2415.3	-0.00028457	7.4745e-05	0.11979	liquid
281.00	3500.0	61.322	0.016307	6.6591	7.7404	29.579	40.026	79.422	2414.2	-0.00027956	7.4699e-05	0.11973	liquid
281.07	3500.0	61.308	0.016311	6.6642	7.7457	29.598	40.025	79.432	2413.2	-0.00027454	7.4654e-05	0.11967	liquid
281.13	3500.0	61.294	0.016315	6.6692	7.7510	29.617	40.025	79.442	2412.1	-0.00026952	7.4608e-05	0.11962	liquid
281.20	3500.0	61.280	0.016318	6.6743	7.7563	29.636	40.024	79.452	2411.1	-0.00026449	7.4562e-05	0.11956	liquid
281.27	3500.0	61.266	0.016322	6.6793	7.7616	29.655	40.024	79.462	2410.0	-0.00025946	7.4517e-05	0.11950	liquid
281.33	3500.0	61.252	0.016326	6.6844	7.7669	29.673	40.023	79.471	2409.0	-0.00025442	7.4471e-05	0.11945	liquid
281.40	3500.0	61.238	0.016330	6.6894	7.7722	29.692	40.023	79.481	2407.9	-0.00024937	7.4425e-05	0.11939	liquid
281.47	3500.0	61.224	0.016333	6.6945	7.7775	29.711	40.022	79.491	2406.9	-0.00024431	7.4380e-05	0.11933	liquid
281.53	3500.0	61.210	0.016337	6.6995	7.7828	29.730	40.022	79.501	2405.9	-0.00023925	7.4334e-05	0.11927	liquid
281.60	3500.0	61.196	0.016341	6.7046	7.7881	29.749	40.021	79.511	2404.8	-0.00023419	7.4289e-05	0.11922	liquid
281.67	3500.0	61.182	0.016345	6.7096	7.7934	29.767	40.021	79.521	2403.8	-0.00022911	7.4243e-05	0.11916	liquid
281.73	3500.0	61.168	0.016348	6.7147	7.7987	29.786	40.020	79.531	2402.7	-0.00022403	7.4198e-05	0.11910	liquid
281.80	3500.0	61.154	0.016352	6.7197	7.8040	29.805	40.020	79.540	2401.7	-0.00021895	7.4152e-05	0.11905	liquid
281.87	3500.0	61.140	0.016356	6.7248	7.8093	29.824	40.019	79.550	2400.6	-0.00021385	7.4107e-05	0.11899	liquid
281.93	3500.0	61.126	0.016360	6.7298	7.8146	29.843	40.019	79.560	2399.6	-0.00020875	7.4062e-05	0.11893	liquid
282.00	3500.0	61.112	0.016363	6.7349	7.8199	29.862	40.018	79.570	2398.6	-0.00020365	7.4016e-05	0.11887	liquid
282.07	3500.0	61.098	0.016367	6.7400	7.8252	29.880	40.018	79.580	2397.5	-0.00019854	7.3971e-05	0.11882	liquid
282.13	3500.0	61.084	0.016371	6.7450	7.8305	29.899	40.017	79.590	2396.5	-0.00019342	7.3926e-05	0.11876	liquid
282.20	3500.0	61.070	0.016375	6.7501	7.8358	29.918	40.017	79.600	2395.4	-0.00018829	7.3881e-05	0.11870	liquid
282.27	3500.0	61.056	0.016378	6.7551	7.8411	29.937	40.016	79.610	2394.4	-0.00018316	7.3836e-05	0.11865	liquid
282.33	3500.0	61.042	0.016382	6.7602	7.8464	29.956	40.016	79.620	2393.3	-0.00017802	7.3790e-05	0.11859	liquid
282.40	3500.0	61.028	0.016386	6.7652	7.8517	29.974	40.015	79.630	2392.3	-0.00017288	7.3745e-05	0.11853	liquid
282.47	3500.0	61.014	0.016390	6.7703	7.8570	29.993	40.015	79.640	2391.3	-0.00016773	7.3700e-05	0.11847	liquid
282.53	3500.0	61.000	0.016393	6.7754	7.8623	30.012	40.014	79.650	2390.2	-0.00016257	7.3655e-05	0.11842	liquid
282.60	3500.0	60.986	0.016397	6.7804	7.8676	30.031	40.014	79.660	2389.2	-0.00015740	7.3610e-05	0.11836	liquid
282.67	3500.0	60.972	0.016401	6.7855	7.8729	30.050	40.013	79.670	2388.1	-0.00015223	7.3565e-05	0.11830	liquid
282.73	3500.0	60.958	0.016405	6.7905	7.8783	30.068	40.013	79.680	2387.1	-0.00014706	7.3520e-05	0.11825	liquid
282.80	3500.0	60.944	0.016409	6.7956	7.8836	30.087	40.012	79.690	2386.1	-0.00014187	7.3475e-05	0.11819	liquid
282.87	3500.0	60.930	0.016412	6.8007	7.8889	30.106	40.012	79.700	2385.0	-0.00013668	7.3430e-05	0.11813	liquid
282.93	3500.0	60.916	0.016416	6.8057	7.8942	30.125	40.011	79.710	2384.0	-0.00013149	7.3385e-05	0.11808	liquid
283.00	3500.0	60.901	0.016420	6.8108	7.8995	30.144	40.011	79.720	2382.9	-0.00012628	7.3341e-05	0.11802	liquid
283.07	3500.0	60.887	0.016424	6.8159	7.9048	30.162	40.010	79.730	2381.9	-0.00012107	7.3296e-05	0.11796	liquid
283.13	3500.0	60.873	0.016428	6.8209	7.9101	30.181	40.010	79.740	2380.8	-0.00011586	7.3251e-05	0.11791	liquid
283.20	3500.0	60.859	0.016431	6.8260	7.9155	30.200	40.009	79.750	2379.8	-0.00011063	7.3206e-05	0.11785	liquid
283.27	3500.0	60.845	0.016435	6.8310	7.9208	30.219	40.009	79.761	2378.8	-0.00010540	7.3161e-05	0.11779	liquid
283.33	3500.0	60.831	0.016439	6.8361	7.9261	30.237	40.008	79.771	2377.7	-0.00010017	7.3117e-05	0.11774	liquid
283.40	3500.0	60.817	0.016443	6.8412	7.9314	30.256	40.008	79.781	2376.7	-9.4923e-05	7.3072e-05	0.11768	liquid
283.47	3500.0	60.803	0.016447	6.8462	7.9367	30.275	40.007	79.791	2375.6	-8.9673e-05	7.3027e-05	0.11762	liquid
283.53	3500.0	60.789	0.016450	6.8513	7.9421	30.294	40.007	79.801	2374.6	-8.4416e-05	7.2983e-05	0.11757	liquid
283.60	3500.0	60.774	0.016454	6.8564	7.9474	30.312	40.006	79.811	2373.6	-7.9153e-05	7.2938e-05	0.11751	liquid
283.67	3500.0	60.760	0.016458	6.8614	7.9527	30.331	40.006	79.821	2372.5	-7.3883e-05	7.2894e-05	0.11745	liquid
283.73	3500.0	60.746	0.016462	6.8665	7.9580	30.350	40.005	79.832	2371.5	-6.8607e-05	7.2849e-05	0.11740	liquid
283.80	3500.0	60.732	0.016466	6.8716	7.9633	30.369	40.005	79.842	2370.4	-6.3324e-05	7.2805e-05	0.11734	liquid
283.87	3500.0	60.718	0.016470	6.8766	7.9687	30.387	40.005	79.852	2369.4	-5.8034e-05	7.2760e-05	0.11728	liquid
283.93	3500.0	60.704	0.016473	6.8817	7.9740	30.406	40.004	79.862	2368.4	-5.2737e-05	7.2716e-05	0.11723	liquid
284.00	3500.0	60.690	0.016477	6.8868	7.9793	30.425	40.004	79.872	2367.3	-4.7434e-05	7.2672e-05	0.11717	liquid
284.07	3500.0	60.675	0.016481	6.8919	7.9846	30.444	40.003	79.883	2366.3	-4.2124e-05	7.2627e-05	0.11711	liquid
284.13	3500.0	60.661	0.016485	6.8969	7.9900	30.462	40.003	79.893	2365.2	-3.6807e-05	7.2583e-05	0.11706	liquid
284.20	3500.0	60.647	0.016489	6.9020	7.9953	30.481	40.002	79.903	2364.2	-3.1483e-05	7.2539e-05	0.11700	liquid
284.27	3500.0	60.633	0.016493	6.9071	8.0006	30.500	40.002	79.913	2363.2	-2.6153e-05	7.2494e-05	0.11694	liquid
284.33	3500.0	60.619	0.016497	6.9121	8.0059	30.519	40.001	79.924	2362.1	-2.0815e-05	7.2450e-05	0.11689	liquid
284.40	3500.0	60.605	0.016500	6.9172	8.0113	30.537	40.001	79.934	2361.1	-1.5472e-05	7.2406e-05	0.11683	liquid
284.47	3500.0	60.590	0.016504	6.9223	8.0166	30.556	40.000	79.944	2360.1	-1.0121e-05	7.2362e-05	0.11677	liquid
284.53	3500.0	60.576	0.016508	6.9274	8.0219	30.575	40.000	79.955	2359.0	-4.7632e-06	7.2318e-05	0.11672	liquid
284.60	3500.0	60.562	0.016512	6.9324	8.0273	30.594	39.999	79.965	2358.0	6.0118e-07	7.2273e-05	0.11666	liquid
284.67	3500.0	60.548	0.016516	6.9375	8.0326	30.612	39.999	79.975	2356.9	5.9724e-06	7.2229e-05	0.11660	liquid
284.73	3500.0	60.534	0.016520	6.9426	8.0379	30.631	39.999	79.985	2355.9	1.1350e-05	7.2185e-05	0.11655	liquid
284.80	3500.0	60.520	0.016524	6.9477	8.0433	30.650	39.998	79.996	2354.9	1.6735e-05	7.2141e-05	0.11649	liquid
284.87	3500.0	60.505	0.016527	6.9527	8.0486	30.669	39.998	80.006	2353.8	2.2127e-05	7.2097e-05	0.11643	liquid
284.93	3500.0	60.491	0.016531	6.9578	8.0539	30.687	39.997	80.017	2352.8	2.7526e-05	7.2053e-05	0.11638	liquid
285.00	3500.0	60.477	0.016535	6.9629	8.0593	30.706	39.997	80.027	2351.8	3.2931e-05	7.2009e-05	0.11632	liquid
285.07	3500.0	60.463	0.016539	6.9680	8.0646	30.725	39.996	80.037	2350.7	3.8344e-05	7.1965e-05	0.11627	liquid
285.13	3500.0	60.448	0.016543	6.9730	8.0699	30.743	39.996	80.048	2349.7	4.3763e-05	7.1922e-05	0.11621	liquid
285.20	3500.0	60.434	0.016547	6.9781	8.0753	30.762	39.995	80.058	2348.6	4.9189e-05	7.1878e-05	0.11615	liquid
285.27	3500.0	60.420	0.016551	6.9832	8.0806	30.781	39.995	80.068	2347.6	5.4622e-05	7.1834e-05	0.11610	liquid
285.33	3500.0	60.406	0.016555	6.9883	8.0859	30.800	39.994	80.079	2346.6	6.0062e-05	7.1790e-05	0.11604	liquid
285.40	3500.0	60.392	0.016559	6.9934	8.0913	30.818	39.994	80.089	2345.5	6.5509e-05	7.1746e-05	0.11598	liquid
285.47	3500.0	60.377	0.016563	6.9984	8.0966	30.837	39.994	80.100	2344.5	7.0963e-05	7.1703e-05	0.11593	liquid
285.53	3500.0	60.363	0.016566	7.0035	8.1020	30.856	39.993	80.110	2343.5	7.6424e-05	7.1659e-05	0.11587	liquid
285.60	3500.0	60.349	0.016570	7.0086	8.1073	30.874	39.993	80.121	2342.4	8.1892e-05	7.1615e-05	0.11582	liquid
285.67	3500.0	60.335	0.016574	7.0137	8.1126	30.893	39.992	80.131	2341.4	8.7366e-05	7.1572e-05	0.11576	liquid
285.73	3500.0	60.320	0.016578	7.0188	8.1180	30.912	39.992	80.142	2340.4	9.2848e-05	7.1528e-05	0.11570	liquid
285.80	3500.0	60.306	0.016582	7.0239	8.1233	30.930	39.991	80.152	2339.3	9.8337e-05	7.1484e-05	0.11565	liquid
285.87	3500.0	60.292	0.016586	7.0289	8.1287	30.949	39.991	80.163	2338.3	0.00010383	7.1441e-05	0.11559	liquid
285.93	3500.0	60.278	0.016590	7.0340	8.1340	30.968	39.991	80.173	2337.2	0.00010934	7.1397e-05	0.11553	liquid
286.00	3500.0	60.263	0.016594	7.0391	8.1394	30.987	39.990	80.184	2336.2	0.00011485	7.1354e-05	0.11548	liquid
286.07	3500.0	60.249	0.016598	7.0442	8.1447	31.005	39.990	80.194	2335.2	0.00012036	7.1310e-05	0.11542	liquid
286.13	3500.0	60.235	0.016602	7.0493	8.1501	31.024	39.989	80.205	2334.1	0.00012589	7.1267e-05	0.11537	liquid
286.20	3500.0	60.220	0.016606	7.0544	8.1554	31.043	39.989	80.215	2333.1	0.00013142	7.1223e-05	0.11531	liquid
286.27	3500.0	60.206	0.016610	7.0595	8.1608	31.061	39.988	80.226	2332.1	0.00013696	7.1180e-05	0.11525	liquid
286.33	3500.0	60.192	0.016614	7.0645	8.1661	31.080	39.988	80.236	2331.0	0.00014250	7.1137e-05	0.11520	liquid
286.40	3500.0	60.178	0.016618	7.0696	8.1714	31.099	39.988	80.247	2330.0	0.00014805	7.1093e-05	0.11514	liquid
286.47	3500.0	60.163	0.016621	7.0747	8.1768	31.117	39.987	80.258	2329.0	0.00015361	7.1050e-05	0.11509	liquid
286.53	3500.0	60.149	0.016625	7.0798	8.1822	31.136	39.987	80.268	2327.9	0.00015918	7.1007e-05	0.11503	liquid
286.60	3500.0	60.135	0.016629	7.0849	8.1875	31.155	39.986	80.279	2326.9	0.00016475	7.0964e-05	0.11498	liquid
286.67	3500.0	60.120	0.016633	7.0900	8.1929	31.173	39.986	80.289	2325.9	0.00017033	7.0920e-05	0.11492	liquid
286.73	3500.0	60.106	0.016637	7.0951	8.1982	31.192	39.985	80.300	2324.8	0.00017592	7.0877e-05	0.11486	liquid
286.80	3500.0	60.092	0.016641	7.1002	8.2036	31.211	39.985	80.311	2323.8	0.00018152	7.0834e-05	0.11481	liquid
286.87	3500.0	60.077	0.016645	7.1053	8.2089	31.229	39.985	80.321	2322.8	0.00018712	7.0791e-05	0.11475	liquid
286.93	3500.0	60.063	0.016649	7.1103	8.2143	31.248	39.984	80.332	2321.7	0.00019273	7.0748e-05	0.11470	liquid
287.00	3500.0	60.049	0.016653	7.1154	8.2196	31.267	39.984	80.343	2320.7	0.00019834	7.0705e-05	0.11464	liquid
287.07	3500.0	60.034	0.016657	7.1205	8.2250	31.285	39.983	80.353	2319.7	0.00020397	7.0662e-05	0.11458	liquid
287.13	3500.0	60.020	0.016661	7.1256	8.2303	31.304	39.983	80.364	2318.6	0.00020960	7.0619e-05	0.11453	liquid
287.20	3500.0	60.006	0.016665	7.1307	8.2357	31.323	39.983	80.375	2317.6	0.00021524	7.0576e-05	0.11447	liquid
287.27	3500.0	59.991	0.016669	7.1358	8.2411	31.341	39.982	80.386	2316.6	0.00022088	7.0533e-05	0.11442	liquid
287.33	3500.0	59.977	0.016673	7.1409	8.2464	31.360	39.982	80.396	2315.5	0.00022653	7.0490e-05	0.11436	liquid
287.40	3500.0	59.963	0.016677	7.1460	8.2518	31.379	39.981	80.407	2314.5	0.00023219	7.0447e-05	0.11431	liquid
287.47	3500.0	59.948	0.016681	7.1511	8.2571	31.397	39.981	80.418	2313.5	0.00023786	7.0404e-05	0.11425	liquid
287.53	3500.0	59.934	0.016685	7.1562	8.2625	31.416	39.981	80.428	2312.4	0.00024354	7.0361e-05	0.11419	liquid
287.60	3500.0	59.919	0.016689	7.1613	8.2679	31.435	39.980	80.439	2311.4	0.00024922	7.0318e-05	0.11414	liquid
287.67	3500.0	59.905	0.016693	7.1664	8.2732	31.453	39.980	80.450	2310.4	0.00025491	7.0275e-05	0.11408	liquid
287.73	3500.0	59.891	0.016697	7.1715	8.2786	31.472	39.979	80.461	2309.3	0.00026060	7.0233e-05	0.11403	liquid
287.80	3500.0	59.876	0.016701	7.1766	8.2840	31.491	39.979	80.472	2308.3	0.00026631	7.0190e-05	0.11397	liquid
287.87	3500.0	59.862	0.016705	7.1817	8.2893	31.509	39.979	80.482	2307.3	0.00027202	7.0147e-05	0.11392	liquid
287.93	3500.0	59.847	0.016709	7.1868	8.2947	31.528	39.978	80.493	2306.2	0.00027773	7.0104e-05	0.11386	liquid
288.00	3500.0	59.833	0.016713	7.1919	8.3000	31.546	39.978	80.504	2305.2	0.00028346	7.0062e-05	0.11381	liquid
288.07	3500.0	59.819	0.016717	7.1970	8.3054	31.565	39.977	80.515	2304.2	0.00028919	7.0019e-05	0.11375	liquid
288.13	3500.0	59.804	0.016721	7.2021	8.3108	31.584	39.977	80.526	2303.1	0.00029493	6.9977e-05	0.11369	liquid
288.20	3500.0	59.790	0.016725	7.2072	8.3162	31.602	39.977	80.537	2302.1	0.00030068	6.9934e-05	0.11364	liquid
288.27	3500.0	59.775	0.016729	7.2123	8.3215	31.621	39.976	80.548	2301.1	0.00030644	6.9891e-05	0.11358	liquid
288.33	3500.0	59.761	0.016733	7.2174	8.3269	31.640	39.976	80.558	2300.0	0.00031220	6.9849e-05	0.11353	liquid
288.40	3500.0	59.747	0.016737	7.2225	8.3323	31.658	39.975	80.569	2299.0	0.00031797	6.9806e-05	0.11347	liquid
288.47	3500.0	59.732	0.016741	7.2276	8.3376	31.677	39.975	80.580	2298.0	0.00032375	6.9764e-05	0.11342	liquid
288.53	3500.0	59.718	0.016745	7.2327	8.3430	31.695	39.975	80.591	2297.0	0.00032953	6.9722e-05	0.11336	liquid
288.60	3500.0	59.703	0.016750	7.2378	8.3484	31.714	39.974	80.602	2295.9	0.00033532	6.9679e-05	0.11331	liquid
288.67	3500.0	59.689	0.016754	7.2429	8.3538	31.733	39.974	80.613	2294.9	0.00034112	6.9637e-05	0.11325	liquid
288.73	3500.0	59.674	0.016758	7.2480	8.3591	31.751	39.974	80.624	2293.9	0.00034693	6.9594e-05	0.11320	liquid
288.80	3500.0	59.660	0.016762	7.2531	8.3645	31.770	39.973	80.635	2292.8	0.00035274	6.9552e-05	0.11314	liquid
288.87	3500.0	59.645	0.016766	7.2582	8.3699	31.789	39.973	80.646	2291.8	0.00035857	6.9510e-05	0.11308	liquid
288.93	3500.0	59.631	0.016770	7.2633	8.3753	31.807	39.972	80.657	2290.8	0.00036439	6.9467e-05	0.11303	liquid
289.00	3500.0	59.616	0.016774	7.2684	8.3806	31.826	39.972	80.668	2289.7	0.00037023	6.9425e-05	0.11297	liquid
289.07	3500.0	59.602	0.016778	7.2736	8.3860	31.844	39.972	80.679	2288.7	0.00037608	6.9383e-05	0.11292	liquid
289.13	3500.0	59.588	0.016782	7.2787	8.3914	31.863	39.971	80.690	2287.7	0.00038193	6.9341e-05	0.11286	liquid
289.20	3500.0	59.573	0.016786	7.2838	8.3968	31.882	39.971	80.701	2286.7	0.00038779	6.9299e-05	0.11281	liquid
289.27	3500.0	59.559	0.016790	7.2889	8.4022	31.900	39.971	80.712	2285.6	0.00039365	6.9256e-05	0.11275	liquid
289.33	3500.0	59.544	0.016794	7.2940	8.4075	31.919	39.970	80.723	2284.6	0.00039953	6.9214e-05	0.11270	liquid
289.40	3500.0	59.530	0.016798	7.2991	8.4129	31.937	39.970	80.734	2283.6	0.00040541	6.9172e-05	0.11264	liquid
289.47	3500.0	59.515	0.016802	7.3042	8.4183	31.956	39.969	80.745	2282.5	0.00041130	6.9130e-05	0.11259	liquid
289.53	3500.0	59.501	0.016807	7.3093	8.4237	31.975	39.969	80.756	2281.5	0.00041720	6.9088e-05	0.11253	liquid
289.60	3500.0	59.486	0.016811	7.3144	8.4291	31.993	39.969	80.767	2280.5	0.00042310	6.9046e-05	0.11248	liquid
289.67	3500.0	59.472	0.016815	7.3196	8.4345	32.012	39.968	80.778	2279.5	0.00042902	6.9004e-05	0.11242	liquid
289.73	3500.0	59.457	0.016819	7.3247	8.4398	32.030	39.968	80.789	2278.4	0.00043494	6.8962e-05	0.11237	liquid
289.80	3500.0	59.443	0.016823	7.3298	8.4452	32.049	39.968	80.801	2277.4	0.00044086	6.8920e-05	0.11231	liquid
289.87	3500.0	59.428	0.016827	7.3349	8.4506	32.068	39.967	80.812	2276.4	0.00044680	6.8878e-05	0.11226	liquid
289.93	3500.0	59.413	0.016831	7.3400	8.4560	32.086	39.967	80.823	2275.3	0.00045274	6.8837e-05	0.11220	liquid
290.00	3500.0	59.399	0.016835	7.3451	8.4614	32.105	39.967	80.834	2274.3	0.00045869	6.8795e-05	0.11215	liquid
