Temperature (K)	Pressure (psia)	Density (lbm/ft3)	Volume (ft3/lbm)	Internal Energy (kJ/mol)	Enthalpy (kJ/mol)	Entropy (J/mol*K)	Cv (J/mol*K)	Cp (J/mol*K)	Sound Spd. (ft/s)	Joule-Thomson (F/psia)	Viscosity (lbm/ft*s)	Therm. Cond. (W/m*K)	Phase
250.00	2200.0	65.988	0.015154	4.6097	5.2413	21.614	40.235	78.506	2720.5	-0.0014125	9.3792e-05	0.14054	liquid
250.07	2200.0	65.974	0.015158	4.6148	5.2465	21.634	40.234	78.516	2719.3	-0.0014085	9.3725e-05	0.14048	liquid
250.13	2200.0	65.960	0.015161	4.6199	5.2517	21.655	40.233	78.526	2718.1	-0.0014044	9.3658e-05	0.14041	liquid
250.20	2200.0	65.946	0.015164	4.6250	5.2570	21.676	40.232	78.536	2716.9	-0.0014004	9.3591e-05	0.14034	liquid
250.27	2200.0	65.932	0.015167	4.6301	5.2622	21.697	40.231	78.546	2715.7	-0.0013963	9.3524e-05	0.14027	liquid
250.33	2200.0	65.919	0.015170	4.6352	5.2674	21.718	40.230	78.556	2714.4	-0.0013923	9.3457e-05	0.14020	liquid
250.40	2200.0	65.905	0.015173	4.6403	5.2727	21.739	40.229	78.567	2713.2	-0.0013882	9.3390e-05	0.14014	liquid
250.47	2200.0	65.891	0.015177	4.6454	5.2779	21.760	40.228	78.577	2712.0	-0.0013842	9.3323e-05	0.14007	liquid
250.53	2200.0	65.877	0.015180	4.6505	5.2831	21.781	40.227	78.587	2710.8	-0.0013801	9.3256e-05	0.14000	liquid
250.60	2200.0	65.863	0.015183	4.6556	5.2884	21.802	40.226	78.597	2709.6	-0.0013760	9.3190e-05	0.13993	liquid
250.67	2200.0	65.849	0.015186	4.6607	5.2936	21.823	40.225	78.607	2708.4	-0.0013719	9.3123e-05	0.13986	liquid
250.73	2200.0	65.835	0.015189	4.6658	5.2989	21.844	40.223	78.617	2707.2	-0.0013678	9.3056e-05	0.13979	liquid
250.80	2200.0	65.822	0.015193	4.6709	5.3041	21.865	40.222	78.628	2706.0	-0.0013637	9.2990e-05	0.13973	liquid
250.87	2200.0	65.808	0.015196	4.6760	5.3093	21.885	40.221	78.638	2704.8	-0.0013596	9.2923e-05	0.13966	liquid
250.93	2200.0	65.794	0.015199	4.6811	5.3146	21.906	40.220	78.648	2703.5	-0.0013555	9.2857e-05	0.13959	liquid
251.00	2200.0	65.780	0.015202	4.6862	5.3198	21.927	40.219	78.658	2702.3	-0.0013514	9.2790e-05	0.13952	liquid
251.07	2200.0	65.766	0.015205	4.6914	5.3251	21.948	40.218	78.669	2701.1	-0.0013473	9.2724e-05	0.13945	liquid
251.13	2200.0	65.752	0.015209	4.6965	5.3303	21.969	40.217	78.679	2699.9	-0.0013431	9.2658e-05	0.13939	liquid
251.20	2200.0	65.738	0.015212	4.7016	5.3356	21.990	40.216	78.689	2698.7	-0.0013390	9.2592e-05	0.13932	liquid
251.27	2200.0	65.724	0.015215	4.7067	5.3408	22.011	40.215	78.699	2697.5	-0.0013349	9.2526e-05	0.13925	liquid
251.33	2200.0	65.710	0.015218	4.7118	5.3461	22.032	40.214	78.710	2696.3	-0.0013307	9.2460e-05	0.13918	liquid
251.40	2200.0	65.697	0.015222	4.7169	5.3513	22.053	40.213	78.720	2695.1	-0.0013266	9.2394e-05	0.13912	liquid
251.47	2200.0	65.683	0.015225	4.7220	5.3566	22.073	40.212	78.730	2693.8	-0.0013224	9.2328e-05	0.13905	liquid
251.53	2200.0	65.669	0.015228	4.7271	5.3618	22.094	40.211	78.741	2692.6	-0.0013182	9.2262e-05	0.13898	liquid
251.60	2200.0	65.655	0.015231	4.7323	5.3671	22.115	40.210	78.751	2691.4	-0.0013141	9.2196e-05	0.13891	liquid
251.67	2200.0	65.641	0.015234	4.7374	5.3723	22.136	40.208	78.762	2690.2	-0.0013099	9.2130e-05	0.13884	liquid
251.73	2200.0	65.627	0.015238	4.7425	5.3776	22.157	40.207	78.772	2689.0	-0.0013057	9.2064e-05	0.13878	liquid
251.80	2200.0	65.613	0.015241	4.7476	5.3828	22.178	40.206	78.782	2687.8	-0.0013015	9.1999e-05	0.13871	liquid
251.87	2200.0	65.599	0.015244	4.7527	5.3881	22.199	40.205	78.793	2686.6	-0.0012973	9.1933e-05	0.13864	liquid
251.93	2200.0	65.585	0.015247	4.7578	5.3933	22.219	40.204	78.803	2685.4	-0.0012931	9.1868e-05	0.13857	liquid
252.00	2200.0	65.571	0.015251	4.7630	5.3986	22.240	40.203	78.814	2684.2	-0.0012889	9.1802e-05	0.13850	liquid
252.07	2200.0	65.557	0.015254	4.7681	5.4038	22.261	40.202	78.824	2682.9	-0.0012847	9.1737e-05	0.13844	liquid
252.13	2200.0	65.543	0.015257	4.7732	5.4091	22.282	40.201	78.835	2681.7	-0.0012805	9.1672e-05	0.13837	liquid
252.20	2200.0	65.529	0.015260	4.7783	5.4143	22.303	40.200	78.845	2680.5	-0.0012763	9.1606e-05	0.13830	liquid
252.27	2200.0	65.515	0.015264	4.7834	5.4196	22.324	40.199	78.856	2679.3	-0.0012720	9.1541e-05	0.13823	liquid
252.33	2200.0	65.501	0.015267	4.7886	5.4249	22.345	40.198	78.866	2678.1	-0.0012678	9.1476e-05	0.13817	liquid
252.40	2200.0	65.487	0.015270	4.7937	5.4301	22.365	40.197	78.877	2676.9	-0.0012635	9.1411e-05	0.13810	liquid
252.47	2200.0	65.473	0.015273	4.7988	5.4354	22.386	40.196	78.888	2675.7	-0.0012593	9.1346e-05	0.13803	liquid
252.53	2200.0	65.459	0.015277	4.8039	5.4406	22.407	40.195	78.898	2674.5	-0.0012550	9.1281e-05	0.13796	liquid
252.60	2200.0	65.445	0.015280	4.8091	5.4459	22.428	40.194	78.909	2673.2	-0.0012508	9.1216e-05	0.13789	liquid
252.67	2200.0	65.431	0.015283	4.8142	5.4511	22.449	40.193	78.920	2672.0	-0.0012465	9.1151e-05	0.13783	liquid
252.73	2200.0	65.417	0.015286	4.8193	5.4564	22.469	40.192	78.930	2670.8	-0.0012422	9.1086e-05	0.13776	liquid
252.80	2200.0	65.403	0.015290	4.8244	5.4617	22.490	40.191	78.941	2669.6	-0.0012379	9.1022e-05	0.13769	liquid
252.87	2200.0	65.389	0.015293	4.8296	5.4669	22.511	40.190	78.952	2668.4	-0.0012336	9.0957e-05	0.13762	liquid
252.93	2200.0	65.375	0.015296	4.8347	5.4722	22.532	40.189	78.962	2667.2	-0.0012293	9.0892e-05	0.13756	liquid
253.00	2200.0	65.361	0.015300	4.8398	5.4775	22.553	40.188	78.973	2666.0	-0.0012250	9.0828e-05	0.13749	liquid
253.07	2200.0	65.347	0.015303	4.8449	5.4827	22.574	40.187	78.984	2664.8	-0.0012207	9.0763e-05	0.13742	liquid
253.13	2200.0	65.333	0.015306	4.8501	5.4880	22.594	40.186	78.994	2663.6	-0.0012164	9.0699e-05	0.13735	liquid
253.20	2200.0	65.319	0.015309	4.8552	5.4933	22.615	40.185	79.005	2662.3	-0.0012121	9.0634e-05	0.13728	liquid
253.27	2200.0	65.305	0.015313	4.8603	5.4985	22.636	40.184	79.016	2661.1	-0.0012078	9.0570e-05	0.13722	liquid
253.33	2200.0	65.291	0.015316	4.8655	5.5038	22.657	40.183	79.027	2659.9	-0.0012034	9.0506e-05	0.13715	liquid
253.40	2200.0	65.277	0.015319	4.8706	5.5091	22.678	40.182	79.038	2658.7	-0.0011991	9.0441e-05	0.13708	liquid
253.47	2200.0	65.263	0.015323	4.8757	5.5143	22.698	40.181	79.048	2657.5	-0.0011947	9.0377e-05	0.13701	liquid
253.53	2200.0	65.249	0.015326	4.8809	5.5196	22.719	40.180	79.059	2656.3	-0.0011904	9.0313e-05	0.13695	liquid
253.60	2200.0	65.235	0.015329	4.8860	5.5249	22.740	40.179	79.070	2655.1	-0.0011860	9.0249e-05	0.13688	liquid
253.67	2200.0	65.221	0.015333	4.8911	5.5301	22.761	40.178	79.081	2653.9	-0.0011816	9.0185e-05	0.13681	liquid
253.73	2200.0	65.207	0.015336	4.8963	5.5354	22.781	40.177	79.092	2652.6	-0.0011773	9.0121e-05	0.13674	liquid
253.80	2200.0	65.192	0.015339	4.9014	5.5407	22.802	40.176	79.103	2651.4	-0.0011729	9.0057e-05	0.13668	liquid
253.87	2200.0	65.178	0.015343	4.9065	5.5460	22.823	40.175	79.114	2650.2	-0.0011685	8.9994e-05	0.13661	liquid
253.93	2200.0	65.164	0.015346	4.9117	5.5512	22.844	40.174	79.125	2649.0	-0.0011641	8.9930e-05	0.13654	liquid
254.00	2200.0	65.150	0.015349	4.9168	5.5565	22.865	40.173	79.136	2647.8	-0.0011597	8.9866e-05	0.13647	liquid
254.07	2200.0	65.136	0.015352	4.9219	5.5618	22.885	40.172	79.147	2646.6	-0.0011553	8.9802e-05	0.13641	liquid
254.13	2200.0	65.122	0.015356	4.9271	5.5671	22.906	40.171	79.158	2645.4	-0.0011509	8.9739e-05	0.13634	liquid
254.20	2200.0	65.108	0.015359	4.9322	5.5723	22.927	40.170	79.169	2644.2	-0.0011465	8.9675e-05	0.13627	liquid
254.27	2200.0	65.094	0.015362	4.9374	5.5776	22.948	40.169	79.180	2643.0	-0.0011420	8.9612e-05	0.13620	liquid
254.33	2200.0	65.080	0.015366	4.9425	5.5829	22.968	40.168	79.191	2641.7	-0.0011376	8.9548e-05	0.13614	liquid
254.40	2200.0	65.065	0.015369	4.9476	5.5882	22.989	40.167	79.202	2640.5	-0.0011332	8.9485e-05	0.13607	liquid
254.47	2200.0	65.051	0.015372	4.9528	5.5935	23.010	40.166	79.213	2639.3	-0.0011287	8.9422e-05	0.13600	liquid
254.53	2200.0	65.037	0.015376	4.9579	5.5987	23.031	40.165	79.224	2638.1	-0.0011243	8.9358e-05	0.13593	liquid
254.60	2200.0	65.023	0.015379	4.9631	5.6040	23.051	40.164	79.235	2636.9	-0.0011198	8.9295e-05	0.13587	liquid
254.67	2200.0	65.009	0.015383	4.9682	5.6093	23.072	40.163	79.246	2635.7	-0.0011153	8.9232e-05	0.13580	liquid
254.73	2200.0	64.995	0.015386	4.9734	5.6146	23.093	40.162	79.257	2634.5	-0.0011108	8.9169e-05	0.13573	liquid
254.80	2200.0	64.981	0.015389	4.9785	5.6199	23.114	40.161	79.269	2633.3	-0.0011064	8.9106e-05	0.13566	liquid
254.87	2200.0	64.966	0.015393	4.9836	5.6252	23.134	40.160	79.280	2632.1	-0.0011019	8.9043e-05	0.13560	liquid
254.93	2200.0	64.952	0.015396	4.9888	5.6305	23.155	40.159	79.291	2630.8	-0.0010974	8.8980e-05	0.13553	liquid
255.00	2200.0	64.938	0.015399	4.9939	5.6357	23.176	40.158	79.302	2629.6	-0.0010929	8.8917e-05	0.13546	liquid
255.07	2200.0	64.924	0.015403	4.9991	5.6410	23.197	40.157	79.313	2628.4	-0.0010884	8.8854e-05	0.13539	liquid
255.13	2200.0	64.910	0.015406	5.0042	5.6463	23.217	40.156	79.325	2627.2	-0.0010839	8.8792e-05	0.13533	liquid
255.20	2200.0	64.896	0.015409	5.0094	5.6516	23.238	40.155	79.336	2626.0	-0.0010793	8.8729e-05	0.13526	liquid
255.27	2200.0	64.881	0.015413	5.0145	5.6569	23.259	40.154	79.347	2624.8	-0.0010748	8.8666e-05	0.13519	liquid
255.33	2200.0	64.867	0.015416	5.0197	5.6622	23.279	40.153	79.359	2623.6	-0.0010703	8.8604e-05	0.13513	liquid
255.40	2200.0	64.853	0.015419	5.0248	5.6675	23.300	40.152	79.370	2622.4	-0.0010657	8.8541e-05	0.13506	liquid
255.47	2200.0	64.839	0.015423	5.0300	5.6728	23.321	40.151	79.381	2621.1	-0.0010612	8.8479e-05	0.13499	liquid
255.53	2200.0	64.825	0.015426	5.0351	5.6781	23.342	40.150	79.393	2619.9	-0.0010566	8.8416e-05	0.13492	liquid
255.60	2200.0	64.810	0.015430	5.0403	5.6833	23.362	40.149	79.404	2618.7	-0.0010521	8.8354e-05	0.13486	liquid
255.67	2200.0	64.796	0.015433	5.0454	5.6886	23.383	40.148	79.415	2617.5	-0.0010475	8.8292e-05	0.13479	liquid
255.73	2200.0	64.782	0.015436	5.0506	5.6939	23.404	40.148	79.427	2616.3	-0.0010429	8.8229e-05	0.13472	liquid
255.80	2200.0	64.768	0.015440	5.0557	5.6992	23.424	40.147	79.438	2615.1	-0.0010383	8.8167e-05	0.13465	liquid
255.87	2200.0	64.753	0.015443	5.0609	5.7045	23.445	40.146	79.450	2613.9	-0.0010337	8.8105e-05	0.13459	liquid
255.93	2200.0	64.739	0.015447	5.0661	5.7098	23.466	40.145	79.461	2612.7	-0.0010291	8.8043e-05	0.13452	liquid
256.00	2200.0	64.725	0.015450	5.0712	5.7151	23.487	40.144	79.473	2611.5	-0.0010245	8.7981e-05	0.13445	liquid
256.07	2200.0	64.711	0.015453	5.0764	5.7204	23.507	40.143	79.484	2610.2	-0.0010199	8.7919e-05	0.13439	liquid
256.13	2200.0	64.696	0.015457	5.0815	5.7257	23.528	40.142	79.496	2609.0	-0.0010153	8.7857e-05	0.13432	liquid
256.20	2200.0	64.682	0.015460	5.0867	5.7310	23.549	40.141	79.507	2607.8	-0.0010107	8.7795e-05	0.13425	liquid
256.27	2200.0	64.668	0.015464	5.0918	5.7363	23.569	40.140	79.519	2606.6	-0.0010061	8.7733e-05	0.13418	liquid
256.33	2200.0	64.654	0.015467	5.0970	5.7416	23.590	40.139	79.530	2605.4	-0.0010014	8.7671e-05	0.13412	liquid
256.40	2200.0	64.639	0.015470	5.1022	5.7469	23.611	40.138	79.542	2604.2	-0.00099677	8.7610e-05	0.13405	liquid
256.47	2200.0	64.625	0.015474	5.1073	5.7522	23.631	40.137	79.553	2603.0	-0.00099211	8.7548e-05	0.13398	liquid
256.53	2200.0	64.611	0.015477	5.1125	5.7575	23.652	40.136	79.565	2601.8	-0.00098745	8.7486e-05	0.13392	liquid
256.60	2200.0	64.596	0.015481	5.1176	5.7628	23.673	40.135	79.577	2600.5	-0.00098279	8.7425e-05	0.13385	liquid
256.67	2200.0	64.582	0.015484	5.1228	5.7681	23.693	40.134	79.588	2599.3	-0.00097811	8.7363e-05	0.13378	liquid
256.73	2200.0	64.568	0.015488	5.1280	5.7735	23.714	40.134	79.600	2598.1	-0.00097343	8.7302e-05	0.13371	liquid
256.80	2200.0	64.554	0.015491	5.1331	5.7788	23.735	40.133	79.612	2596.9	-0.00096874	8.7240e-05	0.13365	liquid
256.87	2200.0	64.539	0.015494	5.1383	5.7841	23.755	40.132	79.623	2595.7	-0.00096404	8.7179e-05	0.13358	liquid
256.93	2200.0	64.525	0.015498	5.1435	5.7894	23.776	40.131	79.635	2594.5	-0.00095934	8.7118e-05	0.13351	liquid
257.00	2200.0	64.511	0.015501	5.1486	5.7947	23.797	40.130	79.647	2593.3	-0.00095463	8.7056e-05	0.13345	liquid
257.07	2200.0	64.496	0.015505	5.1538	5.8000	23.817	40.129	79.658	2592.1	-0.00094991	8.6995e-05	0.13338	liquid
257.13	2200.0	64.482	0.015508	5.1590	5.8053	23.838	40.128	79.670	2590.9	-0.00094519	8.6934e-05	0.13331	liquid
257.20	2200.0	64.468	0.015512	5.1641	5.8106	23.859	40.127	79.682	2589.6	-0.00094045	8.6873e-05	0.13324	liquid
257.27	2200.0	64.453	0.015515	5.1693	5.8159	23.879	40.126	79.694	2588.4	-0.00093571	8.6812e-05	0.13318	liquid
257.33	2200.0	64.439	0.015519	5.1745	5.8212	23.900	40.125	79.706	2587.2	-0.00093097	8.6751e-05	0.13311	liquid
257.40	2200.0	64.425	0.015522	5.1796	5.8266	23.921	40.124	79.718	2586.0	-0.00092621	8.6690e-05	0.13304	liquid
257.47	2200.0	64.410	0.015525	5.1848	5.8319	23.941	40.124	79.729	2584.8	-0.00092145	8.6629e-05	0.13298	liquid
257.53	2200.0	64.396	0.015529	5.1900	5.8372	23.962	40.123	79.741	2583.6	-0.00091668	8.6568e-05	0.13291	liquid
257.60	2200.0	64.381	0.015532	5.1952	5.8425	23.983	40.122	79.753	2582.4	-0.00091191	8.6507e-05	0.13284	liquid
257.67	2200.0	64.367	0.015536	5.2003	5.8478	24.003	40.121	79.765	2581.2	-0.00090713	8.6447e-05	0.13278	liquid
257.73	2200.0	64.353	0.015539	5.2055	5.8531	24.024	40.120	79.777	2579.9	-0.00090233	8.6386e-05	0.13271	liquid
257.80	2200.0	64.338	0.015543	5.2107	5.8585	24.045	40.119	79.789	2578.7	-0.00089754	8.6325e-05	0.13264	liquid
257.87	2200.0	64.324	0.015546	5.2158	5.8638	24.065	40.118	79.801	2577.5	-0.00089273	8.6265e-05	0.13257	liquid
257.93	2200.0	64.310	0.015550	5.2210	5.8691	24.086	40.117	79.813	2576.3	-0.00088792	8.6204e-05	0.13251	liquid
258.00	2200.0	64.295	0.015553	5.2262	5.8744	24.106	40.116	79.825	2575.1	-0.00088310	8.6144e-05	0.13244	liquid
258.07	2200.0	64.281	0.015557	5.2314	5.8797	24.127	40.116	79.837	2573.9	-0.00087827	8.6083e-05	0.13237	liquid
258.13	2200.0	64.266	0.015560	5.2366	5.8851	24.148	40.115	79.849	2572.7	-0.00087344	8.6023e-05	0.13231	liquid
258.20	2200.0	64.252	0.015564	5.2417	5.8904	24.168	40.114	79.861	2571.5	-0.00086860	8.5963e-05	0.13224	liquid
258.27	2200.0	64.237	0.015567	5.2469	5.8957	24.189	40.113	79.873	2570.2	-0.00086375	8.5902e-05	0.13217	liquid
258.33	2200.0	64.223	0.015571	5.2521	5.9010	24.210	40.112	79.885	2569.0	-0.00085889	8.5842e-05	0.13211	liquid
258.40	2200.0	64.209	0.015574	5.2573	5.9064	24.230	40.111	79.897	2567.8	-0.00085402	8.5782e-05	0.13204	liquid
258.47	2200.0	64.194	0.015578	5.2625	5.9117	24.251	40.110	79.909	2566.6	-0.00084915	8.5722e-05	0.13197	liquid
258.53	2200.0	64.180	0.015581	5.2676	5.9170	24.271	40.109	79.922	2565.4	-0.00084427	8.5662e-05	0.13191	liquid
258.60	2200.0	64.165	0.015585	5.2728	5.9223	24.292	40.109	79.934	2564.2	-0.00083939	8.5602e-05	0.13184	liquid
258.67	2200.0	64.151	0.015588	5.2780	5.9277	24.313	40.108	79.946	2563.0	-0.00083449	8.5542e-05	0.13177	liquid
258.73	2200.0	64.136	0.015592	5.2832	5.9330	24.333	40.107	79.958	2561.8	-0.00082959	8.5482e-05	0.13171	liquid
258.80	2200.0	64.122	0.015595	5.2884	5.9383	24.354	40.106	79.970	2560.6	-0.00082468	8.5422e-05	0.13164	liquid
258.87	2200.0	64.107	0.015599	5.2936	5.9437	24.374	40.105	79.983	2559.3	-0.00081976	8.5362e-05	0.13157	liquid
258.93	2200.0	64.093	0.015602	5.2987	5.9490	24.395	40.104	79.995	2558.1	-0.00081484	8.5302e-05	0.13151	liquid
259.00	2200.0	64.078	0.015606	5.3039	5.9543	24.416	40.103	80.007	2556.9	-0.00080991	8.5242e-05	0.13144	liquid
259.07	2200.0	64.064	0.015609	5.3091	5.9597	24.436	40.103	80.020	2555.7	-0.00080497	8.5183e-05	0.13137	liquid
259.13	2200.0	64.049	0.015613	5.3143	5.9650	24.457	40.102	80.032	2554.5	-0.00080002	8.5123e-05	0.13131	liquid
259.20	2200.0	64.035	0.015616	5.3195	5.9703	24.477	40.101	80.044	2553.3	-0.00079506	8.5064e-05	0.13124	liquid
259.27	2200.0	64.020	0.015620	5.3247	5.9757	24.498	40.100	80.057	2552.1	-0.00079010	8.5004e-05	0.13117	liquid
259.33	2200.0	64.006	0.015624	5.3299	5.9810	24.518	40.099	80.069	2550.9	-0.00078513	8.4944e-05	0.13111	liquid
259.40	2200.0	63.991	0.015627	5.3351	5.9864	24.539	40.098	80.081	2549.6	-0.00078015	8.4885e-05	0.13104	liquid
259.47	2200.0	63.977	0.015631	5.3402	5.9917	24.560	40.097	80.094	2548.4	-0.00077516	8.4826e-05	0.13097	liquid
259.53	2200.0	63.962	0.015634	5.3454	5.9970	24.580	40.097	80.106	2547.2	-0.00077017	8.4766e-05	0.13091	liquid
259.60	2200.0	63.948	0.015638	5.3506	6.0024	24.601	40.096	80.119	2546.0	-0.00076517	8.4707e-05	0.13084	liquid
259.67	2200.0	63.933	0.015641	5.3558	6.0077	24.621	40.095	80.131	2544.8	-0.00076016	8.4648e-05	0.13077	liquid
259.73	2200.0	63.919	0.015645	5.3610	6.0131	24.642	40.094	80.144	2543.6	-0.00075514	8.4589e-05	0.13071	liquid
259.80	2200.0	63.904	0.015648	5.3662	6.0184	24.663	40.093	80.156	2542.4	-0.00075012	8.4529e-05	0.13064	liquid
259.87	2200.0	63.890	0.015652	5.3714	6.0237	24.683	40.092	80.169	2541.2	-0.00074509	8.4470e-05	0.13057	liquid
259.93	2200.0	63.875	0.015656	5.3766	6.0291	24.704	40.092	80.181	2539.9	-0.00074005	8.4411e-05	0.13051	liquid
260.00	2200.0	63.861	0.015659	5.3818	6.0344	24.724	40.091	80.194	2538.7	-0.00073500	8.4352e-05	0.13044	liquid
260.07	2200.0	63.846	0.015663	5.3870	6.0398	24.745	40.090	80.206	2537.5	-0.00072994	8.4293e-05	0.13037	liquid
260.13	2200.0	63.831	0.015666	5.3922	6.0451	24.765	40.089	80.219	2536.3	-0.00072488	8.4234e-05	0.13031	liquid
260.20	2200.0	63.817	0.015670	5.3974	6.0505	24.786	40.088	80.232	2535.1	-0.00071981	8.4175e-05	0.13024	liquid
260.27	2200.0	63.802	0.015673	5.4026	6.0558	24.806	40.087	80.244	2533.9	-0.00071473	8.4117e-05	0.13017	liquid
260.33	2200.0	63.788	0.015677	5.4078	6.0612	24.827	40.087	80.257	2532.7	-0.00070964	8.4058e-05	0.13011	liquid
260.40	2200.0	63.773	0.015681	5.4130	6.0665	24.848	40.086	80.270	2531.5	-0.00070454	8.3999e-05	0.13004	liquid
260.47	2200.0	63.758	0.015684	5.4182	6.0719	24.868	40.085	80.282	2530.2	-0.00069944	8.3940e-05	0.12997	liquid
260.53	2200.0	63.744	0.015688	5.4234	6.0772	24.889	40.084	80.295	2529.0	-0.00069433	8.3882e-05	0.12991	liquid
260.60	2200.0	63.729	0.015691	5.4286	6.0826	24.909	40.083	80.308	2527.8	-0.00068921	8.3823e-05	0.12984	liquid
260.67	2200.0	63.715	0.015695	5.4338	6.0879	24.930	40.083	80.320	2526.6	-0.00068408	8.3765e-05	0.12977	liquid
260.73	2200.0	63.700	0.015699	5.4390	6.0933	24.950	40.082	80.333	2525.4	-0.00067895	8.3706e-05	0.12971	liquid
260.80	2200.0	63.685	0.015702	5.4442	6.0987	24.971	40.081	80.346	2524.2	-0.00067380	8.3648e-05	0.12964	liquid
260.87	2200.0	63.671	0.015706	5.4494	6.1040	24.991	40.080	80.359	2523.0	-0.00066865	8.3589e-05	0.12957	liquid
260.93	2200.0	63.656	0.015709	5.4546	6.1094	25.012	40.079	80.372	2521.8	-0.00066349	8.3531e-05	0.12951	liquid
261.00	2200.0	63.641	0.015713	5.4598	6.1147	25.032	40.079	80.385	2520.5	-0.00065832	8.3473e-05	0.12944	liquid
261.07	2200.0	63.627	0.015717	5.4651	6.1201	25.053	40.078	80.397	2519.3	-0.00065315	8.3415e-05	0.12937	liquid
261.13	2200.0	63.612	0.015720	5.4703	6.1254	25.073	40.077	80.410	2518.1	-0.00064796	8.3356e-05	0.12931	liquid
261.20	2200.0	63.597	0.015724	5.4755	6.1308	25.094	40.076	80.423	2516.9	-0.00064277	8.3298e-05	0.12924	liquid
261.27	2200.0	63.583	0.015728	5.4807	6.1362	25.115	40.075	80.436	2515.7	-0.00063757	8.3240e-05	0.12918	liquid
261.33	2200.0	63.568	0.015731	5.4859	6.1415	25.135	40.075	80.449	2514.5	-0.00063236	8.3182e-05	0.12911	liquid
261.40	2200.0	63.553	0.015735	5.4911	6.1469	25.156	40.074	80.462	2513.3	-0.00062715	8.3124e-05	0.12904	liquid
261.47	2200.0	63.539	0.015738	5.4963	6.1523	25.176	40.073	80.475	2512.1	-0.00062192	8.3066e-05	0.12898	liquid
261.53	2200.0	63.524	0.015742	5.5015	6.1576	25.197	40.072	80.488	2510.8	-0.00061669	8.3008e-05	0.12891	liquid
261.60	2200.0	63.509	0.015746	5.5068	6.1630	25.217	40.071	80.501	2509.6	-0.00061145	8.2950e-05	0.12884	liquid
261.67	2200.0	63.495	0.015749	5.5120	6.1684	25.238	40.071	80.514	2508.4	-0.00060620	8.2892e-05	0.12878	liquid
261.73	2200.0	63.480	0.015753	5.5172	6.1737	25.258	40.070	80.527	2507.2	-0.00060094	8.2834e-05	0.12871	liquid
261.80	2200.0	63.465	0.015757	5.5224	6.1791	25.279	40.069	80.540	2506.0	-0.00059568	8.2777e-05	0.12865	liquid
261.87	2200.0	63.450	0.015760	5.5276	6.1845	25.299	40.068	80.554	2504.8	-0.00059040	8.2719e-05	0.12858	liquid
261.93	2200.0	63.436	0.015764	5.5328	6.1898	25.320	40.067	80.567	2503.6	-0.00058512	8.2661e-05	0.12851	liquid
262.00	2200.0	63.421	0.015768	5.5381	6.1952	25.340	40.067	80.580	2502.3	-0.00057983	8.2604e-05	0.12845	liquid
262.07	2200.0	63.406	0.015771	5.5433	6.2006	25.361	40.066	80.593	2501.1	-0.00057453	8.2546e-05	0.12838	liquid
262.13	2200.0	63.392	0.015775	5.5485	6.2060	25.381	40.065	80.606	2499.9	-0.00056922	8.2489e-05	0.12831	liquid
262.20	2200.0	63.377	0.015779	5.5537	6.2113	25.402	40.064	80.619	2498.7	-0.00056391	8.2431e-05	0.12825	liquid
262.27	2200.0	63.362	0.015782	5.5589	6.2167	25.422	40.064	80.633	2497.5	-0.00055858	8.2374e-05	0.12818	liquid
262.33	2200.0	63.347	0.015786	5.5642	6.2221	25.443	40.063	80.646	2496.3	-0.00055325	8.2316e-05	0.12812	liquid
262.40	2200.0	63.333	0.015790	5.5694	6.2275	25.463	40.062	80.659	2495.1	-0.00054791	8.2259e-05	0.12805	liquid
262.47	2200.0	63.318	0.015793	5.5746	6.2328	25.484	40.061	80.673	2493.9	-0.00054256	8.2202e-05	0.12798	liquid
262.53	2200.0	63.303	0.015797	5.5798	6.2382	25.504	40.061	80.686	2492.6	-0.00053720	8.2144e-05	0.12792	liquid
262.60	2200.0	63.288	0.015801	5.5851	6.2436	25.525	40.060	80.699	2491.4	-0.00053184	8.2087e-05	0.12785	liquid
262.67	2200.0	63.273	0.015804	5.5903	6.2490	25.545	40.059	80.713	2490.2	-0.00052646	8.2030e-05	0.12778	liquid
262.73	2200.0	63.259	0.015808	5.5955	6.2544	25.566	40.058	80.726	2489.0	-0.00052108	8.1973e-05	0.12772	liquid
262.80	2200.0	63.244	0.015812	5.6007	6.2597	25.586	40.057	80.739	2487.8	-0.00051569	8.1916e-05	0.12765	liquid
262.87	2200.0	63.229	0.015816	5.6060	6.2651	25.607	40.057	80.753	2486.6	-0.00051029	8.1859e-05	0.12759	liquid
262.93	2200.0	63.214	0.015819	5.6112	6.2705	25.627	40.056	80.766	2485.4	-0.00050488	8.1802e-05	0.12752	liquid
263.00	2200.0	63.199	0.015823	5.6164	6.2759	25.648	40.055	80.780	2484.1	-0.00049946	8.1745e-05	0.12745	liquid
263.07	2200.0	63.185	0.015827	5.6217	6.2813	25.668	40.054	80.793	2482.9	-0.00049403	8.1688e-05	0.12739	liquid
263.13	2200.0	63.170	0.015830	5.6269	6.2867	25.689	40.054	80.807	2481.7	-0.00048860	8.1631e-05	0.12732	liquid
263.20	2200.0	63.155	0.015834	5.6321	6.2920	25.709	40.053	80.820	2480.5	-0.00048316	8.1574e-05	0.12726	liquid
263.27	2200.0	63.140	0.015838	5.6374	6.2974	25.729	40.052	80.834	2479.3	-0.00047770	8.1518e-05	0.12719	liquid
263.33	2200.0	63.125	0.015842	5.6426	6.3028	25.750	40.051	80.847	2478.1	-0.00047224	8.1461e-05	0.12712	liquid
263.40	2200.0	63.110	0.015845	5.6478	6.3082	25.770	40.051	80.861	2476.9	-0.00046677	8.1404e-05	0.12706	liquid
263.47	2200.0	63.095	0.015849	5.6531	6.3136	25.791	40.050	80.875	2475.6	-0.00046130	8.1348e-05	0.12699	liquid
263.53	2200.0	63.081	0.015853	5.6583	6.3190	25.811	40.049	80.888	2474.4	-0.00045581	8.1291e-05	0.12693	liquid
263.60	2200.0	63.066	0.015856	5.6635	6.3244	25.832	40.049	80.902	2473.2	-0.00045031	8.1234e-05	0.12686	liquid
263.67	2200.0	63.051	0.015860	5.6688	6.3298	25.852	40.048	80.916	2472.0	-0.00044481	8.1178e-05	0.12679	liquid
263.73	2200.0	63.036	0.015864	5.6740	6.3352	25.873	40.047	80.929	2470.8	-0.00043930	8.1121e-05	0.12673	liquid
263.80	2200.0	63.021	0.015868	5.6793	6.3406	25.893	40.046	80.943	2469.6	-0.00043378	8.1065e-05	0.12666	liquid
263.87	2200.0	63.006	0.015871	5.6845	6.3460	25.914	40.046	80.957	2468.4	-0.00042825	8.1009e-05	0.12660	liquid
263.93	2200.0	62.991	0.015875	5.6897	6.3514	25.934	40.045	80.971	2467.1	-0.00042271	8.0952e-05	0.12653	liquid
264.00	2200.0	62.976	0.015879	5.6950	6.3568	25.955	40.044	80.984	2465.9	-0.00041716	8.0896e-05	0.12646	liquid
264.07	2200.0	62.961	0.015883	5.7002	6.3622	25.975	40.043	80.998	2464.7	-0.00041160	8.0840e-05	0.12640	liquid
264.13	2200.0	62.947	0.015887	5.7055	6.3676	25.995	40.043	81.012	2463.5	-0.00040603	8.0784e-05	0.12633	liquid
264.20	2200.0	62.932	0.015890	5.7107	6.3730	26.016	40.042	81.026	2462.3	-0.00040046	8.0727e-05	0.12627	liquid
264.27	2200.0	62.917	0.015894	5.7159	6.3784	26.036	40.041	81.040	2461.1	-0.00039488	8.0671e-05	0.12620	liquid
264.33	2200.0	62.902	0.015898	5.7212	6.3838	26.057	40.041	81.054	2459.9	-0.00038928	8.0615e-05	0.12613	liquid
264.40	2200.0	62.887	0.015902	5.7264	6.3892	26.077	40.040	81.067	2458.6	-0.00038368	8.0559e-05	0.12607	liquid
264.47	2200.0	62.872	0.015905	5.7317	6.3946	26.098	40.039	81.081	2457.4	-0.00037807	8.0503e-05	0.12600	liquid
264.53	2200.0	62.857	0.015909	5.7369	6.4000	26.118	40.038	81.095	2456.2	-0.00037245	8.0447e-05	0.12594	liquid
264.60	2200.0	62.842	0.015913	5.7422	6.4054	26.138	40.038	81.109	2455.0	-0.00036682	8.0391e-05	0.12587	liquid
264.67	2200.0	62.827	0.015917	5.7474	6.4108	26.159	40.037	81.123	2453.8	-0.00036118	8.0335e-05	0.12581	liquid
264.73	2200.0	62.812	0.015921	5.7527	6.4162	26.179	40.036	81.137	2452.6	-0.00035554	8.0280e-05	0.12574	liquid
264.80	2200.0	62.797	0.015924	5.7579	6.4216	26.200	40.036	81.151	2451.4	-0.00034988	8.0224e-05	0.12567	liquid
264.87	2200.0	62.782	0.015928	5.7632	6.4270	26.220	40.035	81.165	2450.1	-0.00034422	8.0168e-05	0.12561	liquid
264.93	2200.0	62.767	0.015932	5.7684	6.4324	26.241	40.034	81.180	2448.9	-0.00033854	8.0112e-05	0.12554	liquid
265.00	2200.0	62.752	0.015936	5.7737	6.4379	26.261	40.034	81.194	2447.7	-0.00033286	8.0057e-05	0.12548	liquid
265.07	2200.0	62.737	0.015940	5.7790	6.4433	26.282	40.033	81.208	2446.5	-0.00032717	8.0001e-05	0.12541	liquid
265.13	2200.0	62.722	0.015943	5.7842	6.4487	26.302	40.032	81.222	2445.3	-0.00032147	7.9946e-05	0.12534	liquid
265.20	2200.0	62.707	0.015947	5.7895	6.4541	26.322	40.031	81.236	2444.1	-0.00031575	7.9890e-05	0.12528	liquid
265.27	2200.0	62.692	0.015951	5.7947	6.4595	26.343	40.031	81.250	2442.9	-0.00031003	7.9834e-05	0.12521	liquid
265.33	2200.0	62.677	0.015955	5.8000	6.4649	26.363	40.030	81.265	2441.6	-0.00030431	7.9779e-05	0.12515	liquid
265.40	2200.0	62.662	0.015959	5.8052	6.4704	26.384	40.029	81.279	2440.4	-0.00029857	7.9724e-05	0.12508	liquid
265.47	2200.0	62.647	0.015962	5.8105	6.4758	26.404	40.029	81.293	2439.2	-0.00029282	7.9668e-05	0.12502	liquid
265.53	2200.0	62.632	0.015966	5.8158	6.4812	26.424	40.028	81.307	2438.0	-0.00028706	7.9613e-05	0.12495	liquid
265.60	2200.0	62.617	0.015970	5.8210	6.4866	26.445	40.027	81.322	2436.8	-0.00028130	7.9558e-05	0.12489	liquid
265.67	2200.0	62.602	0.015974	5.8263	6.4920	26.465	40.027	81.336	2435.6	-0.00027552	7.9502e-05	0.12482	liquid
265.73	2200.0	62.587	0.015978	5.8315	6.4975	26.486	40.026	81.350	2434.4	-0.00026974	7.9447e-05	0.12475	liquid
265.80	2200.0	62.572	0.015982	5.8368	6.5029	26.506	40.025	81.365	2433.1	-0.00026394	7.9392e-05	0.12469	liquid
265.87	2200.0	62.556	0.015986	5.8421	6.5083	26.526	40.025	81.379	2431.9	-0.00025814	7.9337e-05	0.12462	liquid
265.93	2200.0	62.541	0.015989	5.8473	6.5137	26.547	40.024	81.394	2430.7	-0.00025232	7.9282e-05	0.12456	liquid
266.00	2200.0	62.526	0.015993	5.8526	6.5192	26.567	40.023	81.408	2429.5	-0.00024650	7.9227e-05	0.12449	liquid
266.07	2200.0	62.511	0.015997	5.8579	6.5246	26.588	40.023	81.423	2428.3	-0.00024067	7.9172e-05	0.12443	liquid
266.13	2200.0	62.496	0.016001	5.8631	6.5300	26.608	40.022	81.437	2427.1	-0.00023483	7.9117e-05	0.12436	liquid
266.20	2200.0	62.481	0.016005	5.8684	6.5354	26.628	40.021	81.452	2425.8	-0.00022898	7.9062e-05	0.12429	liquid
266.27	2200.0	62.466	0.016009	5.8737	6.5409	26.649	40.021	81.466	2424.6	-0.00022312	7.9007e-05	0.12423	liquid
266.33	2200.0	62.451	0.016013	5.8789	6.5463	26.669	40.020	81.481	2423.4	-0.00021725	7.8952e-05	0.12416	liquid
266.40	2200.0	62.436	0.016017	5.8842	6.5517	26.690	40.019	81.495	2422.2	-0.00021137	7.8897e-05	0.12410	liquid
266.47	2200.0	62.420	0.016020	5.8895	6.5572	26.710	40.019	81.510	2421.0	-0.00020548	7.8843e-05	0.12403	liquid
266.53	2200.0	62.405	0.016024	5.8948	6.5626	26.730	40.018	81.524	2419.8	-0.00019958	7.8788e-05	0.12397	liquid
266.60	2200.0	62.390	0.016028	5.9000	6.5680	26.751	40.017	81.539	2418.6	-0.00019367	7.8733e-05	0.12390	liquid
266.67	2200.0	62.375	0.016032	5.9053	6.5735	26.771	40.017	81.554	2417.3	-0.00018775	7.8678e-05	0.12384	liquid
266.73	2200.0	62.360	0.016036	5.9106	6.5789	26.792	40.016	81.568	2416.1	-0.00018183	7.8624e-05	0.12377	liquid
266.80	2200.0	62.345	0.016040	5.9159	6.5844	26.812	40.015	81.583	2414.9	-0.00017589	7.8569e-05	0.12371	liquid
266.87	2200.0	62.330	0.016044	5.9211	6.5898	26.832	40.015	81.598	2413.7	-0.00016994	7.8515e-05	0.12364	liquid
266.93	2200.0	62.314	0.016048	5.9264	6.5952	26.853	40.014	81.613	2412.5	-0.00016399	7.8460e-05	0.12357	liquid
267.00	2200.0	62.299	0.016052	5.9317	6.6007	26.873	40.013	81.628	2411.3	-0.00015802	7.8406e-05	0.12351	liquid
267.07	2200.0	62.284	0.016055	5.9370	6.6061	26.894	40.013	81.642	2410.0	-0.00015204	7.8351e-05	0.12344	liquid
267.13	2200.0	62.269	0.016059	5.9422	6.6116	26.914	40.012	81.657	2408.8	-0.00014606	7.8297e-05	0.12338	liquid
267.20	2200.0	62.254	0.016063	5.9475	6.6170	26.934	40.012	81.672	2407.6	-0.00014006	7.8243e-05	0.12331	liquid
267.27	2200.0	62.238	0.016067	5.9528	6.6224	26.955	40.011	81.687	2406.4	-0.00013406	7.8188e-05	0.12325	liquid
267.33	2200.0	62.223	0.016071	5.9581	6.6279	26.975	40.010	81.702	2405.2	-0.00012804	7.8134e-05	0.12318	liquid
267.40	2200.0	62.208	0.016075	5.9634	6.6333	26.995	40.010	81.717	2404.0	-0.00012202	7.8080e-05	0.12312	liquid
267.47	2200.0	62.193	0.016079	5.9687	6.6388	27.016	40.009	81.732	2402.7	-0.00011598	7.8026e-05	0.12305	liquid
267.53	2200.0	62.177	0.016083	5.9739	6.6442	27.036	40.008	81.747	2401.5	-0.00010994	7.7972e-05	0.12299	liquid
267.60	2200.0	62.162	0.016087	5.9792	6.6497	27.057	40.008	81.762	2400.3	-0.00010388	7.7918e-05	0.12292	liquid
267.67	2200.0	62.147	0.016091	5.9845	6.6551	27.077	40.007	81.777	2399.1	-9.7818e-05	7.7864e-05	0.12286	liquid
267.73	2200.0	62.132	0.016095	5.9898	6.6606	27.097	40.006	81.792	2397.9	-9.1743e-05	7.7809e-05	0.12279	liquid
267.80	2200.0	62.116	0.016099	5.9951	6.6660	27.118	40.006	81.807	2396.7	-8.5659e-05	7.7756e-05	0.12272	liquid
267.87	2200.0	62.101	0.016103	6.0004	6.6715	27.138	40.005	81.822	2395.4	-7.9564e-05	7.7702e-05	0.12266	liquid
267.93	2200.0	62.086	0.016107	6.0057	6.6770	27.158	40.005	81.837	2394.2	-7.3459e-05	7.7648e-05	0.12259	liquid
268.00	2200.0	62.071	0.016111	6.0110	6.6824	27.179	40.004	81.852	2393.0	-6.7345e-05	7.7594e-05	0.12253	liquid
268.07	2200.0	62.055	0.016115	6.0163	6.6879	27.199	40.003	81.867	2391.8	-6.1220e-05	7.7540e-05	0.12246	liquid
268.13	2200.0	62.040	0.016119	6.0215	6.6933	27.219	40.003	81.883	2390.6	-5.5085e-05	7.7486e-05	0.12240	liquid
268.20	2200.0	62.025	0.016123	6.0268	6.6988	27.240	40.002	81.898	2389.4	-4.8940e-05	7.7432e-05	0.12233	liquid
268.27	2200.0	62.009	0.016127	6.0321	6.7042	27.260	40.002	81.913	2388.1	-4.2784e-05	7.7379e-05	0.12227	liquid
268.33	2200.0	61.994	0.016131	6.0374	6.7097	27.281	40.001	81.928	2386.9	-3.6619e-05	7.7325e-05	0.12220	liquid
268.40	2200.0	61.979	0.016135	6.0427	6.7152	27.301	40.000	81.944	2385.7	-3.0444e-05	7.7271e-05	0.12214	liquid
268.47	2200.0	61.963	0.016139	6.0480	6.7206	27.321	40.000	81.959	2384.5	-2.4258e-05	7.7218e-05	0.12207	liquid
268.53	2200.0	61.948	0.016143	6.0533	6.7261	27.342	39.999	81.974	2383.3	-1.8062e-05	7.7164e-05	0.12201	liquid
268.60	2200.0	61.933	0.016147	6.0586	6.7316	27.362	39.999	81.990	2382.1	-1.1856e-05	7.7111e-05	0.12194	liquid
268.67	2200.0	61.917	0.016151	6.0639	6.7370	27.382	39.998	82.005	2380.8	-5.6391e-06	7.7057e-05	0.12188	liquid
268.73	2200.0	61.902	0.016155	6.0692	6.7425	27.403	39.997	82.021	2379.6	5.8773e-07	7.7004e-05	0.12181	liquid
268.80	2200.0	61.887	0.016159	6.0745	6.7480	27.423	39.997	82.036	2378.4	6.8248e-06	7.6950e-05	0.12175	liquid
268.87	2200.0	61.871	0.016163	6.0798	6.7534	27.443	39.996	82.051	2377.2	1.3072e-05	7.6897e-05	0.12168	liquid
268.93	2200.0	61.856	0.016167	6.0851	6.7589	27.464	39.996	82.067	2376.0	1.9330e-05	7.6844e-05	0.12162	liquid
269.00	2200.0	61.841	0.016171	6.0904	6.7644	27.484	39.995	82.082	2374.8	2.5598e-05	7.6790e-05	0.12155	liquid
269.07	2200.0	61.825	0.016175	6.0957	6.7699	27.504	39.994	82.098	2373.5	3.1877e-05	7.6737e-05	0.12149	liquid
269.13	2200.0	61.810	0.016179	6.1010	6.7753	27.525	39.994	82.114	2372.3	3.8166e-05	7.6684e-05	0.12142	liquid
269.20	2200.0	61.794	0.016183	6.1063	6.7808	27.545	39.993	82.129	2371.1	4.4466e-05	7.6631e-05	0.12136	liquid
269.27	2200.0	61.779	0.016187	6.1117	6.7863	27.565	39.993	82.145	2369.9	5.0775e-05	7.6577e-05	0.12129	liquid
269.33	2200.0	61.764	0.016191	6.1170	6.7918	27.586	39.992	82.160	2368.7	5.7096e-05	7.6524e-05	0.12123	liquid
269.40	2200.0	61.748	0.016195	6.1223	6.7972	27.606	39.992	82.176	2367.4	6.3427e-05	7.6471e-05	0.12116	liquid
269.47	2200.0	61.733	0.016199	6.1276	6.8027	27.626	39.991	82.192	2366.2	6.9769e-05	7.6418e-05	0.12110	liquid
269.53	2200.0	61.717	0.016203	6.1329	6.8082	27.647	39.990	82.207	2365.0	7.6121e-05	7.6365e-05	0.12103	liquid
269.60	2200.0	61.702	0.016207	6.1382	6.8137	27.667	39.990	82.223	2363.8	8.2483e-05	7.6312e-05	0.12097	liquid
269.67	2200.0	61.686	0.016211	6.1435	6.8192	27.687	39.989	82.239	2362.6	8.8857e-05	7.6259e-05	0.12090	liquid
269.73	2200.0	61.671	0.016215	6.1488	6.8246	27.708	39.989	82.255	2361.4	9.5241e-05	7.6206e-05	0.12084	liquid
269.80	2200.0	61.655	0.016219	6.1541	6.8301	27.728	39.988	82.271	2360.1	0.00010164	7.6153e-05	0.12077	liquid
269.87	2200.0	61.640	0.016223	6.1595	6.8356	27.748	39.988	82.286	2358.9	0.00010804	7.6101e-05	0.12071	liquid
269.93	2200.0	61.625	0.016227	6.1648	6.8411	27.769	39.987	82.302	2357.7	0.00011446	7.6048e-05	0.12064	liquid
270.00	2200.0	61.609	0.016231	6.1701	6.8466	27.789	39.986	82.318	2356.5	0.00012088	7.5995e-05	0.12058	liquid
270.07	2200.0	61.594	0.016235	6.1754	6.8521	27.809	39.986	82.334	2355.3	0.00012732	7.5942e-05	0.12051	liquid
270.13	2200.0	61.578	0.016240	6.1807	6.8576	27.830	39.985	82.350	2354.0	0.00013377	7.5890e-05	0.12045	liquid
270.20	2200.0	61.563	0.016244	6.1861	6.8630	27.850	39.985	82.366	2352.8	0.00014023	7.5837e-05	0.12038	liquid
270.27	2200.0	61.547	0.016248	6.1914	6.8685	27.870	39.984	82.382	2351.6	0.00014670	7.5784e-05	0.12032	liquid
270.33	2200.0	61.532	0.016252	6.1967	6.8740	27.891	39.984	82.398	2350.4	0.00015318	7.5732e-05	0.12025	liquid
270.40	2200.0	61.516	0.016256	6.2020	6.8795	27.911	39.983	82.414	2349.2	0.00015967	7.5679e-05	0.12019	liquid
270.47	2200.0	61.501	0.016260	6.2073	6.8850	27.931	39.983	82.430	2348.0	0.00016617	7.5627e-05	0.12012	liquid
270.53	2200.0	61.485	0.016264	6.2127	6.8905	27.952	39.982	82.446	2346.7	0.00017269	7.5574e-05	0.12006	liquid
270.60	2200.0	61.469	0.016268	6.2180	6.8960	27.972	39.981	82.462	2345.5	0.00017921	7.5522e-05	0.11999	liquid
270.67	2200.0	61.454	0.016272	6.2233	6.9015	27.992	39.981	82.479	2344.3	0.00018575	7.5469e-05	0.11993	liquid
270.73	2200.0	61.438	0.016276	6.2287	6.9070	28.013	39.980	82.495	2343.1	0.00019229	7.5417e-05	0.11986	liquid
270.80	2200.0	61.423	0.016281	6.2340	6.9125	28.033	39.980	82.511	2341.9	0.00019885	7.5365e-05	0.11980	liquid
270.87	2200.0	61.407	0.016285	6.2393	6.9180	28.053	39.979	82.527	2340.6	0.00020542	7.5312e-05	0.11973	liquid
270.93	2200.0	61.392	0.016289	6.2446	6.9235	28.073	39.979	82.543	2339.4	0.00021200	7.5260e-05	0.11967	liquid
271.00	2200.0	61.376	0.016293	6.2500	6.9290	28.094	39.978	82.560	2338.2	0.00021859	7.5208e-05	0.11961	liquid
271.07	2200.0	61.360	0.016297	6.2553	6.9345	28.114	39.978	82.576	2337.0	0.00022519	7.5156e-05	0.11954	liquid
271.13	2200.0	61.345	0.016301	6.2606	6.9400	28.134	39.977	82.592	2335.8	0.00023181	7.5104e-05	0.11948	liquid
271.20	2200.0	61.329	0.016305	6.2660	6.9455	28.155	39.977	82.609	2334.5	0.00023843	7.5051e-05	0.11941	liquid
271.27	2200.0	61.314	0.016310	6.2713	6.9510	28.175	39.976	82.625	2333.3	0.00024506	7.4999e-05	0.11935	liquid
271.33	2200.0	61.298	0.016314	6.2766	6.9566	28.195	39.976	82.642	2332.1	0.00025171	7.4947e-05	0.11928	liquid
271.40	2200.0	61.282	0.016318	6.2820	6.9621	28.216	39.975	82.658	2330.9	0.00025837	7.4895e-05	0.11922	liquid
271.47	2200.0	61.267	0.016322	6.2873	6.9676	28.236	39.975	82.675	2329.7	0.00026504	7.4843e-05	0.11915	liquid
271.53	2200.0	61.251	0.016326	6.2927	6.9731	28.256	39.974	82.691	2328.4	0.00027172	7.4791e-05	0.11909	liquid
271.60	2200.0	61.235	0.016330	6.2980	6.9786	28.277	39.973	82.708	2327.2	0.00027841	7.4739e-05	0.11902	liquid
271.67	2200.0	61.220	0.016335	6.3033	6.9841	28.297	39.973	82.724	2326.0	0.00028511	7.4688e-05	0.11896	liquid
271.73	2200.0	61.204	0.016339	6.3087	6.9896	28.317	39.972	82.741	2324.8	0.00029183	7.4636e-05	0.11889	liquid
271.80	2200.0	61.188	0.016343	6.3140	6.9951	28.337	39.972	82.757	2323.6	0.00029855	7.4584e-05	0.11883	liquid
271.87	2200.0	61.173	0.016347	6.3194	7.0007	28.358	39.971	82.774	2322.3	0.00030529	7.4532e-05	0.11876	liquid
271.93	2200.0	61.157	0.016351	6.3247	7.0062	28.378	39.971	82.791	2321.1	0.00031204	7.4480e-05	0.11870	liquid
272.00	2200.0	61.141	0.016356	6.3300	7.0117	28.398	39.970	82.807	2319.9	0.00031880	7.4429e-05	0.11864	liquid
272.07	2200.0	61.126	0.016360	6.3354	7.0172	28.419	39.970	82.824	2318.7	0.00032557	7.4377e-05	0.11857	liquid
272.13	2200.0	61.110	0.016364	6.3407	7.0227	28.439	39.969	82.841	2317.5	0.00033236	7.4325e-05	0.11851	liquid
272.20	2200.0	61.094	0.016368	6.3461	7.0283	28.459	39.969	82.858	2316.2	0.00033915	7.4274e-05	0.11844	liquid
272.27	2200.0	61.079	0.016372	6.3514	7.0338	28.480	39.968	82.874	2315.0	0.00034596	7.4222e-05	0.11838	liquid
272.33	2200.0	61.063	0.016377	6.3568	7.0393	28.500	39.968	82.891	2313.8	0.00035278	7.4171e-05	0.11831	liquid
272.40	2200.0	61.047	0.016381	6.3621	7.0448	28.520	39.967	82.908	2312.6	0.00035961	7.4119e-05	0.11825	liquid
272.47	2200.0	61.031	0.016385	6.3675	7.0504	28.540	39.967	82.925	2311.4	0.00036645	7.4068e-05	0.11818	liquid
272.53	2200.0	61.016	0.016389	6.3728	7.0559	28.561	39.966	82.942	2310.1	0.00037330	7.4016e-05	0.11812	liquid
272.60	2200.0	61.000	0.016393	6.3782	7.0614	28.581	39.966	82.959	2308.9	0.00038017	7.3965e-05	0.11806	liquid
272.67	2200.0	60.984	0.016398	6.3835	7.0670	28.601	39.965	82.976	2307.7	0.00038704	7.3913e-05	0.11799	liquid
272.73	2200.0	60.968	0.016402	6.3889	7.0725	28.622	39.965	82.993	2306.5	0.00039393	7.3862e-05	0.11793	liquid
272.80	2200.0	60.953	0.016406	6.3943	7.0780	28.642	39.964	83.010	2305.2	0.00040083	7.3811e-05	0.11786	liquid
272.87	2200.0	60.937	0.016410	6.3996	7.0836	28.662	39.964	83.027	2304.0	0.00040774	7.3759e-05	0.11780	liquid
272.93	2200.0	60.921	0.016415	6.4050	7.0891	28.682	39.964	83.044	2302.8	0.00041467	7.3708e-05	0.11773	liquid
273.00	2200.0	60.905	0.016419	6.4103	7.0946	28.703	39.963	83.061	2301.6	0.00042160	7.3657e-05	0.11767	liquid
273.07	2200.0	60.889	0.016423	6.4157	7.1002	28.723	39.963	83.078	2300.4	0.00042855	7.3606e-05	0.11760	liquid
273.13	2200.0	60.874	0.016428	6.4211	7.1057	28.743	39.962	83.095	2299.1	0.00043551	7.3555e-05	0.11754	liquid
273.20	2200.0	60.858	0.016432	6.4264	7.1113	28.764	39.962	83.112	2297.9	0.00044248	7.3503e-05	0.11748	liquid
273.27	2200.0	60.842	0.016436	6.4318	7.1168	28.784	39.961	83.130	2296.7	0.00044947	7.3452e-05	0.11741	liquid
273.33	2200.0	60.826	0.016440	6.4371	7.1223	28.804	39.961	83.147	2295.5	0.00045646	7.3401e-05	0.11735	liquid
273.40	2200.0	60.810	0.016445	6.4425	7.1279	28.824	39.960	83.164	2294.2	0.00046347	7.3350e-05	0.11728	liquid
273.47	2200.0	60.794	0.016449	6.4479	7.1334	28.845	39.960	83.182	2293.0	0.00047049	7.3299e-05	0.11722	liquid
273.53	2200.0	60.778	0.016453	6.4532	7.1390	28.865	39.959	83.199	2291.8	0.00047752	7.3248e-05	0.11715	liquid
273.60	2200.0	60.763	0.016457	6.4586	7.1445	28.885	39.959	83.216	2290.6	0.00048456	7.3197e-05	0.11709	liquid
273.67	2200.0	60.747	0.016462	6.4640	7.1501	28.905	39.958	83.234	2289.4	0.00049162	7.3147e-05	0.11703	liquid
273.73	2200.0	60.731	0.016466	6.4694	7.1556	28.926	39.958	83.251	2288.1	0.00049869	7.3096e-05	0.11696	liquid
273.80	2200.0	60.715	0.016470	6.4747	7.1612	28.946	39.957	83.269	2286.9	0.00050577	7.3045e-05	0.11690	liquid
273.87	2200.0	60.699	0.016475	6.4801	7.1667	28.966	39.957	83.286	2285.7	0.00051286	7.2994e-05	0.11683	liquid
273.93	2200.0	60.683	0.016479	6.4855	7.1723	28.987	39.957	83.304	2284.5	0.00051997	7.2943e-05	0.11677	liquid
274.00	2200.0	60.667	0.016483	6.4908	7.1778	29.007	39.956	83.321	2283.2	0.00052709	7.2893e-05	0.11671	liquid
274.07	2200.0	60.651	0.016488	6.4962	7.1834	29.027	39.956	83.339	2282.0	0.00053422	7.2842e-05	0.11664	liquid
274.13	2200.0	60.635	0.016492	6.5016	7.1889	29.047	39.955	83.356	2280.8	0.00054136	7.2791e-05	0.11658	liquid
274.20	2200.0	60.619	0.016496	6.5070	7.1945	29.068	39.955	83.374	2279.6	0.00054851	7.2741e-05	0.11651	liquid
274.27	2200.0	60.604	0.016501	6.5123	7.2001	29.088	39.954	83.392	2278.4	0.00055568	7.2690e-05	0.11645	liquid
274.33	2200.0	60.588	0.016505	6.5177	7.2056	29.108	39.954	83.409	2277.1	0.00056286	7.2639e-05	0.11638	liquid
274.40	2200.0	60.572	0.016509	6.5231	7.2112	29.128	39.953	83.427	2275.9	0.00057005	7.2589e-05	0.11632	liquid
274.47	2200.0	60.556	0.016514	6.5285	7.2167	29.149	39.953	83.445	2274.7	0.00057725	7.2538e-05	0.11626	liquid
274.53	2200.0	60.540	0.016518	6.5339	7.2223	29.169	39.953	83.462	2273.5	0.00058447	7.2488e-05	0.11619	liquid
274.60	2200.0	60.524	0.016522	6.5393	7.2279	29.189	39.952	83.480	2272.2	0.00059170	7.2437e-05	0.11613	liquid
274.67	2200.0	60.508	0.016527	6.5446	7.2334	29.210	39.952	83.498	2271.0	0.00059894	7.2387e-05	0.11606	liquid
274.73	2200.0	60.492	0.016531	6.5500	7.2390	29.230	39.951	83.516	2269.8	0.00060620	7.2337e-05	0.11600	liquid
274.80	2200.0	60.476	0.016536	6.5554	7.2446	29.250	39.951	83.534	2268.6	0.00061347	7.2286e-05	0.11594	liquid
274.87	2200.0	60.460	0.016540	6.5608	7.2501	29.270	39.950	83.552	2267.3	0.00062075	7.2236e-05	0.11587	liquid
274.93	2200.0	60.444	0.016544	6.5662	7.2557	29.291	39.950	83.570	2266.1	0.00062804	7.2186e-05	0.11581	liquid
275.00	2200.0	60.428	0.016549	6.5716	7.2613	29.311	39.950	83.588	2264.9	0.00063534	7.2135e-05	0.11574	liquid
275.07	2200.0	60.412	0.016553	6.5770	7.2669	29.331	39.949	83.606	2263.7	0.00064266	7.2085e-05	0.11568	liquid
275.13	2200.0	60.396	0.016557	6.5824	7.2724	29.351	39.949	83.624	2262.4	0.00064999	7.2035e-05	0.11562	liquid
275.20	2200.0	60.380	0.016562	6.5877	7.2780	29.372	39.948	83.642	2261.2	0.00065734	7.1985e-05	0.11555	liquid
275.27	2200.0	60.364	0.016566	6.5931	7.2836	29.392	39.948	83.660	2260.0	0.00066469	7.1935e-05	0.11549	liquid
275.33	2200.0	60.347	0.016571	6.5985	7.2892	29.412	39.948	83.678	2258.8	0.00067206	7.1885e-05	0.11542	liquid
275.40	2200.0	60.331	0.016575	6.6039	7.2947	29.432	39.947	83.696	2257.6	0.00067945	7.1834e-05	0.11536	liquid
275.47	2200.0	60.315	0.016580	6.6093	7.3003	29.453	39.947	83.714	2256.3	0.00068684	7.1784e-05	0.11530	liquid
275.53	2200.0	60.299	0.016584	6.6147	7.3059	29.473	39.946	83.733	2255.1	0.00069425	7.1734e-05	0.11523	liquid
275.60	2200.0	60.283	0.016588	6.6201	7.3115	29.493	39.946	83.751	2253.9	0.00070167	7.1684e-05	0.11517	liquid
275.67	2200.0	60.267	0.016593	6.6255	7.3171	29.513	39.946	83.769	2252.7	0.00070911	7.1634e-05	0.11511	liquid
275.73	2200.0	60.251	0.016597	6.6309	7.3226	29.534	39.945	83.788	2251.4	0.00071656	7.1585e-05	0.11504	liquid
275.80	2200.0	60.235	0.016602	6.6363	7.3282	29.554	39.945	83.806	2250.2	0.00072402	7.1535e-05	0.11498	liquid
275.87	2200.0	60.219	0.016606	6.6417	7.3338	29.574	39.944	83.824	2249.0	0.00073149	7.1485e-05	0.11491	liquid
275.93	2200.0	60.203	0.016611	6.6471	7.3394	29.595	39.944	83.843	2247.8	0.00073898	7.1435e-05	0.11485	liquid
276.00	2200.0	60.186	0.016615	6.6525	7.3450	29.615	39.944	83.861	2246.5	0.00074648	7.1385e-05	0.11479	liquid
276.07	2200.0	60.170	0.016620	6.6579	7.3506	29.635	39.943	83.880	2245.3	0.00075399	7.1335e-05	0.11472	liquid
276.13	2200.0	60.154	0.016624	6.6633	7.3562	29.655	39.943	83.898	2244.1	0.00076152	7.1286e-05	0.11466	liquid
276.20	2200.0	60.138	0.016628	6.6688	7.3618	29.676	39.942	83.917	2242.8	0.00076906	7.1236e-05	0.11459	liquid
276.27	2200.0	60.122	0.016633	6.6742	7.3674	29.696	39.942	83.935	2241.6	0.00077661	7.1186e-05	0.11453	liquid
276.33	2200.0	60.106	0.016637	6.6796	7.3730	29.716	39.942	83.954	2240.4	0.00078418	7.1137e-05	0.11447	liquid
276.40	2200.0	60.089	0.016642	6.6850	7.3786	29.736	39.941	83.973	2239.2	0.00079176	7.1087e-05	0.11440	liquid
276.47	2200.0	60.073	0.016646	6.6904	7.3842	29.757	39.941	83.991	2237.9	0.00079935	7.1037e-05	0.11434	liquid
276.53	2200.0	60.057	0.016651	6.6958	7.3898	29.777	39.941	84.010	2236.7	0.00080696	7.0988e-05	0.11428	liquid
276.60	2200.0	60.041	0.016655	6.7012	7.3954	29.797	39.940	84.029	2235.5	0.00081458	7.0938e-05	0.11421	liquid
276.67	2200.0	60.025	0.016660	6.7066	7.4010	29.817	39.940	84.047	2234.3	0.00082222	7.0889e-05	0.11415	liquid
276.73	2200.0	60.008	0.016664	6.7121	7.4066	29.838	39.939	84.066	2233.0	0.00082986	7.0839e-05	0.11408	liquid
276.80	2200.0	59.992	0.016669	6.7175	7.4122	29.858	39.939	84.085	2231.8	0.00083753	7.0790e-05	0.11402	liquid
276.87	2200.0	59.976	0.016673	6.7229	7.4178	29.878	39.939	84.104	2230.6	0.00084520	7.0740e-05	0.11396	liquid
276.93	2200.0	59.960	0.016678	6.7283	7.4234	29.898	39.938	84.123	2229.4	0.00085289	7.0691e-05	0.11389	liquid
277.00	2200.0	59.943	0.016682	6.7337	7.4290	29.919	39.938	84.142	2228.1	0.00086059	7.0642e-05	0.11383	liquid
277.07	2200.0	59.927	0.016687	6.7391	7.4346	29.939	39.938	84.161	2226.9	0.00086831	7.0592e-05	0.11377	liquid
277.13	2200.0	59.911	0.016691	6.7446	7.4402	29.959	39.937	84.180	2225.7	0.00087604	7.0543e-05	0.11370	liquid
277.20	2200.0	59.895	0.016696	6.7500	7.4458	29.979	39.937	84.199	2224.5	0.00088378	7.0494e-05	0.11364	liquid
277.27	2200.0	59.878	0.016701	6.7554	7.4515	30.000	39.937	84.218	2223.2	0.00089154	7.0444e-05	0.11358	liquid
277.33	2200.0	59.862	0.016705	6.7608	7.4571	30.020	39.936	84.237	2222.0	0.00089931	7.0395e-05	0.11351	liquid
277.40	2200.0	59.846	0.016710	6.7663	7.4627	30.040	39.936	84.256	2220.8	0.00090710	7.0346e-05	0.11345	liquid
277.47	2200.0	59.829	0.016714	6.7717	7.4683	30.060	39.935	84.275	2219.5	0.00091489	7.0297e-05	0.11339	liquid
277.53	2200.0	59.813	0.016719	6.7771	7.4739	30.081	39.935	84.294	2218.3	0.00092271	7.0248e-05	0.11332	liquid
277.60	2200.0	59.797	0.016723	6.7826	7.4795	30.101	39.935	84.313	2217.1	0.00093053	7.0199e-05	0.11326	liquid
277.67	2200.0	59.780	0.016728	6.7880	7.4852	30.121	39.934	84.333	2215.9	0.00093838	7.0149e-05	0.11320	liquid
277.73	2200.0	59.764	0.016732	6.7934	7.4908	30.141	39.934	84.352	2214.6	0.00094623	7.0100e-05	0.11313	liquid
277.80	2200.0	59.748	0.016737	6.7989	7.4964	30.162	39.934	84.371	2213.4	0.00095410	7.0051e-05	0.11307	liquid
277.87	2200.0	59.731	0.016742	6.8043	7.5020	30.182	39.933	84.391	2212.2	0.00096198	7.0002e-05	0.11300	liquid
277.93	2200.0	59.715	0.016746	6.8097	7.5077	30.202	39.933	84.410	2210.9	0.00096988	6.9953e-05	0.11294	liquid
278.00	2200.0	59.699	0.016751	6.8152	7.5133	30.222	39.933	84.429	2209.7	0.00097779	6.9904e-05	0.11288	liquid
278.07	2200.0	59.682	0.016755	6.8206	7.5189	30.243	39.932	84.449	2208.5	0.00098572	6.9856e-05	0.11281	liquid
278.13	2200.0	59.666	0.016760	6.8260	7.5245	30.263	39.932	84.468	2207.3	0.00099366	6.9807e-05	0.11275	liquid
278.20	2200.0	59.649	0.016765	6.8315	7.5302	30.283	39.932	84.488	2206.0	0.0010016	6.9758e-05	0.11269	liquid
278.27	2200.0	59.633	0.016769	6.8369	7.5358	30.303	39.931	84.508	2204.8	0.0010096	6.9709e-05	0.11262	liquid
278.33	2200.0	59.616	0.016774	6.8424	7.5414	30.324	39.931	84.527	2203.6	0.0010176	6.9660e-05	0.11256	liquid
278.40	2200.0	59.600	0.016779	6.8478	7.5471	30.344	39.931	84.547	2202.3	0.0010256	6.9611e-05	0.11250	liquid
278.47	2200.0	59.584	0.016783	6.8532	7.5527	30.364	39.931	84.566	2201.1	0.0010336	6.9563e-05	0.11243	liquid
278.53	2200.0	59.567	0.016788	6.8587	7.5584	30.384	39.930	84.586	2199.9	0.0010416	6.9514e-05	0.11237	liquid
278.60	2200.0	59.551	0.016792	6.8641	7.5640	30.405	39.930	84.606	2198.7	0.0010496	6.9465e-05	0.11231	liquid
278.67	2200.0	59.534	0.016797	6.8696	7.5696	30.425	39.930	84.626	2197.4	0.0010577	6.9417e-05	0.11224	liquid
278.73	2200.0	59.518	0.016802	6.8750	7.5753	30.445	39.929	84.645	2196.2	0.0010658	6.9368e-05	0.11218	liquid
278.80	2200.0	59.501	0.016806	6.8805	7.5809	30.465	39.929	84.665	2195.0	0.0010739	6.9319e-05	0.11212	liquid
278.87	2200.0	59.485	0.016811	6.8859	7.5866	30.485	39.929	84.685	2193.7	0.0010820	6.9271e-05	0.11205	liquid
278.93	2200.0	59.468	0.016816	6.8914	7.5922	30.506	39.928	84.705	2192.5	0.0010901	6.9222e-05	0.11199	liquid
279.00	2200.0	59.452	0.016820	6.8968	7.5979	30.526	39.928	84.725	2191.3	0.0010982	6.9174e-05	0.11193	liquid
279.07	2200.0	59.435	0.016825	6.9023	7.6035	30.546	39.928	84.745	2190.1	0.0011063	6.9125e-05	0.11186	liquid
279.13	2200.0	59.419	0.016830	6.9077	7.6092	30.566	39.927	84.765	2188.8	0.0011145	6.9077e-05	0.11180	liquid
279.20	2200.0	59.402	0.016834	6.9132	7.6148	30.587	39.927	84.785	2187.6	0.0011227	6.9028e-05	0.11174	liquid
279.27	2200.0	59.386	0.016839	6.9187	7.6205	30.607	39.927	84.805	2186.4	0.0011309	6.8980e-05	0.11168	liquid
279.33	2200.0	59.369	0.016844	6.9241	7.6261	30.627	39.927	84.825	2185.1	0.0011391	6.8931e-05	0.11161	liquid
279.40	2200.0	59.353	0.016848	6.9296	7.6318	30.647	39.926	84.845	2183.9	0.0011473	6.8883e-05	0.11155	liquid
279.47	2200.0	59.336	0.016853	6.9350	7.6374	30.668	39.926	84.865	2182.7	0.0011555	6.8835e-05	0.11149	liquid
279.53	2200.0	59.319	0.016858	6.9405	7.6431	30.688	39.926	84.886	2181.4	0.0011638	6.8786e-05	0.11142	liquid
279.60	2200.0	59.303	0.016863	6.9460	7.6488	30.708	39.925	84.906	2180.2	0.0011720	6.8738e-05	0.11136	liquid
279.67	2200.0	59.286	0.016867	6.9514	7.6544	30.728	39.925	84.926	2179.0	0.0011803	6.8690e-05	0.11130	liquid
279.73	2200.0	59.270	0.016872	6.9569	7.6601	30.749	39.925	84.946	2177.7	0.0011886	6.8642e-05	0.11123	liquid
279.80	2200.0	59.253	0.016877	6.9624	7.6657	30.769	39.925	84.967	2176.5	0.0011969	6.8593e-05	0.11117	liquid
279.87	2200.0	59.236	0.016881	6.9678	7.6714	30.789	39.924	84.987	2175.3	0.0012052	6.8545e-05	0.11111	liquid
279.93	2200.0	59.220	0.016886	6.9733	7.6771	30.809	39.924	85.008	2174.1	0.0012136	6.8497e-05	0.11104	liquid
280.00	2200.0	59.203	0.016891	6.9788	7.6827	30.830	39.924	85.028	2172.8	0.0012219	6.8449e-05	0.11098	liquid
280.07	2200.0	59.187	0.016896	6.9842	7.6884	30.850	39.924	85.049	2171.6	0.0012303	6.8401e-05	0.11092	liquid
280.13	2200.0	59.170	0.016900	6.9897	7.6941	30.870	39.923	85.069	2170.4	0.0012387	6.8353e-05	0.11086	liquid
280.20	2200.0	59.153	0.016905	6.9952	7.6998	30.890	39.923	85.090	2169.1	0.0012471	6.8305e-05	0.11079	liquid
280.27	2200.0	59.137	0.016910	7.0007	7.7054	30.911	39.923	85.110	2167.9	0.0012555	6.8257e-05	0.11073	liquid
280.33	2200.0	59.120	0.016915	7.0061	7.7111	30.931	39.922	85.131	2166.7	0.0012639	6.8209e-05	0.11067	liquid
280.40	2200.0	59.103	0.016920	7.0116	7.7168	30.951	39.922	85.152	2165.4	0.0012724	6.8161e-05	0.11060	liquid
280.47	2200.0	59.087	0.016924	7.0171	7.7225	30.971	39.922	85.172	2164.2	0.0012808	6.8113e-05	0.11054	liquid
280.53	2200.0	59.070	0.016929	7.0226	7.7281	30.992	39.922	85.193	2163.0	0.0012893	6.8065e-05	0.11048	liquid
280.60	2200.0	59.053	0.016934	7.0281	7.7338	31.012	39.921	85.214	2161.7	0.0012978	6.8017e-05	0.11041	liquid
280.67	2200.0	59.036	0.016939	7.0335	7.7395	31.032	39.921	85.235	2160.5	0.0013063	6.7969e-05	0.11035	liquid
280.73	2200.0	59.020	0.016944	7.0390	7.7452	31.052	39.921	85.256	2159.3	0.0013148	6.7921e-05	0.11029	liquid
280.80	2200.0	59.003	0.016948	7.0445	7.7509	31.073	39.921	85.276	2158.0	0.0013234	6.7874e-05	0.11023	liquid
280.87	2200.0	58.986	0.016953	7.0500	7.7565	31.093	39.920	85.297	2156.8	0.0013319	6.7826e-05	0.11016	liquid
280.93	2200.0	58.969	0.016958	7.0555	7.7622	31.113	39.920	85.318	2155.6	0.0013405	6.7778e-05	0.11010	liquid
281.00	2200.0	58.953	0.016963	7.0610	7.7679	31.133	39.920	85.339	2154.3	0.0013491	6.7730e-05	0.11004	liquid
281.07	2200.0	58.936	0.016968	7.0664	7.7736	31.154	39.920	85.360	2153.1	0.0013577	6.7682e-05	0.10997	liquid
281.13	2200.0	58.919	0.016972	7.0719	7.7793	31.174	39.920	85.382	2151.9	0.0013663	6.7635e-05	0.10991	liquid
281.20	2200.0	58.902	0.016977	7.0774	7.7850	31.194	39.919	85.403	2150.6	0.0013750	6.7587e-05	0.10985	liquid
281.27	2200.0	58.885	0.016982	7.0829	7.7907	31.214	39.919	85.424	2149.4	0.0013836	6.7539e-05	0.10979	liquid
281.33	2200.0	58.869	0.016987	7.0884	7.7964	31.235	39.919	85.445	2148.2	0.0013923	6.7492e-05	0.10972	liquid
281.40	2200.0	58.852	0.016992	7.0939	7.8021	31.255	39.919	85.466	2146.9	0.0014010	6.7444e-05	0.10966	liquid
281.47	2200.0	58.835	0.016997	7.0994	7.8078	31.275	39.918	85.488	2145.7	0.0014097	6.7397e-05	0.10960	liquid
281.53	2200.0	58.818	0.017002	7.1049	7.8135	31.295	39.918	85.509	2144.5	0.0014184	6.7349e-05	0.10954	liquid
281.60	2200.0	58.801	0.017006	7.1104	7.8192	31.316	39.918	85.530	2143.2	0.0014271	6.7302e-05	0.10947	liquid
281.67	2200.0	58.784	0.017011	7.1159	7.8249	31.336	39.918	85.552	2142.0	0.0014359	6.7254e-05	0.10941	liquid
281.73	2200.0	58.768	0.017016	7.1214	7.8306	31.356	39.918	85.573	2140.8	0.0014446	6.7207e-05	0.10935	liquid
281.80	2200.0	58.751	0.017021	7.1269	7.8363	31.376	39.917	85.595	2139.5	0.0014534	6.7159e-05	0.10928	liquid
281.87	2200.0	58.734	0.017026	7.1324	7.8420	31.397	39.917	85.616	2138.3	0.0014622	6.7112e-05	0.10922	liquid
281.93	2200.0	58.717	0.017031	7.1379	7.8477	31.417	39.917	85.638	2137.1	0.0014710	6.7064e-05	0.10916	liquid
282.00	2200.0	58.700	0.017036	7.1434	7.8534	31.437	39.917	85.659	2135.8	0.0014799	6.7017e-05	0.10910	liquid
282.07	2200.0	58.683	0.017041	7.1489	7.8591	31.457	39.916	85.681	2134.6	0.0014887	6.6970e-05	0.10903	liquid
282.13	2200.0	58.666	0.017046	7.1544	7.8648	31.478	39.916	85.702	2133.4	0.0014976	6.6922e-05	0.10897	liquid
282.20	2200.0	58.649	0.017051	7.1599	7.8706	31.498	39.916	85.724	2132.1	0.0015065	6.6875e-05	0.10891	liquid
282.27	2200.0	58.632	0.017055	7.1655	7.8763	31.518	39.916	85.746	2130.9	0.0015154	6.6828e-05	0.10885	liquid
282.33	2200.0	58.615	0.017060	7.1710	7.8820	31.538	39.916	85.768	2129.6	0.0015243	6.6781e-05	0.10878	liquid
282.40	2200.0	58.598	0.017065	7.1765	7.8877	31.559	39.916	85.789	2128.4	0.0015332	6.6733e-05	0.10872	liquid
282.47	2200.0	58.581	0.017070	7.1820	7.8934	31.579	39.915	85.811	2127.2	0.0015421	6.6686e-05	0.10866	liquid
282.53	2200.0	58.565	0.017075	7.1875	7.8992	31.599	39.915	85.833	2125.9	0.0015511	6.6639e-05	0.10860	liquid
282.60	2200.0	58.548	0.017080	7.1930	7.9049	31.619	39.915	85.855	2124.7	0.0015601	6.6592e-05	0.10853	liquid
282.67	2200.0	58.531	0.017085	7.1985	7.9106	31.640	39.915	85.877	2123.5	0.0015691	6.6545e-05	0.10847	liquid
282.73	2200.0	58.514	0.017090	7.2041	7.9163	31.660	39.915	85.899	2122.2	0.0015781	6.6498e-05	0.10841	liquid
282.80	2200.0	58.497	0.017095	7.2096	7.9221	31.680	39.914	85.921	2121.0	0.0015871	6.6450e-05	0.10835	liquid
282.87	2200.0	58.480	0.017100	7.2151	7.9278	31.700	39.914	85.943	2119.8	0.0015962	6.6403e-05	0.10828	liquid
282.93	2200.0	58.462	0.017105	7.2206	7.9335	31.721	39.914	85.965	2118.5	0.0016053	6.6356e-05	0.10822	liquid
283.00	2200.0	58.445	0.017110	7.2261	7.9392	31.741	39.914	85.988	2117.3	0.0016143	6.6309e-05	0.10816	liquid
283.07	2200.0	58.428	0.017115	7.2317	7.9450	31.761	39.914	86.010	2116.0	0.0016234	6.6262e-05	0.10810	liquid
283.13	2200.0	58.411	0.017120	7.2372	7.9507	31.781	39.914	86.032	2114.8	0.0016326	6.6215e-05	0.10803	liquid
283.20	2200.0	58.394	0.017125	7.2427	7.9564	31.802	39.913	86.054	2113.6	0.0016417	6.6169e-05	0.10797	liquid
283.27	2200.0	58.377	0.017130	7.2483	7.9622	31.822	39.913	86.077	2112.3	0.0016508	6.6122e-05	0.10791	liquid
283.33	2200.0	58.360	0.017135	7.2538	7.9679	31.842	39.913	86.099	2111.1	0.0016600	6.6075e-05	0.10785	liquid
283.40	2200.0	58.343	0.017140	7.2593	7.9737	31.862	39.913	86.122	2109.9	0.0016692	6.6028e-05	0.10778	liquid
283.47	2200.0	58.326	0.017145	7.2649	7.9794	31.883	39.913	86.144	2108.6	0.0016784	6.5981e-05	0.10772	liquid
283.53	2200.0	58.309	0.017150	7.2704	7.9852	31.903	39.913	86.167	2107.4	0.0016876	6.5934e-05	0.10766	liquid
283.60	2200.0	58.292	0.017155	7.2759	7.9909	31.923	39.912	86.189	2106.1	0.0016969	6.5887e-05	0.10760	liquid
283.67	2200.0	58.275	0.017160	7.2815	7.9966	31.943	39.912	86.212	2104.9	0.0017061	6.5841e-05	0.10754	liquid
283.73	2200.0	58.257	0.017165	7.2870	8.0024	31.964	39.912	86.234	2103.7	0.0017154	6.5794e-05	0.10747	liquid
283.80	2200.0	58.240	0.017170	7.2925	8.0081	31.984	39.912	86.257	2102.4	0.0017247	6.5747e-05	0.10741	liquid
283.87	2200.0	58.223	0.017175	7.2981	8.0139	32.004	39.912	86.280	2101.2	0.0017340	6.5700e-05	0.10735	liquid
283.93	2200.0	58.206	0.017180	7.3036	8.0196	32.024	39.912	86.302	2100.0	0.0017433	6.5654e-05	0.10729	liquid
284.00	2200.0	58.189	0.017185	7.3092	8.0254	32.045	39.912	86.325	2098.7	0.0017527	6.5607e-05	0.10722	liquid
284.07	2200.0	58.172	0.017191	7.3147	8.0312	32.065	39.911	86.348	2097.5	0.0017620	6.5560e-05	0.10716	liquid
284.13	2200.0	58.154	0.017196	7.3202	8.0369	32.085	39.911	86.371	2096.2	0.0017714	6.5514e-05	0.10710	liquid
284.20	2200.0	58.137	0.017201	7.3258	8.0427	32.106	39.911	86.394	2095.0	0.0017808	6.5467e-05	0.10704	liquid
284.27	2200.0	58.120	0.017206	7.3313	8.0484	32.126	39.911	86.417	2093.8	0.0017902	6.5421e-05	0.10698	liquid
284.33	2200.0	58.103	0.017211	7.3369	8.0542	32.146	39.911	86.440	2092.5	0.0017997	6.5374e-05	0.10691	liquid
284.40	2200.0	58.085	0.017216	7.3424	8.0600	32.166	39.911	86.463	2091.3	0.0018091	6.5328e-05	0.10685	liquid
284.47	2200.0	58.068	0.017221	7.3480	8.0657	32.187	39.911	86.486	2090.0	0.0018186	6.5281e-05	0.10679	liquid
284.53	2200.0	58.051	0.017226	7.3535	8.0715	32.207	39.911	86.509	2088.8	0.0018281	6.5235e-05	0.10673	liquid
284.60	2200.0	58.034	0.017231	7.3591	8.0773	32.227	39.910	86.532	2087.6	0.0018376	6.5188e-05	0.10667	liquid
284.67	2200.0	58.016	0.017237	7.3647	8.0830	32.247	39.910	86.556	2086.3	0.0018471	6.5142e-05	0.10660	liquid
284.73	2200.0	57.999	0.017242	7.3702	8.0888	32.268	39.910	86.579	2085.1	0.0018567	6.5095e-05	0.10654	liquid
284.80	2200.0	57.982	0.017247	7.3758	8.0946	32.288	39.910	86.602	2083.8	0.0018662	6.5049e-05	0.10648	liquid
284.87	2200.0	57.964	0.017252	7.3813	8.1003	32.308	39.910	86.625	2082.6	0.0018758	6.5002e-05	0.10642	liquid
284.93	2200.0	57.947	0.017257	7.3869	8.1061	32.329	39.910	86.649	2081.4	0.0018854	6.4956e-05	0.10635	liquid
285.00	2200.0	57.930	0.017262	7.3925	8.1119	32.349	39.910	86.672	2080.1	0.0018950	6.4910e-05	0.10629	liquid
285.07	2200.0	57.913	0.017267	7.3980	8.1177	32.369	39.910	86.696	2078.9	0.0019047	6.4863e-05	0.10623	liquid
285.13	2200.0	57.895	0.017273	7.4036	8.1235	32.389	39.910	86.719	2077.6	0.0019143	6.4817e-05	0.10617	liquid
285.20	2200.0	57.878	0.017278	7.4091	8.1292	32.410	39.909	86.743	2076.4	0.0019240	6.4771e-05	0.10611	liquid
285.27	2200.0	57.860	0.017283	7.4147	8.1350	32.430	39.909	86.766	2075.1	0.0019337	6.4725e-05	0.10605	liquid
285.33	2200.0	57.843	0.017288	7.4203	8.1408	32.450	39.909	86.790	2073.9	0.0019434	6.4678e-05	0.10598	liquid
285.40	2200.0	57.826	0.017293	7.4259	8.1466	32.470	39.909	86.814	2072.7	0.0019532	6.4632e-05	0.10592	liquid
285.47	2200.0	57.808	0.017299	7.4314	8.1524	32.491	39.909	86.838	2071.4	0.0019629	6.4586e-05	0.10586	liquid
285.53	2200.0	57.791	0.017304	7.4370	8.1582	32.511	39.909	86.861	2070.2	0.0019727	6.4540e-05	0.10580	liquid
285.60	2200.0	57.773	0.017309	7.4426	8.1640	32.531	39.909	86.885	2068.9	0.0019825	6.4494e-05	0.10574	liquid
285.67	2200.0	57.756	0.017314	7.4481	8.1698	32.552	39.909	86.909	2067.7	0.0019923	6.4448e-05	0.10567	liquid
285.73	2200.0	57.739	0.017319	7.4537	8.1756	32.572	39.909	86.933	2066.4	0.0020021	6.4402e-05	0.10561	liquid
285.80	2200.0	57.721	0.017325	7.4593	8.1814	32.592	39.909	86.957	2065.2	0.0020119	6.4355e-05	0.10555	liquid
285.87	2200.0	57.704	0.017330	7.4649	8.1871	32.612	39.909	86.981	2064.0	0.0020218	6.4309e-05	0.10549	liquid
285.93	2200.0	57.686	0.017335	7.4705	8.1929	32.633	39.909	87.005	2062.7	0.0020317	6.4263e-05	0.10543	liquid
286.00	2200.0	57.669	0.017340	7.4760	8.1987	32.653	39.908	87.029	2061.5	0.0020416	6.4217e-05	0.10536	liquid
286.07	2200.0	57.651	0.017346	7.4816	8.2046	32.673	39.908	87.053	2060.2	0.0020515	6.4171e-05	0.10530	liquid
286.13	2200.0	57.634	0.017351	7.4872	8.2104	32.694	39.908	87.078	2059.0	0.0020615	6.4125e-05	0.10524	liquid
286.20	2200.0	57.616	0.017356	7.4928	8.2162	32.714	39.908	87.102	2057.7	0.0020714	6.4079e-05	0.10518	liquid
286.27	2200.0	57.599	0.017361	7.4984	8.2220	32.734	39.908	87.126	2056.5	0.0020814	6.4034e-05	0.10512	liquid
286.33	2200.0	57.581	0.017367	7.5040	8.2278	32.754	39.908	87.150	2055.3	0.0020914	6.3988e-05	0.10506	liquid
286.40	2200.0	57.564	0.017372	7.5096	8.2336	32.775	39.908	87.175	2054.0	0.0021014	6.3942e-05	0.10499	liquid
286.47	2200.0	57.546	0.017377	7.5152	8.2394	32.795	39.908	87.199	2052.8	0.0021115	6.3896e-05	0.10493	liquid
286.53	2200.0	57.529	0.017383	7.5208	8.2452	32.815	39.908	87.224	2051.5	0.0021215	6.3850e-05	0.10487	liquid
286.60	2200.0	57.511	0.017388	7.5263	8.2510	32.836	39.908	87.248	2050.3	0.0021316	6.3804e-05	0.10481	liquid
286.67	2200.0	57.493	0.017393	7.5319	8.2568	32.856	39.908	87.273	2049.0	0.0021417	6.3758e-05	0.10475	liquid
286.73	2200.0	57.476	0.017399	7.5375	8.2627	32.876	39.908	87.297	2047.8	0.0021518	6.3713e-05	0.10469	liquid
286.80	2200.0	57.458	0.017404	7.5431	8.2685	32.897	39.908	87.322	2046.5	0.0021619	6.3667e-05	0.10462	liquid
286.87	2200.0	57.441	0.017409	7.5487	8.2743	32.917	39.908	87.347	2045.3	0.0021721	6.3621e-05	0.10456	liquid
286.93	2200.0	57.423	0.017415	7.5543	8.2801	32.937	39.908	87.371	2044.1	0.0021823	6.3575e-05	0.10450	liquid
287.00	2200.0	57.405	0.017420	7.5599	8.2860	32.957	39.908	87.396	2042.8	0.0021925	6.3530e-05	0.10444	liquid
287.07	2200.0	57.388	0.017425	7.5655	8.2918	32.978	39.908	87.421	2041.6	0.0022027	6.3484e-05	0.10438	liquid
287.13	2200.0	57.370	0.017431	7.5712	8.2976	32.998	39.908	87.446	2040.3	0.0022129	6.3438e-05	0.10432	liquid
287.20	2200.0	57.352	0.017436	7.5768	8.3034	33.018	39.908	87.471	2039.1	0.0022232	6.3393e-05	0.10426	liquid
287.27	2200.0	57.335	0.017441	7.5824	8.3093	33.039	39.908	87.496	2037.8	0.0022335	6.3347e-05	0.10419	liquid
287.33	2200.0	57.317	0.017447	7.5880	8.3151	33.059	39.908	87.521	2036.6	0.0022438	6.3302e-05	0.10413	liquid
287.40	2200.0	57.299	0.017452	7.5936	8.3209	33.079	39.908	87.546	2035.3	0.0022541	6.3256e-05	0.10407	liquid
287.47	2200.0	57.282	0.017458	7.5992	8.3268	33.100	39.908	87.571	2034.1	0.0022644	6.3210e-05	0.10401	liquid
287.53	2200.0	57.264	0.017463	7.6048	8.3326	33.120	39.908	87.596	2032.8	0.0022748	6.3165e-05	0.10395	liquid
287.60	2200.0	57.246	0.017468	7.6104	8.3385	33.140	39.908	87.622	2031.6	0.0022852	6.3119e-05	0.10389	liquid
287.67	2200.0	57.228	0.017474	7.6160	8.3443	33.160	39.908	87.647	2030.3	0.0022956	6.3074e-05	0.10382	liquid
287.73	2200.0	57.211	0.017479	7.6217	8.3502	33.181	39.908	87.672	2029.1	0.0023060	6.3028e-05	0.10376	liquid
287.80	2200.0	57.193	0.017485	7.6273	8.3560	33.201	39.908	87.698	2027.9	0.0023165	6.2983e-05	0.10370	liquid
287.87	2200.0	57.175	0.017490	7.6329	8.3618	33.221	39.908	87.723	2026.6	0.0023269	6.2937e-05	0.10364	liquid
287.93	2200.0	57.157	0.017496	7.6385	8.3677	33.242	39.908	87.748	2025.4	0.0023374	6.2892e-05	0.10358	liquid
288.00	2200.0	57.140	0.017501	7.6442	8.3735	33.262	39.908	87.774	2024.1	0.0023479	6.2847e-05	0.10352	liquid
288.07	2200.0	57.122	0.017506	7.6498	8.3794	33.282	39.908	87.800	2022.9	0.0023584	6.2801e-05	0.10346	liquid
288.13	2200.0	57.104	0.017512	7.6554	8.3853	33.303	39.908	87.825	2021.6	0.0023690	6.2756e-05	0.10340	liquid
288.20	2200.0	57.086	0.017517	7.6610	8.3911	33.323	39.908	87.851	2020.4	0.0023796	6.2711e-05	0.10333	liquid
288.27	2200.0	57.068	0.017523	7.6667	8.3970	33.343	39.908	87.877	2019.1	0.0023901	6.2665e-05	0.10327	liquid
288.33	2200.0	57.051	0.017528	7.6723	8.4028	33.364	39.908	87.902	2017.9	0.0024008	6.2620e-05	0.10321	liquid
288.40	2200.0	57.033	0.017534	7.6779	8.4087	33.384	39.908	87.928	2016.6	0.0024114	6.2575e-05	0.10315	liquid
288.47	2200.0	57.015	0.017539	7.6836	8.4145	33.404	39.908	87.954	2015.4	0.0024220	6.2529e-05	0.10309	liquid
288.53	2200.0	56.997	0.017545	7.6892	8.4204	33.425	39.908	87.980	2014.1	0.0024327	6.2484e-05	0.10303	liquid
288.60	2200.0	56.979	0.017550	7.6948	8.4263	33.445	39.908	88.006	2012.9	0.0024434	6.2439e-05	0.10297	liquid
288.67	2200.0	56.961	0.017556	7.7005	8.4321	33.465	39.908	88.032	2011.6	0.0024541	6.2394e-05	0.10291	liquid
288.73	2200.0	56.943	0.017561	7.7061	8.4380	33.486	39.908	88.058	2010.4	0.0024649	6.2348e-05	0.10284	liquid
288.80	2200.0	56.925	0.017567	7.7117	8.4439	33.506	39.908	88.084	2009.1	0.0024756	6.2303e-05	0.10278	liquid
288.87	2200.0	56.907	0.017572	7.7174	8.4498	33.526	39.908	88.110	2007.9	0.0024864	6.2258e-05	0.10272	liquid
288.93	2200.0	56.889	0.017578	7.7230	8.4556	33.547	39.908	88.136	2006.6	0.0024972	6.2213e-05	0.10266	liquid
289.00	2200.0	56.872	0.017583	7.7287	8.4615	33.567	39.908	88.163	2005.4	0.0025081	6.2168e-05	0.10260	liquid
289.07	2200.0	56.854	0.017589	7.7343	8.4674	33.587	39.908	88.189	2004.1	0.0025189	6.2123e-05	0.10254	liquid
289.13	2200.0	56.836	0.017595	7.7400	8.4733	33.608	39.908	88.215	2002.9	0.0025298	6.2078e-05	0.10248	liquid
289.20	2200.0	56.818	0.017600	7.7456	8.4792	33.628	39.908	88.242	2001.6	0.0025407	6.2033e-05	0.10242	liquid
289.27	2200.0	56.800	0.017606	7.7513	8.4850	33.648	39.908	88.268	2000.4	0.0025516	6.1988e-05	0.10236	liquid
289.33	2200.0	56.782	0.017611	7.7569	8.4909	33.669	39.908	88.295	1999.1	0.0025625	6.1943e-05	0.10229	liquid
289.40	2200.0	56.764	0.017617	7.7626	8.4968	33.689	39.908	88.321	1997.9	0.0025735	6.1898e-05	0.10223	liquid
289.47	2200.0	56.746	0.017623	7.7682	8.5027	33.709	39.908	88.348	1996.6	0.0025845	6.1853e-05	0.10217	liquid
289.53	2200.0	56.728	0.017628	7.7739	8.5086	33.730	39.908	88.375	1995.4	0.0025955	6.1808e-05	0.10211	liquid
289.60	2200.0	56.709	0.017634	7.7796	8.5145	33.750	39.908	88.401	1994.1	0.0026065	6.1763e-05	0.10205	liquid
289.67	2200.0	56.691	0.017639	7.7852	8.5204	33.770	39.908	88.428	1992.9	0.0026175	6.1718e-05	0.10199	liquid
289.73	2200.0	56.673	0.017645	7.7909	8.5263	33.791	39.909	88.455	1991.6	0.0026286	6.1673e-05	0.10193	liquid
289.80	2200.0	56.655	0.017651	7.7965	8.5322	33.811	39.909	88.482	1990.3	0.0026397	6.1628e-05	0.10187	liquid
289.87	2200.0	56.637	0.017656	7.8022	8.5381	33.831	39.909	88.509	1989.1	0.0026508	6.1583e-05	0.10181	liquid
289.93	2200.0	56.619	0.017662	7.8079	8.5440	33.852	39.909	88.536	1987.8	0.0026620	6.1538e-05	0.10175	liquid
290.00	2200.0	56.601	0.017668	7.8135	8.5499	33.872	39.909	88.563	1986.6	0.0026731	6.1493e-05	0.10168	liquid
