Temperature (K)	Pressure (psia)	Density (lbm/ft3)	Volume (ft3/lbm)	Internal Energy (kJ/mol)	Enthalpy (kJ/mol)	Entropy (J/mol*K)	Cv (J/mol*K)	Cp (J/mol*K)	Sound Spd. (ft/s)	Joule-Thomson (F/psia)	Viscosity (lbm/ft*s)	Therm. Cond. (W/m*K)	Phase
250.00	2700.0	66.576	0.015020	4.5066	5.2749	21.176	40.301	77.346	2798.0	-0.0016876	9.6432e-05	0.14354	liquid
250.07	2700.0	66.563	0.015023	4.5116	5.2800	21.197	40.300	77.354	2796.8	-0.0016841	9.6365e-05	0.14347	liquid
250.13	2700.0	66.550	0.015026	4.5166	5.2852	21.218	40.299	77.362	2795.6	-0.0016806	9.6297e-05	0.14340	liquid
250.20	2700.0	66.537	0.015029	4.5216	5.2903	21.238	40.298	77.370	2794.5	-0.0016771	9.6230e-05	0.14334	liquid
250.27	2700.0	66.523	0.015032	4.5266	5.2955	21.259	40.297	77.379	2793.3	-0.0016736	9.6163e-05	0.14327	liquid
250.33	2700.0	66.510	0.015035	4.5316	5.3007	21.279	40.295	77.387	2792.1	-0.0016700	9.6096e-05	0.14321	liquid
250.40	2700.0	66.497	0.015038	4.5366	5.3058	21.300	40.294	77.395	2791.0	-0.0016665	9.6029e-05	0.14314	liquid
250.47	2700.0	66.484	0.015041	4.5416	5.3110	21.321	40.293	77.403	2789.8	-0.0016630	9.5962e-05	0.14307	liquid
250.53	2700.0	66.470	0.015044	4.5466	5.3161	21.341	40.292	77.411	2788.7	-0.0016595	9.5895e-05	0.14301	liquid
250.60	2700.0	66.457	0.015047	4.5516	5.3213	21.362	40.291	77.419	2787.5	-0.0016559	9.5828e-05	0.14294	liquid
250.67	2700.0	66.444	0.015050	4.5566	5.3265	21.382	40.290	77.428	2786.3	-0.0016524	9.5761e-05	0.14287	liquid
250.73	2700.0	66.431	0.015053	4.5617	5.3316	21.403	40.289	77.436	2785.2	-0.0016488	9.5694e-05	0.14281	liquid
250.80	2700.0	66.417	0.015056	4.5667	5.3368	21.424	40.288	77.444	2784.0	-0.0016453	9.5628e-05	0.14274	liquid
250.87	2700.0	66.404	0.015059	4.5717	5.3419	21.444	40.286	77.452	2782.8	-0.0016417	9.5561e-05	0.14267	liquid
250.93	2700.0	66.391	0.015062	4.5767	5.3471	21.465	40.285	77.461	2781.7	-0.0016382	9.5494e-05	0.14261	liquid
251.00	2700.0	66.378	0.015065	4.5817	5.3523	21.485	40.284	77.469	2780.5	-0.0016346	9.5428e-05	0.14254	liquid
251.07	2700.0	66.364	0.015068	4.5867	5.3574	21.506	40.283	77.477	2779.4	-0.0016310	9.5362e-05	0.14248	liquid
251.13	2700.0	66.351	0.015071	4.5917	5.3626	21.527	40.282	77.486	2778.2	-0.0016275	9.5295e-05	0.14241	liquid
251.20	2700.0	66.338	0.015074	4.5967	5.3678	21.547	40.281	77.494	2777.0	-0.0016239	9.5229e-05	0.14234	liquid
251.27	2700.0	66.324	0.015077	4.6017	5.3729	21.568	40.280	77.502	2775.9	-0.0016203	9.5163e-05	0.14228	liquid
251.33	2700.0	66.311	0.015080	4.6067	5.3781	21.588	40.279	77.510	2774.7	-0.0016167	9.5096e-05	0.14221	liquid
251.40	2700.0	66.298	0.015083	4.6118	5.3833	21.609	40.278	77.519	2773.5	-0.0016131	9.5030e-05	0.14215	liquid
251.47	2700.0	66.285	0.015086	4.6168	5.3884	21.629	40.276	77.527	2772.4	-0.0016095	9.4964e-05	0.14208	liquid
251.53	2700.0	66.271	0.015090	4.6218	5.3936	21.650	40.275	77.536	2771.2	-0.0016059	9.4898e-05	0.14201	liquid
251.60	2700.0	66.258	0.015093	4.6268	5.3988	21.670	40.274	77.544	2770.1	-0.0016023	9.4832e-05	0.14195	liquid
251.67	2700.0	66.245	0.015096	4.6318	5.4039	21.691	40.273	77.552	2768.9	-0.0015987	9.4767e-05	0.14188	liquid
251.73	2700.0	66.231	0.015099	4.6368	5.4091	21.712	40.272	77.561	2767.7	-0.0015951	9.4701e-05	0.14181	liquid
251.80	2700.0	66.218	0.015102	4.6418	5.4143	21.732	40.271	77.569	2766.6	-0.0015914	9.4635e-05	0.14175	liquid
251.87	2700.0	66.205	0.015105	4.6469	5.4195	21.753	40.270	77.578	2765.4	-0.0015878	9.4569e-05	0.14168	liquid
251.93	2700.0	66.191	0.015108	4.6519	5.4246	21.773	40.269	77.586	2764.3	-0.0015842	9.4504e-05	0.14162	liquid
252.00	2700.0	66.178	0.015111	4.6569	5.4298	21.794	40.268	77.594	2763.1	-0.0015805	9.4438e-05	0.14155	liquid
252.07	2700.0	66.165	0.015114	4.6619	5.4350	21.814	40.267	77.603	2761.9	-0.0015769	9.4373e-05	0.14148	liquid
252.13	2700.0	66.151	0.015117	4.6669	5.4402	21.835	40.265	77.611	2760.8	-0.0015733	9.4307e-05	0.14142	liquid
252.20	2700.0	66.138	0.015120	4.6720	5.4453	21.855	40.264	77.620	2759.6	-0.0015696	9.4242e-05	0.14135	liquid
252.27	2700.0	66.125	0.015123	4.6770	5.4505	21.876	40.263	77.628	2758.5	-0.0015659	9.4177e-05	0.14129	liquid
252.33	2700.0	66.111	0.015126	4.6820	5.4557	21.896	40.262	77.637	2757.3	-0.0015623	9.4111e-05	0.14122	liquid
252.40	2700.0	66.098	0.015129	4.6870	5.4609	21.917	40.261	77.645	2756.1	-0.0015586	9.4046e-05	0.14115	liquid
252.47	2700.0	66.084	0.015132	4.6920	5.4660	21.937	40.260	77.654	2755.0	-0.0015549	9.3981e-05	0.14109	liquid
252.53	2700.0	66.071	0.015135	4.6970	5.4712	21.958	40.259	77.662	2753.8	-0.0015513	9.3916e-05	0.14102	liquid
252.60	2700.0	66.058	0.015138	4.7021	5.4764	21.978	40.258	77.671	2752.6	-0.0015476	9.3851e-05	0.14096	liquid
252.67	2700.0	66.044	0.015141	4.7071	5.4816	21.999	40.257	77.680	2751.5	-0.0015439	9.3786e-05	0.14089	liquid
252.73	2700.0	66.031	0.015144	4.7121	5.4867	22.019	40.256	77.688	2750.3	-0.0015402	9.3721e-05	0.14082	liquid
252.80	2700.0	66.018	0.015147	4.7171	5.4919	22.040	40.255	77.697	2749.2	-0.0015365	9.3657e-05	0.14076	liquid
252.87	2700.0	66.004	0.015151	4.7222	5.4971	22.060	40.254	77.705	2748.0	-0.0015328	9.3592e-05	0.14069	liquid
252.93	2700.0	65.991	0.015154	4.7272	5.5023	22.081	40.253	77.714	2746.8	-0.0015291	9.3527e-05	0.14063	liquid
253.00	2700.0	65.977	0.015157	4.7322	5.5075	22.101	40.252	77.723	2745.7	-0.0015254	9.3463e-05	0.14056	liquid
253.07	2700.0	65.964	0.015160	4.7372	5.5126	22.122	40.250	77.731	2744.5	-0.0015217	9.3398e-05	0.14049	liquid
253.13	2700.0	65.951	0.015163	4.7423	5.5178	22.142	40.249	77.740	2743.4	-0.0015179	9.3333e-05	0.14043	liquid
253.20	2700.0	65.937	0.015166	4.7473	5.5230	22.163	40.248	77.748	2742.2	-0.0015142	9.3269e-05	0.14036	liquid
253.27	2700.0	65.924	0.015169	4.7523	5.5282	22.183	40.247	77.757	2741.0	-0.0015105	9.3205e-05	0.14030	liquid
253.33	2700.0	65.910	0.015172	4.7573	5.5334	22.204	40.246	77.766	2739.9	-0.0015067	9.3140e-05	0.14023	liquid
253.40	2700.0	65.897	0.015175	4.7624	5.5386	22.224	40.245	77.775	2738.7	-0.0015030	9.3076e-05	0.14016	liquid
253.47	2700.0	65.883	0.015178	4.7674	5.5437	22.245	40.244	77.783	2737.6	-0.0014993	9.3012e-05	0.14010	liquid
253.53	2700.0	65.870	0.015181	4.7724	5.5489	22.265	40.243	77.792	2736.4	-0.0014955	9.2948e-05	0.14003	liquid
253.60	2700.0	65.857	0.015184	4.7774	5.5541	22.285	40.242	77.801	2735.2	-0.0014917	9.2884e-05	0.13997	liquid
253.67	2700.0	65.843	0.015188	4.7825	5.5593	22.306	40.241	77.809	2734.1	-0.0014880	9.2820e-05	0.13990	liquid
253.73	2700.0	65.830	0.015191	4.7875	5.5645	22.326	40.240	77.818	2732.9	-0.0014842	9.2756e-05	0.13984	liquid
253.80	2700.0	65.816	0.015194	4.7925	5.5697	22.347	40.239	77.827	2731.8	-0.0014804	9.2692e-05	0.13977	liquid
253.87	2700.0	65.803	0.015197	4.7976	5.5749	22.367	40.238	77.836	2730.6	-0.0014767	9.2628e-05	0.13970	liquid
253.93	2700.0	65.789	0.015200	4.8026	5.5801	22.388	40.237	77.844	2729.4	-0.0014729	9.2564e-05	0.13964	liquid
254.00	2700.0	65.776	0.015203	4.8076	5.5853	22.408	40.236	77.853	2728.3	-0.0014691	9.2500e-05	0.13957	liquid
254.07	2700.0	65.763	0.015206	4.8127	5.5904	22.429	40.235	77.862	2727.1	-0.0014653	9.2437e-05	0.13951	liquid
254.13	2700.0	65.749	0.015209	4.8177	5.5956	22.449	40.234	77.871	2726.0	-0.0014615	9.2373e-05	0.13944	liquid
254.20	2700.0	65.736	0.015212	4.8227	5.6008	22.469	40.233	77.880	2724.8	-0.0014577	9.2310e-05	0.13938	liquid
254.27	2700.0	65.722	0.015216	4.8277	5.6060	22.490	40.232	77.889	2723.7	-0.0014539	9.2246e-05	0.13931	liquid
254.33	2700.0	65.709	0.015219	4.8328	5.6112	22.510	40.231	77.897	2722.5	-0.0014501	9.2183e-05	0.13924	liquid
254.40	2700.0	65.695	0.015222	4.8378	5.6164	22.531	40.230	77.906	2721.3	-0.0014462	9.2119e-05	0.13918	liquid
254.47	2700.0	65.682	0.015225	4.8428	5.6216	22.551	40.228	77.915	2720.2	-0.0014424	9.2056e-05	0.13911	liquid
254.53	2700.0	65.668	0.015228	4.8479	5.6268	22.571	40.227	77.924	2719.0	-0.0014386	9.1993e-05	0.13905	liquid
254.60	2700.0	65.655	0.015231	4.8529	5.6320	22.592	40.226	77.933	2717.9	-0.0014348	9.1929e-05	0.13898	liquid
254.67	2700.0	65.641	0.015234	4.8580	5.6372	22.612	40.225	77.942	2716.7	-0.0014309	9.1866e-05	0.13892	liquid
254.73	2700.0	65.628	0.015237	4.8630	5.6424	22.633	40.224	77.951	2715.5	-0.0014271	9.1803e-05	0.13885	liquid
254.80	2700.0	65.614	0.015241	4.8680	5.6476	22.653	40.223	77.960	2714.4	-0.0014232	9.1740e-05	0.13878	liquid
254.87	2700.0	65.601	0.015244	4.8731	5.6528	22.673	40.222	77.969	2713.2	-0.0014194	9.1677e-05	0.13872	liquid
254.93	2700.0	65.587	0.015247	4.8781	5.6580	22.694	40.221	77.978	2712.1	-0.0014155	9.1614e-05	0.13865	liquid
255.00	2700.0	65.574	0.015250	4.8831	5.6632	22.714	40.220	77.987	2710.9	-0.0014116	9.1551e-05	0.13859	liquid
255.07	2700.0	65.560	0.015253	4.8882	5.6684	22.735	40.219	77.996	2709.7	-0.0014078	9.1489e-05	0.13852	liquid
255.13	2700.0	65.547	0.015256	4.8932	5.6736	22.755	40.218	78.005	2708.6	-0.0014039	9.1426e-05	0.13846	liquid
255.20	2700.0	65.533	0.015259	4.8983	5.6788	22.775	40.217	78.014	2707.4	-0.0014000	9.1363e-05	0.13839	liquid
255.27	2700.0	65.520	0.015263	4.9033	5.6840	22.796	40.216	78.023	2706.3	-0.0013961	9.1301e-05	0.13833	liquid
255.33	2700.0	65.506	0.015266	4.9083	5.6892	22.816	40.215	78.032	2705.1	-0.0013922	9.1238e-05	0.13826	liquid
255.40	2700.0	65.493	0.015269	4.9134	5.6944	22.837	40.214	78.041	2704.0	-0.0013883	9.1176e-05	0.13820	liquid
255.47	2700.0	65.479	0.015272	4.9184	5.6996	22.857	40.213	78.050	2702.8	-0.0013844	9.1113e-05	0.13813	liquid
255.53	2700.0	65.465	0.015275	4.9235	5.7048	22.877	40.212	78.059	2701.6	-0.0013805	9.1051e-05	0.13806	liquid
255.60	2700.0	65.452	0.015278	4.9285	5.7100	22.898	40.211	78.068	2700.5	-0.0013766	9.0988e-05	0.13800	liquid
255.67	2700.0	65.438	0.015282	4.9335	5.7152	22.918	40.210	78.077	2699.3	-0.0013727	9.0926e-05	0.13793	liquid
255.73	2700.0	65.425	0.015285	4.9386	5.7204	22.938	40.209	78.086	2698.2	-0.0013687	9.0864e-05	0.13787	liquid
255.80	2700.0	65.411	0.015288	4.9436	5.7256	22.959	40.208	78.095	2697.0	-0.0013648	9.0802e-05	0.13780	liquid
255.87	2700.0	65.398	0.015291	4.9487	5.7308	22.979	40.207	78.105	2695.9	-0.0013609	9.0739e-05	0.13774	liquid
255.93	2700.0	65.384	0.015294	4.9537	5.7360	22.999	40.206	78.114	2694.7	-0.0013569	9.0677e-05	0.13767	liquid
256.00	2700.0	65.371	0.015297	4.9588	5.7412	23.020	40.205	78.123	2693.5	-0.0013530	9.0615e-05	0.13761	liquid
256.07	2700.0	65.357	0.015301	4.9638	5.7464	23.040	40.204	78.132	2692.4	-0.0013490	9.0553e-05	0.13754	liquid
256.13	2700.0	65.343	0.015304	4.9689	5.7516	23.060	40.203	78.141	2691.2	-0.0013451	9.0492e-05	0.13748	liquid
256.20	2700.0	65.330	0.015307	4.9739	5.7569	23.081	40.202	78.150	2690.1	-0.0013411	9.0430e-05	0.13741	liquid
256.27	2700.0	65.316	0.015310	4.9790	5.7621	23.101	40.201	78.160	2688.9	-0.0013371	9.0368e-05	0.13735	liquid
256.33	2700.0	65.303	0.015313	4.9840	5.7673	23.121	40.200	78.169	2687.7	-0.0013332	9.0306e-05	0.13728	liquid
256.40	2700.0	65.289	0.015317	4.9891	5.7725	23.142	40.199	78.178	2686.6	-0.0013292	9.0245e-05	0.13721	liquid
256.47	2700.0	65.275	0.015320	4.9941	5.7777	23.162	40.198	78.187	2685.4	-0.0013252	9.0183e-05	0.13715	liquid
256.53	2700.0	65.262	0.015323	4.9992	5.7829	23.182	40.197	78.197	2684.3	-0.0013212	9.0121e-05	0.13708	liquid
256.60	2700.0	65.248	0.015326	5.0042	5.7881	23.203	40.196	78.206	2683.1	-0.0013172	9.0060e-05	0.13702	liquid
256.67	2700.0	65.235	0.015329	5.0093	5.7933	23.223	40.195	78.215	2682.0	-0.0013132	8.9998e-05	0.13695	liquid
256.73	2700.0	65.221	0.015332	5.0143	5.7986	23.243	40.194	78.224	2680.8	-0.0013092	8.9937e-05	0.13689	liquid
256.80	2700.0	65.207	0.015336	5.0194	5.8038	23.264	40.194	78.234	2679.6	-0.0013052	8.9876e-05	0.13682	liquid
256.87	2700.0	65.194	0.015339	5.0244	5.8090	23.284	40.193	78.243	2678.5	-0.0013012	8.9814e-05	0.13676	liquid
256.93	2700.0	65.180	0.015342	5.0295	5.8142	23.304	40.192	78.252	2677.3	-0.0012971	8.9753e-05	0.13669	liquid
257.00	2700.0	65.166	0.015345	5.0345	5.8194	23.325	40.191	78.262	2676.2	-0.0012931	8.9692e-05	0.13663	liquid
257.07	2700.0	65.153	0.015349	5.0396	5.8246	23.345	40.190	78.271	2675.0	-0.0012891	8.9631e-05	0.13656	liquid
257.13	2700.0	65.139	0.015352	5.0446	5.8299	23.365	40.189	78.281	2673.9	-0.0012850	8.9570e-05	0.13650	liquid
257.20	2700.0	65.126	0.015355	5.0497	5.8351	23.385	40.188	78.290	2672.7	-0.0012810	8.9509e-05	0.13643	liquid
257.27	2700.0	65.112	0.015358	5.0547	5.8403	23.406	40.187	78.299	2671.6	-0.0012769	8.9448e-05	0.13637	liquid
257.33	2700.0	65.098	0.015361	5.0598	5.8455	23.426	40.186	78.309	2670.4	-0.0012729	8.9387e-05	0.13630	liquid
257.40	2700.0	65.085	0.015365	5.0648	5.8507	23.446	40.185	78.318	2669.2	-0.0012688	8.9326e-05	0.13624	liquid
257.47	2700.0	65.071	0.015368	5.0699	5.8560	23.467	40.184	78.328	2668.1	-0.0012647	8.9265e-05	0.13617	liquid
257.53	2700.0	65.057	0.015371	5.0750	5.8612	23.487	40.183	78.337	2666.9	-0.0012607	8.9204e-05	0.13611	liquid
257.60	2700.0	65.044	0.015374	5.0800	5.8664	23.507	40.182	78.346	2665.8	-0.0012566	8.9144e-05	0.13604	liquid
257.67	2700.0	65.030	0.015378	5.0851	5.8716	23.527	40.181	78.356	2664.6	-0.0012525	8.9083e-05	0.13598	liquid
257.73	2700.0	65.016	0.015381	5.0901	5.8768	23.548	40.180	78.365	2663.5	-0.0012484	8.9022e-05	0.13591	liquid
257.80	2700.0	65.003	0.015384	5.0952	5.8821	23.568	40.179	78.375	2662.3	-0.0012443	8.8962e-05	0.13585	liquid
257.87	2700.0	64.989	0.015387	5.1002	5.8873	23.588	40.178	78.384	2661.1	-0.0012402	8.8901e-05	0.13578	liquid
257.93	2700.0	64.975	0.015390	5.1053	5.8925	23.609	40.177	78.394	2660.0	-0.0012361	8.8841e-05	0.13572	liquid
258.00	2700.0	64.961	0.015394	5.1104	5.8978	23.629	40.176	78.404	2658.8	-0.0012320	8.8781e-05	0.13565	liquid
258.07	2700.0	64.948	0.015397	5.1154	5.9030	23.649	40.175	78.413	2657.7	-0.0012279	8.8720e-05	0.13559	liquid
258.13	2700.0	64.934	0.015400	5.1205	5.9082	23.669	40.174	78.423	2656.5	-0.0012237	8.8660e-05	0.13552	liquid
258.20	2700.0	64.920	0.015403	5.1256	5.9134	23.690	40.174	78.432	2655.4	-0.0012196	8.8600e-05	0.13546	liquid
258.27	2700.0	64.907	0.015407	5.1306	5.9187	23.710	40.173	78.442	2654.2	-0.0012155	8.8540e-05	0.13539	liquid
258.33	2700.0	64.893	0.015410	5.1357	5.9239	23.730	40.172	78.451	2653.1	-0.0012113	8.8480e-05	0.13533	liquid
258.40	2700.0	64.879	0.015413	5.1407	5.9291	23.750	40.171	78.461	2651.9	-0.0012072	8.8420e-05	0.13526	liquid
258.47	2700.0	64.866	0.015417	5.1458	5.9344	23.771	40.170	78.471	2650.7	-0.0012030	8.8359e-05	0.13520	liquid
258.53	2700.0	64.852	0.015420	5.1509	5.9396	23.791	40.169	78.480	2649.6	-0.0011989	8.8300e-05	0.13513	liquid
258.60	2700.0	64.838	0.015423	5.1559	5.9448	23.811	40.168	78.490	2648.4	-0.0011947	8.8240e-05	0.13507	liquid
258.67	2700.0	64.824	0.015426	5.1610	5.9501	23.831	40.167	78.500	2647.3	-0.0011905	8.8180e-05	0.13500	liquid
258.73	2700.0	64.811	0.015430	5.1661	5.9553	23.851	40.166	78.509	2646.1	-0.0011864	8.8120e-05	0.13494	liquid
258.80	2700.0	64.797	0.015433	5.1711	5.9605	23.872	40.165	78.519	2645.0	-0.0011822	8.8060e-05	0.13487	liquid
258.87	2700.0	64.783	0.015436	5.1762	5.9658	23.892	40.164	78.529	2643.8	-0.0011780	8.8001e-05	0.13481	liquid
258.93	2700.0	64.769	0.015439	5.1813	5.9710	23.912	40.163	78.538	2642.7	-0.0011738	8.7941e-05	0.13474	liquid
259.00	2700.0	64.756	0.015443	5.1863	5.9762	23.932	40.162	78.548	2641.5	-0.0011696	8.7881e-05	0.13468	liquid
259.07	2700.0	64.742	0.015446	5.1914	5.9815	23.953	40.162	78.558	2640.3	-0.0011654	8.7822e-05	0.13461	liquid
259.13	2700.0	64.728	0.015449	5.1965	5.9867	23.973	40.161	78.568	2639.2	-0.0011612	8.7762e-05	0.13455	liquid
259.20	2700.0	64.714	0.015453	5.2015	5.9919	23.993	40.160	78.577	2638.0	-0.0011570	8.7703e-05	0.13448	liquid
259.27	2700.0	64.700	0.015456	5.2066	5.9972	24.013	40.159	78.587	2636.9	-0.0011527	8.7643e-05	0.13442	liquid
259.33	2700.0	64.687	0.015459	5.2117	6.0024	24.033	40.158	78.597	2635.7	-0.0011485	8.7584e-05	0.13435	liquid
259.40	2700.0	64.673	0.015462	5.2168	6.0077	24.054	40.157	78.607	2634.6	-0.0011443	8.7525e-05	0.13429	liquid
259.47	2700.0	64.659	0.015466	5.2218	6.0129	24.074	40.156	78.617	2633.4	-0.0011400	8.7466e-05	0.13422	liquid
259.53	2700.0	64.645	0.015469	5.2269	6.0181	24.094	40.155	78.626	2632.3	-0.0011358	8.7406e-05	0.13416	liquid
259.60	2700.0	64.632	0.015472	5.2320	6.0234	24.114	40.154	78.636	2631.1	-0.0011315	8.7347e-05	0.13409	liquid
259.67	2700.0	64.618	0.015476	5.2371	6.0286	24.134	40.153	78.646	2630.0	-0.0011273	8.7288e-05	0.13403	liquid
259.73	2700.0	64.604	0.015479	5.2421	6.0339	24.155	40.152	78.656	2628.8	-0.0011230	8.7229e-05	0.13396	liquid
259.80	2700.0	64.590	0.015482	5.2472	6.0391	24.175	40.152	78.666	2627.6	-0.0011187	8.7170e-05	0.13390	liquid
259.87	2700.0	64.576	0.015486	5.2523	6.0444	24.195	40.151	78.676	2626.5	-0.0011145	8.7111e-05	0.13384	liquid
259.93	2700.0	64.563	0.015489	5.2574	6.0496	24.215	40.150	78.686	2625.3	-0.0011102	8.7052e-05	0.13377	liquid
260.00	2700.0	64.549	0.015492	5.2624	6.0548	24.235	40.149	78.696	2624.2	-0.0011059	8.6994e-05	0.13371	liquid
260.07	2700.0	64.535	0.015496	5.2675	6.0601	24.256	40.148	78.706	2623.0	-0.0011016	8.6935e-05	0.13364	liquid
260.13	2700.0	64.521	0.015499	5.2726	6.0653	24.276	40.147	78.716	2621.9	-0.0010973	8.6876e-05	0.13358	liquid
260.20	2700.0	64.507	0.015502	5.2777	6.0706	24.296	40.146	78.726	2620.7	-0.0010930	8.6817e-05	0.13351	liquid
260.27	2700.0	64.493	0.015505	5.2827	6.0758	24.316	40.145	78.736	2619.6	-0.0010887	8.6759e-05	0.13345	liquid
260.33	2700.0	64.480	0.015509	5.2878	6.0811	24.336	40.144	78.746	2618.4	-0.0010843	8.6700e-05	0.13338	liquid
260.40	2700.0	64.466	0.015512	5.2929	6.0863	24.356	40.144	78.756	2617.3	-0.0010800	8.6642e-05	0.13332	liquid
260.47	2700.0	64.452	0.015515	5.2980	6.0916	24.377	40.143	78.766	2616.1	-0.0010757	8.6583e-05	0.13325	liquid
260.53	2700.0	64.438	0.015519	5.3031	6.0968	24.397	40.142	78.776	2614.9	-0.0010714	8.6525e-05	0.13319	liquid
260.60	2700.0	64.424	0.015522	5.3081	6.1021	24.417	40.141	78.786	2613.8	-0.0010670	8.6466e-05	0.13312	liquid
260.67	2700.0	64.410	0.015525	5.3132	6.1073	24.437	40.140	78.796	2612.6	-0.0010627	8.6408e-05	0.13306	liquid
260.73	2700.0	64.396	0.015529	5.3183	6.1126	24.457	40.139	78.806	2611.5	-0.0010583	8.6350e-05	0.13300	liquid
260.80	2700.0	64.382	0.015532	5.3234	6.1179	24.477	40.138	78.816	2610.3	-0.0010539	8.6291e-05	0.13293	liquid
260.87	2700.0	64.369	0.015536	5.3285	6.1231	24.497	40.137	78.826	2609.2	-0.0010496	8.6233e-05	0.13287	liquid
260.93	2700.0	64.355	0.015539	5.3336	6.1284	24.518	40.137	78.836	2608.0	-0.0010452	8.6175e-05	0.13280	liquid
261.00	2700.0	64.341	0.015542	5.3386	6.1336	24.538	40.136	78.846	2606.9	-0.0010408	8.6117e-05	0.13274	liquid
261.07	2700.0	64.327	0.015546	5.3437	6.1389	24.558	40.135	78.856	2605.7	-0.0010364	8.6059e-05	0.13267	liquid
261.13	2700.0	64.313	0.015549	5.3488	6.1441	24.578	40.134	78.866	2604.6	-0.0010320	8.6001e-05	0.13261	liquid
261.20	2700.0	64.299	0.015552	5.3539	6.1494	24.598	40.133	78.877	2603.4	-0.0010277	8.5943e-05	0.13254	liquid
261.27	2700.0	64.285	0.015556	5.3590	6.1546	24.618	40.132	78.887	2602.3	-0.0010232	8.5885e-05	0.13248	liquid
261.33	2700.0	64.271	0.015559	5.3641	6.1599	24.638	40.131	78.897	2601.1	-0.0010188	8.5827e-05	0.13242	liquid
261.40	2700.0	64.257	0.015562	5.3692	6.1652	24.659	40.131	78.907	2599.9	-0.0010144	8.5770e-05	0.13235	liquid
261.47	2700.0	64.243	0.015566	5.3742	6.1704	24.679	40.130	78.917	2598.8	-0.0010100	8.5712e-05	0.13229	liquid
261.53	2700.0	64.230	0.015569	5.3793	6.1757	24.699	40.129	78.928	2597.6	-0.0010056	8.5654e-05	0.13222	liquid
261.60	2700.0	64.216	0.015573	5.3844	6.1810	24.719	40.128	78.938	2596.5	-0.0010011	8.5596e-05	0.13216	liquid
261.67	2700.0	64.202	0.015576	5.3895	6.1862	24.739	40.127	78.948	2595.3	-0.00099669	8.5539e-05	0.13209	liquid
261.73	2700.0	64.188	0.015579	5.3946	6.1915	24.759	40.126	78.959	2594.2	-0.00099225	8.5481e-05	0.13203	liquid
261.80	2700.0	64.174	0.015583	5.3997	6.1967	24.779	40.125	78.969	2593.0	-0.00098779	8.5424e-05	0.13197	liquid
261.87	2700.0	64.160	0.015586	5.4048	6.2020	24.799	40.125	78.979	2591.9	-0.00098333	8.5366e-05	0.13190	liquid
261.93	2700.0	64.146	0.015589	5.4099	6.2073	24.819	40.124	78.989	2590.7	-0.00097886	8.5309e-05	0.13184	liquid
262.00	2700.0	64.132	0.015593	5.4150	6.2125	24.840	40.123	79.000	2589.6	-0.00097439	8.5252e-05	0.13177	liquid
262.07	2700.0	64.118	0.015596	5.4201	6.2178	24.860	40.122	79.010	2588.4	-0.00096991	8.5194e-05	0.13171	liquid
262.13	2700.0	64.104	0.015600	5.4252	6.2231	24.880	40.121	79.020	2587.3	-0.00096543	8.5137e-05	0.13164	liquid
262.20	2700.0	64.090	0.015603	5.4303	6.2283	24.900	40.120	79.031	2586.1	-0.00096094	8.5080e-05	0.13158	liquid
262.27	2700.0	64.076	0.015606	5.4354	6.2336	24.920	40.119	79.041	2585.0	-0.00095644	8.5023e-05	0.13152	liquid
262.33	2700.0	64.062	0.015610	5.4404	6.2389	24.940	40.119	79.052	2583.8	-0.00095193	8.4965e-05	0.13145	liquid
262.40	2700.0	64.048	0.015613	5.4455	6.2442	24.960	40.118	79.062	2582.6	-0.00094742	8.4908e-05	0.13139	liquid
262.47	2700.0	64.034	0.015617	5.4506	6.2494	24.980	40.117	79.072	2581.5	-0.00094291	8.4851e-05	0.13132	liquid
262.53	2700.0	64.020	0.015620	5.4557	6.2547	25.000	40.116	79.083	2580.3	-0.00093838	8.4794e-05	0.13126	liquid
262.60	2700.0	64.006	0.015623	5.4608	6.2600	25.020	40.115	79.093	2579.2	-0.00093385	8.4737e-05	0.13119	liquid
262.67	2700.0	63.992	0.015627	5.4659	6.2652	25.040	40.114	79.104	2578.0	-0.00092932	8.4681e-05	0.13113	liquid
262.73	2700.0	63.978	0.015630	5.4710	6.2705	25.061	40.114	79.114	2576.9	-0.00092478	8.4624e-05	0.13107	liquid
262.80	2700.0	63.964	0.015634	5.4761	6.2758	25.081	40.113	79.125	2575.7	-0.00092023	8.4567e-05	0.13100	liquid
262.87	2700.0	63.950	0.015637	5.4812	6.2811	25.101	40.112	79.135	2574.6	-0.00091567	8.4510e-05	0.13094	liquid
262.93	2700.0	63.936	0.015641	5.4863	6.2863	25.121	40.111	79.146	2573.4	-0.00091111	8.4453e-05	0.13087	liquid
263.00	2700.0	63.922	0.015644	5.4914	6.2916	25.141	40.110	79.156	2572.3	-0.00090654	8.4397e-05	0.13081	liquid
263.07	2700.0	63.908	0.015647	5.4965	6.2969	25.161	40.110	79.167	2571.1	-0.00090197	8.4340e-05	0.13075	liquid
263.13	2700.0	63.894	0.015651	5.5016	6.3022	25.181	40.109	79.178	2570.0	-0.00089739	8.4284e-05	0.13068	liquid
263.20	2700.0	63.880	0.015654	5.5067	6.3075	25.201	40.108	79.188	2568.8	-0.00089280	8.4227e-05	0.13062	liquid
263.27	2700.0	63.866	0.015658	5.5118	6.3127	25.221	40.107	79.199	2567.7	-0.00088820	8.4171e-05	0.13055	liquid
263.33	2700.0	63.852	0.015661	5.5169	6.3180	25.241	40.106	79.209	2566.5	-0.00088360	8.4114e-05	0.13049	liquid
263.40	2700.0	63.838	0.015665	5.5221	6.3233	25.261	40.105	79.220	2565.4	-0.00087900	8.4058e-05	0.13043	liquid
263.47	2700.0	63.824	0.015668	5.5272	6.3286	25.281	40.105	79.231	2564.2	-0.00087438	8.4001e-05	0.13036	liquid
263.53	2700.0	63.810	0.015672	5.5323	6.3339	25.301	40.104	79.241	2563.1	-0.00086976	8.3945e-05	0.13030	liquid
263.60	2700.0	63.796	0.015675	5.5374	6.3391	25.321	40.103	79.252	2561.9	-0.00086514	8.3889e-05	0.13023	liquid
263.67	2700.0	63.782	0.015678	5.5425	6.3444	25.341	40.102	79.263	2560.8	-0.00086050	8.3833e-05	0.13017	liquid
263.73	2700.0	63.768	0.015682	5.5476	6.3497	25.361	40.101	79.273	2559.6	-0.00085586	8.3777e-05	0.13011	liquid
263.80	2700.0	63.754	0.015685	5.5527	6.3550	25.381	40.101	79.284	2558.5	-0.00085122	8.3720e-05	0.13004	liquid
263.87	2700.0	63.739	0.015689	5.5578	6.3603	25.401	40.100	79.295	2557.3	-0.00084656	8.3664e-05	0.12998	liquid
263.93	2700.0	63.725	0.015692	5.5629	6.3656	25.421	40.099	79.305	2556.1	-0.00084190	8.3608e-05	0.12991	liquid
264.00	2700.0	63.711	0.015696	5.5680	6.3709	25.441	40.098	79.316	2555.0	-0.00083724	8.3552e-05	0.12985	liquid
264.07	2700.0	63.697	0.015699	5.5731	6.3761	25.462	40.097	79.327	2553.8	-0.00083257	8.3497e-05	0.12979	liquid
264.13	2700.0	63.683	0.015703	5.5782	6.3814	25.482	40.097	79.338	2552.7	-0.00082789	8.3441e-05	0.12972	liquid
264.20	2700.0	63.669	0.015706	5.5834	6.3867	25.502	40.096	79.349	2551.5	-0.00082320	8.3385e-05	0.12966	liquid
264.27	2700.0	63.655	0.015710	5.5885	6.3920	25.522	40.095	79.359	2550.4	-0.00081851	8.3329e-05	0.12959	liquid
264.33	2700.0	63.641	0.015713	5.5936	6.3973	25.542	40.094	79.370	2549.2	-0.00081381	8.3273e-05	0.12953	liquid
264.40	2700.0	63.627	0.015717	5.5987	6.4026	25.562	40.094	79.381	2548.1	-0.00080910	8.3218e-05	0.12947	liquid
264.47	2700.0	63.613	0.015720	5.6038	6.4079	25.582	40.093	79.392	2546.9	-0.00080439	8.3162e-05	0.12940	liquid
264.53	2700.0	63.598	0.015724	5.6089	6.4132	25.602	40.092	79.403	2545.8	-0.00079967	8.3106e-05	0.12934	liquid
264.60	2700.0	63.584	0.015727	5.6140	6.4185	25.622	40.091	79.414	2544.6	-0.00079494	8.3051e-05	0.12928	liquid
264.67	2700.0	63.570	0.015731	5.6192	6.4238	25.642	40.090	79.425	2543.5	-0.00079021	8.2995e-05	0.12921	liquid
264.73	2700.0	63.556	0.015734	5.6243	6.4291	25.662	40.090	79.435	2542.3	-0.00078547	8.2940e-05	0.12915	liquid
264.80	2700.0	63.542	0.015738	5.6294	6.4344	25.682	40.089	79.446	2541.2	-0.00078072	8.2884e-05	0.12908	liquid
264.87	2700.0	63.528	0.015741	5.6345	6.4397	25.702	40.088	79.457	2540.0	-0.00077597	8.2829e-05	0.12902	liquid
264.93	2700.0	63.514	0.015745	5.6396	6.4450	25.722	40.087	79.468	2538.9	-0.00077121	8.2774e-05	0.12896	liquid
265.00	2700.0	63.499	0.015748	5.6447	6.4503	25.742	40.087	79.479	2537.7	-0.00076644	8.2718e-05	0.12889	liquid
265.07	2700.0	63.485	0.015752	5.6499	6.4556	25.762	40.086	79.490	2536.6	-0.00076167	8.2663e-05	0.12883	liquid
265.13	2700.0	63.471	0.015755	5.6550	6.4609	25.782	40.085	79.501	2535.4	-0.00075689	8.2608e-05	0.12877	liquid
265.20	2700.0	63.457	0.015759	5.6601	6.4662	25.802	40.084	79.512	2534.3	-0.00075210	8.2553e-05	0.12870	liquid
265.27	2700.0	63.443	0.015762	5.6652	6.4715	25.822	40.083	79.523	2533.1	-0.00074731	8.2498e-05	0.12864	liquid
265.33	2700.0	63.428	0.015766	5.6703	6.4768	25.842	40.083	79.534	2532.0	-0.00074251	8.2442e-05	0.12858	liquid
265.40	2700.0	63.414	0.015769	5.6755	6.4821	25.862	40.082	79.545	2530.8	-0.00073770	8.2387e-05	0.12851	liquid
265.47	2700.0	63.400	0.015773	5.6806	6.4874	25.882	40.081	79.557	2529.7	-0.00073289	8.2332e-05	0.12845	liquid
265.53	2700.0	63.386	0.015776	5.6857	6.4927	25.902	40.080	79.568	2528.5	-0.00072806	8.2277e-05	0.12838	liquid
265.60	2700.0	63.372	0.015780	5.6908	6.4980	25.922	40.080	79.579	2527.4	-0.00072324	8.2223e-05	0.12832	liquid
265.67	2700.0	63.357	0.015783	5.6960	6.5033	25.942	40.079	79.590	2526.2	-0.00071840	8.2168e-05	0.12826	liquid
265.73	2700.0	63.343	0.015787	5.7011	6.5086	25.961	40.078	79.601	2525.1	-0.00071356	8.2113e-05	0.12819	liquid
265.80	2700.0	63.329	0.015791	5.7062	6.5139	25.981	40.077	79.612	2523.9	-0.00070871	8.2058e-05	0.12813	liquid
265.87	2700.0	63.315	0.015794	5.7113	6.5192	26.001	40.077	79.623	2522.8	-0.00070385	8.2003e-05	0.12807	liquid
265.93	2700.0	63.301	0.015798	5.7165	6.5245	26.021	40.076	79.634	2521.6	-0.00069899	8.1949e-05	0.12800	liquid
266.00	2700.0	63.286	0.015801	5.7216	6.5298	26.041	40.075	79.646	2520.5	-0.00069412	8.1894e-05	0.12794	liquid
266.07	2700.0	63.272	0.015805	5.7267	6.5351	26.061	40.074	79.657	2519.3	-0.00068924	8.1839e-05	0.12788	liquid
266.13	2700.0	63.258	0.015808	5.7318	6.5404	26.081	40.074	79.668	2518.2	-0.00068436	8.1785e-05	0.12781	liquid
266.20	2700.0	63.244	0.015812	5.7370	6.5457	26.101	40.073	79.679	2517.0	-0.00067947	8.1730e-05	0.12775	liquid
266.27	2700.0	63.229	0.015815	5.7421	6.5511	26.121	40.072	79.691	2515.9	-0.00067457	8.1676e-05	0.12769	liquid
266.33	2700.0	63.215	0.015819	5.7472	6.5564	26.141	40.071	79.702	2514.7	-0.00066967	8.1621e-05	0.12762	liquid
266.40	2700.0	63.201	0.015823	5.7524	6.5617	26.161	40.071	79.713	2513.6	-0.00066475	8.1567e-05	0.12756	liquid
266.47	2700.0	63.187	0.015826	5.7575	6.5670	26.181	40.070	79.724	2512.4	-0.00065983	8.1513e-05	0.12750	liquid
266.53	2700.0	63.172	0.015830	5.7626	6.5723	26.201	40.069	79.736	2511.3	-0.00065491	8.1458e-05	0.12743	liquid
266.60	2700.0	63.158	0.015833	5.7678	6.5776	26.221	40.068	79.747	2510.1	-0.00064997	8.1404e-05	0.12737	liquid
266.67	2700.0	63.144	0.015837	5.7729	6.5829	26.241	40.068	79.758	2509.0	-0.00064503	8.1350e-05	0.12730	liquid
266.73	2700.0	63.130	0.015840	5.7780	6.5883	26.261	40.067	79.770	2507.8	-0.00064009	8.1296e-05	0.12724	liquid
266.80	2700.0	63.115	0.015844	5.7832	6.5936	26.281	40.066	79.781	2506.7	-0.00063513	8.1242e-05	0.12718	liquid
266.87	2700.0	63.101	0.015848	5.7883	6.5989	26.301	40.066	79.793	2505.5	-0.00063017	8.1187e-05	0.12711	liquid
266.93	2700.0	63.087	0.015851	5.7934	6.6042	26.321	40.065	79.804	2504.4	-0.00062520	8.1133e-05	0.12705	liquid
267.00	2700.0	63.072	0.015855	5.7986	6.6095	26.341	40.064	79.815	2503.2	-0.00062023	8.1079e-05	0.12699	liquid
267.07	2700.0	63.058	0.015858	5.8037	6.6149	26.360	40.063	79.827	2502.1	-0.00061524	8.1025e-05	0.12693	liquid
267.13	2700.0	63.044	0.015862	5.8089	6.6202	26.380	40.063	79.838	2500.9	-0.00061025	8.0971e-05	0.12686	liquid
267.20	2700.0	63.029	0.015866	5.8140	6.6255	26.400	40.062	79.850	2499.8	-0.00060525	8.0918e-05	0.12680	liquid
267.27	2700.0	63.015	0.015869	5.8191	6.6308	26.420	40.061	79.861	2498.6	-0.00060025	8.0864e-05	0.12674	liquid
267.33	2700.0	63.001	0.015873	5.8243	6.6362	26.440	40.060	79.873	2497.5	-0.00059524	8.0810e-05	0.12667	liquid
267.40	2700.0	62.986	0.015876	5.8294	6.6415	26.460	40.060	79.884	2496.3	-0.00059022	8.0756e-05	0.12661	liquid
267.47	2700.0	62.972	0.015880	5.8346	6.6468	26.480	40.059	79.896	2495.2	-0.00058519	8.0702e-05	0.12655	liquid
267.53	2700.0	62.958	0.015884	5.8397	6.6521	26.500	40.058	79.907	2494.0	-0.00058016	8.0649e-05	0.12648	liquid
267.60	2700.0	62.943	0.015887	5.8448	6.6575	26.520	40.058	79.919	2492.9	-0.00057512	8.0595e-05	0.12642	liquid
267.67	2700.0	62.929	0.015891	5.8500	6.6628	26.540	40.057	79.930	2491.7	-0.00057007	8.0542e-05	0.12636	liquid
267.73	2700.0	62.915	0.015895	5.8551	6.6681	26.560	40.056	79.942	2490.6	-0.00056501	8.0488e-05	0.12629	liquid
267.80	2700.0	62.900	0.015898	5.8603	6.6735	26.580	40.055	79.954	2489.4	-0.00055995	8.0434e-05	0.12623	liquid
267.87	2700.0	62.886	0.015902	5.8654	6.6788	26.599	40.055	79.965	2488.3	-0.00055488	8.0381e-05	0.12617	liquid
267.93	2700.0	62.872	0.015905	5.8706	6.6841	26.619	40.054	79.977	2487.1	-0.00054980	8.0328e-05	0.12610	liquid
268.00	2700.0	62.857	0.015909	5.8757	6.6894	26.639	40.053	79.988	2486.0	-0.00054472	8.0274e-05	0.12604	liquid
268.07	2700.0	62.843	0.015913	5.8809	6.6948	26.659	40.053	80.000	2484.8	-0.00053962	8.0221e-05	0.12598	liquid
268.13	2700.0	62.828	0.015916	5.8860	6.7001	26.679	40.052	80.012	2483.7	-0.00053452	8.0168e-05	0.12591	liquid
268.20	2700.0	62.814	0.015920	5.8911	6.7054	26.699	40.051	80.024	2482.5	-0.00052942	8.0114e-05	0.12585	liquid
268.27	2700.0	62.800	0.015924	5.8963	6.7108	26.719	40.051	80.035	2481.4	-0.00052430	8.0061e-05	0.12579	liquid
268.33	2700.0	62.785	0.015927	5.9014	6.7161	26.739	40.050	80.047	2480.2	-0.00051918	8.0008e-05	0.12572	liquid
268.40	2700.0	62.771	0.015931	5.9066	6.7215	26.759	40.049	80.059	2479.1	-0.00051405	7.9955e-05	0.12566	liquid
268.47	2700.0	62.756	0.015935	5.9117	6.7268	26.778	40.049	80.070	2477.9	-0.00050891	7.9902e-05	0.12560	liquid
268.53	2700.0	62.742	0.015938	5.9169	6.7321	26.798	40.048	80.082	2476.8	-0.00050377	7.9848e-05	0.12554	liquid
268.60	2700.0	62.728	0.015942	5.9220	6.7375	26.818	40.047	80.094	2475.6	-0.00049862	7.9795e-05	0.12547	liquid
268.67	2700.0	62.713	0.015946	5.9272	6.7428	26.838	40.046	80.106	2474.5	-0.00049346	7.9742e-05	0.12541	liquid
268.73	2700.0	62.699	0.015949	5.9324	6.7482	26.858	40.046	80.118	2473.3	-0.00048829	7.9690e-05	0.12535	liquid
268.80	2700.0	62.684	0.015953	5.9375	6.7535	26.878	40.045	80.130	2472.2	-0.00048312	7.9637e-05	0.12528	liquid
268.87	2700.0	62.670	0.015957	5.9427	6.7588	26.898	40.044	80.141	2471.0	-0.00047794	7.9584e-05	0.12522	liquid
268.93	2700.0	62.655	0.015960	5.9478	6.7642	26.918	40.044	80.153	2469.9	-0.00047275	7.9531e-05	0.12516	liquid
269.00	2700.0	62.641	0.015964	5.9530	6.7695	26.937	40.043	80.165	2468.7	-0.00046755	7.9478e-05	0.12510	liquid
269.07	2700.0	62.626	0.015968	5.9581	6.7749	26.957	40.042	80.177	2467.6	-0.00046235	7.9425e-05	0.12503	liquid
269.13	2700.0	62.612	0.015971	5.9633	6.7802	26.977	40.042	80.189	2466.4	-0.00045713	7.9373e-05	0.12497	liquid
269.20	2700.0	62.598	0.015975	5.9684	6.7856	26.997	40.041	80.201	2465.3	-0.00045191	7.9320e-05	0.12491	liquid
269.27	2700.0	62.583	0.015979	5.9736	6.7909	27.017	40.040	80.213	2464.1	-0.00044669	7.9267e-05	0.12484	liquid
269.33	2700.0	62.569	0.015982	5.9788	6.7963	27.037	40.040	80.225	2463.0	-0.00044145	7.9215e-05	0.12478	liquid
269.40	2700.0	62.554	0.015986	5.9839	6.8016	27.057	40.039	80.237	2461.8	-0.00043621	7.9162e-05	0.12472	liquid
269.47	2700.0	62.540	0.015990	5.9891	6.8070	27.076	40.038	80.249	2460.7	-0.00043096	7.9110e-05	0.12466	liquid
269.53	2700.0	62.525	0.015994	5.9942	6.8123	27.096	40.038	80.261	2459.5	-0.00042570	7.9057e-05	0.12459	liquid
269.60	2700.0	62.511	0.015997	5.9994	6.8177	27.116	40.037	80.273	2458.4	-0.00042044	7.9005e-05	0.12453	liquid
269.67	2700.0	62.496	0.016001	6.0046	6.8230	27.136	40.036	80.285	2457.2	-0.00041516	7.8952e-05	0.12447	liquid
269.73	2700.0	62.482	0.016005	6.0097	6.8284	27.156	40.036	80.297	2456.1	-0.00040988	7.8900e-05	0.12440	liquid
269.80	2700.0	62.467	0.016008	6.0149	6.8337	27.176	40.035	80.309	2455.0	-0.00040459	7.8848e-05	0.12434	liquid
269.87	2700.0	62.453	0.016012	6.0201	6.8391	27.196	40.034	80.321	2453.8	-0.00039930	7.8795e-05	0.12428	liquid
269.93	2700.0	62.438	0.016016	6.0252	6.8444	27.215	40.034	80.333	2452.7	-0.00039399	7.8743e-05	0.12422	liquid
270.00	2700.0	62.424	0.016020	6.0304	6.8498	27.235	40.033	80.345	2451.5	-0.00038868	7.8691e-05	0.12415	liquid
270.07	2700.0	62.409	0.016023	6.0355	6.8551	27.255	40.032	80.358	2450.4	-0.00038336	7.8639e-05	0.12409	liquid
270.13	2700.0	62.394	0.016027	6.0407	6.8605	27.275	40.032	80.370	2449.2	-0.00037803	7.8587e-05	0.12403	liquid
270.20	2700.0	62.380	0.016031	6.0459	6.8659	27.295	40.031	80.382	2448.1	-0.00037270	7.8535e-05	0.12396	liquid
270.27	2700.0	62.365	0.016035	6.0511	6.8712	27.315	40.030	80.394	2446.9	-0.00036736	7.8483e-05	0.12390	liquid
270.33	2700.0	62.351	0.016038	6.0562	6.8766	27.334	40.030	80.406	2445.8	-0.00036200	7.8431e-05	0.12384	liquid
270.40	2700.0	62.336	0.016042	6.0614	6.8819	27.354	40.029	80.418	2444.6	-0.00035665	7.8379e-05	0.12378	liquid
270.47	2700.0	62.322	0.016046	6.0666	6.8873	27.374	40.029	80.431	2443.5	-0.00035128	7.8327e-05	0.12371	liquid
270.53	2700.0	62.307	0.016050	6.0717	6.8927	27.394	40.028	80.443	2442.3	-0.00034590	7.8275e-05	0.12365	liquid
270.60	2700.0	62.293	0.016053	6.0769	6.8980	27.414	40.027	80.455	2441.2	-0.00034052	7.8223e-05	0.12359	liquid
270.67	2700.0	62.278	0.016057	6.0821	6.9034	27.434	40.027	80.468	2440.0	-0.00033513	7.8171e-05	0.12353	liquid
270.73	2700.0	62.263	0.016061	6.0872	6.9087	27.453	40.026	80.480	2438.9	-0.00032973	7.8119e-05	0.12346	liquid
270.80	2700.0	62.249	0.016065	6.0924	6.9141	27.473	40.025	80.492	2437.7	-0.00032433	7.8067e-05	0.12340	liquid
270.87	2700.0	62.234	0.016068	6.0976	6.9195	27.493	40.025	80.505	2436.6	-0.00031891	7.8016e-05	0.12334	liquid
270.93	2700.0	62.220	0.016072	6.1028	6.9248	27.513	40.024	80.517	2435.4	-0.00031349	7.7964e-05	0.12328	liquid
271.00	2700.0	62.205	0.016076	6.1079	6.9302	27.533	40.023	80.529	2434.3	-0.00030806	7.7912e-05	0.12321	liquid
271.07	2700.0	62.190	0.016080	6.1131	6.9356	27.552	40.023	80.542	2433.1	-0.00030262	7.7861e-05	0.12315	liquid
271.13	2700.0	62.176	0.016083	6.1183	6.9410	27.572	40.022	80.554	2432.0	-0.00029718	7.7809e-05	0.12309	liquid
271.20	2700.0	62.161	0.016087	6.1235	6.9463	27.592	40.022	80.566	2430.8	-0.00029172	7.7758e-05	0.12303	liquid
271.27	2700.0	62.146	0.016091	6.1286	6.9517	27.612	40.021	80.579	2429.7	-0.00028626	7.7706e-05	0.12296	liquid
271.33	2700.0	62.132	0.016095	6.1338	6.9571	27.632	40.020	80.591	2428.5	-0.00028079	7.7655e-05	0.12290	liquid
271.40	2700.0	62.117	0.016099	6.1390	6.9624	27.651	40.020	80.604	2427.4	-0.00027531	7.7603e-05	0.12284	liquid
271.47	2700.0	62.103	0.016102	6.1442	6.9678	27.671	40.019	80.616	2426.3	-0.00026983	7.7552e-05	0.12278	liquid
271.53	2700.0	62.088	0.016106	6.1494	6.9732	27.691	40.018	80.629	2425.1	-0.00026433	7.7501e-05	0.12271	liquid
271.60	2700.0	62.073	0.016110	6.1545	6.9786	27.711	40.018	80.641	2424.0	-0.00025883	7.7449e-05	0.12265	liquid
271.67	2700.0	62.059	0.016114	6.1597	6.9839	27.731	40.017	80.654	2422.8	-0.00025332	7.7398e-05	0.12259	liquid
271.73	2700.0	62.044	0.016118	6.1649	6.9893	27.750	40.017	80.667	2421.7	-0.00024780	7.7347e-05	0.12253	liquid
271.80	2700.0	62.029	0.016121	6.1701	6.9947	27.770	40.016	80.679	2420.5	-0.00024227	7.7296e-05	0.12246	liquid
271.87	2700.0	62.015	0.016125	6.1753	7.0001	27.790	40.015	80.692	2419.4	-0.00023674	7.7245e-05	0.12240	liquid
271.93	2700.0	62.000	0.016129	6.1805	7.0055	27.810	40.015	80.704	2418.2	-0.00023119	7.7194e-05	0.12234	liquid
272.00	2700.0	61.985	0.016133	6.1856	7.0108	27.830	40.014	80.717	2417.1	-0.00022564	7.7142e-05	0.12228	liquid
272.07	2700.0	61.971	0.016137	6.1908	7.0162	27.849	40.014	80.730	2415.9	-0.00022008	7.7091e-05	0.12222	liquid
272.13	2700.0	61.956	0.016141	6.1960	7.0216	27.869	40.013	80.742	2414.8	-0.00021451	7.7040e-05	0.12215	liquid
272.20	2700.0	61.941	0.016144	6.2012	7.0270	27.889	40.012	80.755	2413.6	-0.00020894	7.6989e-05	0.12209	liquid
272.27	2700.0	61.926	0.016148	6.2064	7.0324	27.909	40.012	80.768	2412.5	-0.00020335	7.6939e-05	0.12203	liquid
272.33	2700.0	61.912	0.016152	6.2116	7.0378	27.928	40.011	80.780	2411.3	-0.00019776	7.6888e-05	0.12197	liquid
272.40	2700.0	61.897	0.016156	6.2168	7.0431	27.948	40.011	80.793	2410.2	-0.00019216	7.6837e-05	0.12190	liquid
272.47	2700.0	61.882	0.016160	6.2220	7.0485	27.968	40.010	80.806	2409.0	-0.00018655	7.6786e-05	0.12184	liquid
272.53	2700.0	61.868	0.016164	6.2272	7.0539	27.988	40.009	80.819	2407.9	-0.00018093	7.6735e-05	0.12178	liquid
272.60	2700.0	61.853	0.016167	6.2323	7.0593	28.008	40.009	80.831	2406.7	-0.00017531	7.6684e-05	0.12172	liquid
272.67	2700.0	61.838	0.016171	6.2375	7.0647	28.027	40.008	80.844	2405.6	-0.00016967	7.6634e-05	0.12166	liquid
272.73	2700.0	61.823	0.016175	6.2427	7.0701	28.047	40.008	80.857	2404.4	-0.00016403	7.6583e-05	0.12159	liquid
272.80	2700.0	61.809	0.016179	6.2479	7.0755	28.067	40.007	80.870	2403.3	-0.00015838	7.6532e-05	0.12153	liquid
272.87	2700.0	61.794	0.016183	6.2531	7.0809	28.087	40.006	80.883	2402.2	-0.00015272	7.6482e-05	0.12147	liquid
272.93	2700.0	61.779	0.016187	6.2583	7.0863	28.106	40.006	80.896	2401.0	-0.00014705	7.6431e-05	0.12141	liquid
273.00	2700.0	61.764	0.016191	6.2635	7.0916	28.126	40.005	80.908	2399.9	-0.00014137	7.6381e-05	0.12135	liquid
273.07	2700.0	61.749	0.016194	6.2687	7.0970	28.146	40.005	80.921	2398.7	-0.00013569	7.6330e-05	0.12128	liquid
273.13	2700.0	61.735	0.016198	6.2739	7.1024	28.166	40.004	80.934	2397.6	-0.00012999	7.6280e-05	0.12122	liquid
273.20	2700.0	61.720	0.016202	6.2791	7.1078	28.185	40.003	80.947	2396.4	-0.00012429	7.6229e-05	0.12116	liquid
273.27	2700.0	61.705	0.016206	6.2843	7.1132	28.205	40.003	80.960	2395.3	-0.00011858	7.6179e-05	0.12110	liquid
273.33	2700.0	61.690	0.016210	6.2895	7.1186	28.225	40.002	80.973	2394.1	-0.00011286	7.6129e-05	0.12103	liquid
273.40	2700.0	61.676	0.016214	6.2947	7.1240	28.245	40.002	80.986	2393.0	-0.00010714	7.6078e-05	0.12097	liquid
273.47	2700.0	61.661	0.016218	6.2999	7.1294	28.264	40.001	80.999	2391.8	-0.00010140	7.6028e-05	0.12091	liquid
273.53	2700.0	61.646	0.016222	6.3051	7.1348	28.284	40.001	81.012	2390.7	-9.5655e-05	7.5978e-05	0.12085	liquid
273.60	2700.0	61.631	0.016226	6.3103	7.1402	28.304	40.000	81.025	2389.5	-8.9902e-05	7.5927e-05	0.12079	liquid
273.67	2700.0	61.616	0.016229	6.3155	7.1456	28.324	39.999	81.038	2388.4	-8.4140e-05	7.5877e-05	0.12072	liquid
273.73	2700.0	61.601	0.016233	6.3207	7.1510	28.343	39.999	81.051	2387.2	-7.8370e-05	7.5827e-05	0.12066	liquid
273.80	2700.0	61.587	0.016237	6.3259	7.1564	28.363	39.998	81.064	2386.1	-7.2591e-05	7.5777e-05	0.12060	liquid
273.87	2700.0	61.572	0.016241	6.3311	7.1618	28.383	39.998	81.078	2385.0	-6.6803e-05	7.5727e-05	0.12054	liquid
273.93	2700.0	61.557	0.016245	6.3363	7.1672	28.403	39.997	81.091	2383.8	-6.1007e-05	7.5677e-05	0.12048	liquid
274.00	2700.0	61.542	0.016249	6.3415	7.1727	28.422	39.997	81.104	2382.7	-5.5202e-05	7.5627e-05	0.12042	liquid
274.07	2700.0	61.527	0.016253	6.3467	7.1781	28.442	39.996	81.117	2381.5	-4.9388e-05	7.5577e-05	0.12035	liquid
274.13	2700.0	61.512	0.016257	6.3519	7.1835	28.462	39.996	81.130	2380.4	-4.3565e-05	7.5527e-05	0.12029	liquid
274.20	2700.0	61.498	0.016261	6.3571	7.1889	28.481	39.995	81.143	2379.2	-3.7734e-05	7.5477e-05	0.12023	liquid
274.27	2700.0	61.483	0.016265	6.3624	7.1943	28.501	39.994	81.157	2378.1	-3.1894e-05	7.5427e-05	0.12017	liquid
274.33	2700.0	61.468	0.016269	6.3676	7.1997	28.521	39.994	81.170	2376.9	-2.6046e-05	7.5377e-05	0.12011	liquid
274.40	2700.0	61.453	0.016273	6.3728	7.2051	28.541	39.993	81.183	2375.8	-2.0188e-05	7.5328e-05	0.12004	liquid
274.47	2700.0	61.438	0.016277	6.3780	7.2105	28.560	39.993	81.196	2374.6	-1.4322e-05	7.5278e-05	0.11998	liquid
274.53	2700.0	61.423	0.016281	6.3832	7.2159	28.580	39.992	81.210	2373.5	-8.4467e-06	7.5228e-05	0.11992	liquid
274.60	2700.0	61.408	0.016284	6.3884	7.2214	28.600	39.992	81.223	2372.3	-2.5628e-06	7.5178e-05	0.11986	liquid
274.67	2700.0	61.393	0.016288	6.3936	7.2268	28.620	39.991	81.236	2371.2	3.3299e-06	7.5129e-05	0.11980	liquid
274.73	2700.0	61.378	0.016292	6.3988	7.2322	28.639	39.991	81.250	2370.0	9.2316e-06	7.5079e-05	0.11974	liquid
274.80	2700.0	61.363	0.016296	6.4041	7.2376	28.659	39.990	81.263	2368.9	1.5142e-05	7.5030e-05	0.11967	liquid
274.87	2700.0	61.349	0.016300	6.4093	7.2430	28.679	39.989	81.276	2367.8	2.1061e-05	7.4980e-05	0.11961	liquid
274.93	2700.0	61.334	0.016304	6.4145	7.2484	28.698	39.989	81.290	2366.6	2.6990e-05	7.4930e-05	0.11955	liquid
275.00	2700.0	61.319	0.016308	6.4197	7.2539	28.718	39.988	81.303	2365.5	3.2927e-05	7.4881e-05	0.11949	liquid
275.07	2700.0	61.304	0.016312	6.4249	7.2593	28.738	39.988	81.317	2364.3	3.8873e-05	7.4832e-05	0.11943	liquid
275.13	2700.0	61.289	0.016316	6.4301	7.2647	28.758	39.987	81.330	2363.2	4.4828e-05	7.4782e-05	0.11937	liquid
275.20	2700.0	61.274	0.016320	6.4354	7.2701	28.777	39.987	81.344	2362.0	5.0793e-05	7.4733e-05	0.11930	liquid
275.27	2700.0	61.259	0.016324	6.4406	7.2755	28.797	39.986	81.357	2360.9	5.6766e-05	7.4683e-05	0.11924	liquid
275.33	2700.0	61.244	0.016328	6.4458	7.2810	28.817	39.986	81.371	2359.7	6.2748e-05	7.4634e-05	0.11918	liquid
275.40	2700.0	61.229	0.016332	6.4510	7.2864	28.836	39.985	81.384	2358.6	6.8739e-05	7.4585e-05	0.11912	liquid
275.47	2700.0	61.214	0.016336	6.4562	7.2918	28.856	39.985	81.398	2357.4	7.4739e-05	7.4536e-05	0.11906	liquid
275.53	2700.0	61.199	0.016340	6.4615	7.2972	28.876	39.984	81.411	2356.3	8.0749e-05	7.4486e-05	0.11900	liquid
275.60	2700.0	61.184	0.016344	6.4667	7.3027	28.895	39.984	81.425	2355.1	8.6767e-05	7.4437e-05	0.11893	liquid
275.67	2700.0	61.169	0.016348	6.4719	7.3081	28.915	39.983	81.438	2354.0	9.2795e-05	7.4388e-05	0.11887	liquid
275.73	2700.0	61.154	0.016352	6.4771	7.3135	28.935	39.983	81.452	2352.9	9.8831e-05	7.4339e-05	0.11881	liquid
275.80	2700.0	61.139	0.016356	6.4824	7.3190	28.955	39.982	81.466	2351.7	0.00010488	7.4290e-05	0.11875	liquid
275.87	2700.0	61.124	0.016360	6.4876	7.3244	28.974	39.982	81.479	2350.6	0.00011093	7.4241e-05	0.11869	liquid
275.93	2700.0	61.109	0.016364	6.4928	7.3298	28.994	39.981	81.493	2349.4	0.00011700	7.4192e-05	0.11863	liquid
276.00	2700.0	61.094	0.016368	6.4980	7.3353	29.014	39.981	81.507	2348.3	0.00012307	7.4143e-05	0.11857	liquid
276.07	2700.0	61.079	0.016372	6.5033	7.3407	29.033	39.980	81.521	2347.1	0.00012915	7.4094e-05	0.11850	liquid
276.13	2700.0	61.064	0.016376	6.5085	7.3461	29.053	39.980	81.534	2346.0	0.00013524	7.4045e-05	0.11844	liquid
276.20	2700.0	61.049	0.016380	6.5137	7.3516	29.073	39.979	81.548	2344.8	0.00014134	7.3996e-05	0.11838	liquid
276.27	2700.0	61.034	0.016384	6.5190	7.3570	29.092	39.978	81.562	2343.7	0.00014745	7.3947e-05	0.11832	liquid
276.33	2700.0	61.019	0.016388	6.5242	7.3624	29.112	39.978	81.576	2342.5	0.00015357	7.3898e-05	0.11826	liquid
276.40	2700.0	61.004	0.016392	6.5294	7.3679	29.132	39.977	81.589	2341.4	0.00015970	7.3849e-05	0.11820	liquid
276.47	2700.0	60.989	0.016396	6.5347	7.3733	29.151	39.977	81.603	2340.3	0.00016584	7.3801e-05	0.11814	liquid
276.53	2700.0	60.974	0.016401	6.5399	7.3788	29.171	39.976	81.617	2339.1	0.00017199	7.3752e-05	0.11807	liquid
276.60	2700.0	60.959	0.016405	6.5451	7.3842	29.191	39.976	81.631	2338.0	0.00017815	7.3703e-05	0.11801	liquid
276.67	2700.0	60.943	0.016409	6.5504	7.3896	29.210	39.975	81.645	2336.8	0.00018431	7.3655e-05	0.11795	liquid
276.73	2700.0	60.928	0.016413	6.5556	7.3951	29.230	39.975	81.659	2335.7	0.00019049	7.3606e-05	0.11789	liquid
276.80	2700.0	60.913	0.016417	6.5608	7.4005	29.250	39.974	81.673	2334.5	0.00019667	7.3557e-05	0.11783	liquid
276.87	2700.0	60.898	0.016421	6.5661	7.4060	29.269	39.974	81.687	2333.4	0.00020287	7.3509e-05	0.11777	liquid
276.93	2700.0	60.883	0.016425	6.5713	7.4114	29.289	39.974	81.701	2332.2	0.00020907	7.3460e-05	0.11771	liquid
277.00	2700.0	60.868	0.016429	6.5765	7.4169	29.309	39.973	81.715	2331.1	0.00021528	7.3412e-05	0.11765	liquid
277.07	2700.0	60.853	0.016433	6.5818	7.4223	29.328	39.973	81.729	2329.9	0.00022151	7.3363e-05	0.11758	liquid
277.13	2700.0	60.838	0.016437	6.5870	7.4278	29.348	39.972	81.743	2328.8	0.00022774	7.3315e-05	0.11752	liquid
277.20	2700.0	60.823	0.016441	6.5923	7.4332	29.368	39.972	81.757	2327.6	0.00023398	7.3266e-05	0.11746	liquid
277.27	2700.0	60.808	0.016445	6.5975	7.4387	29.387	39.971	81.771	2326.5	0.00024023	7.3218e-05	0.11740	liquid
277.33	2700.0	60.792	0.016449	6.6027	7.4441	29.407	39.971	81.785	2325.4	0.00024649	7.3170e-05	0.11734	liquid
277.40	2700.0	60.777	0.016454	6.6080	7.4496	29.427	39.970	81.799	2324.2	0.00025276	7.3121e-05	0.11728	liquid
277.47	2700.0	60.762	0.016458	6.6132	7.4550	29.446	39.970	81.813	2323.1	0.00025904	7.3073e-05	0.11722	liquid
277.53	2700.0	60.747	0.016462	6.6185	7.4605	29.466	39.969	81.827	2321.9	0.00026533	7.3025e-05	0.11716	liquid
277.60	2700.0	60.732	0.016466	6.6237	7.4659	29.486	39.969	81.841	2320.8	0.00027163	7.2977e-05	0.11710	liquid
277.67	2700.0	60.717	0.016470	6.6290	7.4714	29.505	39.968	81.855	2319.6	0.00027794	7.2928e-05	0.11703	liquid
277.73	2700.0	60.701	0.016474	6.6342	7.4769	29.525	39.968	81.870	2318.5	0.00028426	7.2880e-05	0.11697	liquid
277.80	2700.0	60.686	0.016478	6.6395	7.4823	29.545	39.967	81.884	2317.3	0.00029059	7.2832e-05	0.11691	liquid
277.87	2700.0	60.671	0.016482	6.6447	7.4878	29.564	39.967	81.898	2316.2	0.00029693	7.2784e-05	0.11685	liquid
277.93	2700.0	60.656	0.016486	6.6500	7.4932	29.584	39.966	81.912	2315.0	0.00030327	7.2736e-05	0.11679	liquid
278.00	2700.0	60.641	0.016491	6.6552	7.4987	29.604	39.966	81.927	2313.9	0.00030963	7.2688e-05	0.11673	liquid
278.07	2700.0	60.625	0.016495	6.6605	7.5042	29.623	39.965	81.941	2312.8	0.00031600	7.2640e-05	0.11667	liquid
278.13	2700.0	60.610	0.016499	6.6657	7.5096	29.643	39.965	81.955	2311.6	0.00032238	7.2592e-05	0.11661	liquid
278.20	2700.0	60.595	0.016503	6.6710	7.5151	29.663	39.964	81.970	2310.5	0.00032876	7.2544e-05	0.11655	liquid
278.27	2700.0	60.580	0.016507	6.6762	7.5205	29.682	39.964	81.984	2309.3	0.00033516	7.2496e-05	0.11648	liquid
278.33	2700.0	60.565	0.016511	6.6815	7.5260	29.702	39.964	81.998	2308.2	0.00034157	7.2448e-05	0.11642	liquid
278.40	2700.0	60.549	0.016515	6.6867	7.5315	29.721	39.963	82.013	2307.0	0.00034798	7.2401e-05	0.11636	liquid
278.47	2700.0	60.534	0.016520	6.6920	7.5369	29.741	39.963	82.027	2305.9	0.00035441	7.2353e-05	0.11630	liquid
278.53	2700.0	60.519	0.016524	6.6972	7.5424	29.761	39.962	82.042	2304.7	0.00036085	7.2305e-05	0.11624	liquid
278.60	2700.0	60.504	0.016528	6.7025	7.5479	29.780	39.962	82.056	2303.6	0.00036729	7.2257e-05	0.11618	liquid
278.67	2700.0	60.488	0.016532	6.7078	7.5534	29.800	39.961	82.070	2302.5	0.00037375	7.2209e-05	0.11612	liquid
278.73	2700.0	60.473	0.016536	6.7130	7.5588	29.820	39.961	82.085	2301.3	0.00038021	7.2162e-05	0.11606	liquid
278.80	2700.0	60.458	0.016540	6.7183	7.5643	29.839	39.960	82.099	2300.2	0.00038669	7.2114e-05	0.11600	liquid
278.87	2700.0	60.443	0.016545	6.7235	7.5698	29.859	39.960	82.114	2299.0	0.00039317	7.2066e-05	0.11594	liquid
278.93	2700.0	60.427	0.016549	6.7288	7.5753	29.879	39.959	82.129	2297.9	0.00039967	7.2019e-05	0.11588	liquid
279.00	2700.0	60.412	0.016553	6.7341	7.5807	29.898	39.959	82.143	2296.7	0.00040618	7.1971e-05	0.11582	liquid
279.07	2700.0	60.397	0.016557	6.7393	7.5862	29.918	39.959	82.158	2295.6	0.00041269	7.1924e-05	0.11575	liquid
279.13	2700.0	60.381	0.016561	6.7446	7.5917	29.937	39.958	82.172	2294.4	0.00041922	7.1876e-05	0.11569	liquid
279.20	2700.0	60.366	0.016566	6.7498	7.5972	29.957	39.958	82.187	2293.3	0.00042576	7.1829e-05	0.11563	liquid
279.27	2700.0	60.351	0.016570	6.7551	7.6026	29.977	39.957	82.202	2292.1	0.00043230	7.1781e-05	0.11557	liquid
279.33	2700.0	60.336	0.016574	6.7604	7.6081	29.996	39.957	82.216	2291.0	0.00043886	7.1734e-05	0.11551	liquid
279.40	2700.0	60.320	0.016578	6.7656	7.6136	30.016	39.956	82.231	2289.9	0.00044542	7.1687e-05	0.11545	liquid
279.47	2700.0	60.305	0.016582	6.7709	7.6191	30.036	39.956	82.246	2288.7	0.00045200	7.1639e-05	0.11539	liquid
279.53	2700.0	60.290	0.016587	6.7762	7.6246	30.055	39.956	82.260	2287.6	0.00045859	7.1592e-05	0.11533	liquid
279.60	2700.0	60.274	0.016591	6.7814	7.6301	30.075	39.955	82.275	2286.4	0.00046519	7.1545e-05	0.11527	liquid
279.67	2700.0	60.259	0.016595	6.7867	7.6355	30.094	39.955	82.290	2285.3	0.00047179	7.1497e-05	0.11521	liquid
279.73	2700.0	60.243	0.016599	6.7920	7.6410	30.114	39.954	82.305	2284.1	0.00047841	7.1450e-05	0.11515	liquid
279.80	2700.0	60.228	0.016604	6.7973	7.6465	30.134	39.954	82.320	2283.0	0.00048504	7.1403e-05	0.11509	liquid
279.87	2700.0	60.213	0.016608	6.8025	7.6520	30.153	39.953	82.334	2281.8	0.00049168	7.1356e-05	0.11503	liquid
279.93	2700.0	60.197	0.016612	6.8078	7.6575	30.173	39.953	82.349	2280.7	0.00049832	7.1309e-05	0.11497	liquid
280.00	2700.0	60.182	0.016616	6.8131	7.6630	30.192	39.953	82.364	2279.6	0.00050498	7.1261e-05	0.11491	liquid
280.07	2700.0	60.167	0.016621	6.8183	7.6685	30.212	39.952	82.379	2278.4	0.00051165	7.1214e-05	0.11484	liquid
280.13	2700.0	60.151	0.016625	6.8236	7.6740	30.232	39.952	82.394	2277.3	0.00051833	7.1167e-05	0.11478	liquid
280.20	2700.0	60.136	0.016629	6.8289	7.6795	30.251	39.951	82.409	2276.1	0.00052502	7.1120e-05	0.11472	liquid
280.27	2700.0	60.120	0.016633	6.8342	7.6850	30.271	39.951	82.424	2275.0	0.00053172	7.1073e-05	0.11466	liquid
280.33	2700.0	60.105	0.016638	6.8394	7.6904	30.290	39.951	82.439	2273.8	0.00053843	7.1026e-05	0.11460	liquid
280.40	2700.0	60.090	0.016642	6.8447	7.6959	30.310	39.950	82.454	2272.7	0.00054515	7.0979e-05	0.11454	liquid
280.47	2700.0	60.074	0.016646	6.8500	7.7014	30.330	39.950	82.469	2271.5	0.00055189	7.0932e-05	0.11448	liquid
280.53	2700.0	60.059	0.016650	6.8553	7.7069	30.349	39.949	82.484	2270.4	0.00055863	7.0886e-05	0.11442	liquid
280.60	2700.0	60.043	0.016655	6.8606	7.7124	30.369	39.949	82.499	2269.2	0.00056538	7.0839e-05	0.11436	liquid
280.67	2700.0	60.028	0.016659	6.8658	7.7179	30.389	39.949	82.514	2268.1	0.00057214	7.0792e-05	0.11430	liquid
280.73	2700.0	60.012	0.016663	6.8711	7.7234	30.408	39.948	82.529	2267.0	0.00057892	7.0745e-05	0.11424	liquid
280.80	2700.0	59.997	0.016668	6.8764	7.7289	30.428	39.948	82.544	2265.8	0.00058570	7.0698e-05	0.11418	liquid
280.87	2700.0	59.982	0.016672	6.8817	7.7344	30.447	39.947	82.560	2264.7	0.00059250	7.0652e-05	0.11412	liquid
280.93	2700.0	59.966	0.016676	6.8870	7.7400	30.467	39.947	82.575	2263.5	0.00059930	7.0605e-05	0.11406	liquid
281.00	2700.0	59.951	0.016680	6.8923	7.7455	30.486	39.947	82.590	2262.4	0.00060612	7.0558e-05	0.11400	liquid
281.07	2700.0	59.935	0.016685	6.8976	7.7510	30.506	39.946	82.605	2261.2	0.00061295	7.0512e-05	0.11394	liquid
281.13	2700.0	59.920	0.016689	6.9028	7.7565	30.526	39.946	82.620	2260.1	0.00061978	7.0465e-05	0.11388	liquid
281.20	2700.0	59.904	0.016693	6.9081	7.7620	30.545	39.945	82.636	2258.9	0.00062663	7.0418e-05	0.11382	liquid
281.27	2700.0	59.889	0.016698	6.9134	7.7675	30.565	39.945	82.651	2257.8	0.00063349	7.0372e-05	0.11376	liquid
281.33	2700.0	59.873	0.016702	6.9187	7.7730	30.584	39.945	82.666	2256.7	0.00064036	7.0325e-05	0.11370	liquid
281.40	2700.0	59.858	0.016706	6.9240	7.7785	30.604	39.944	82.681	2255.5	0.00064724	7.0279e-05	0.11364	liquid
281.47	2700.0	59.842	0.016711	6.9293	7.7840	30.624	39.944	82.697	2254.4	0.00065413	7.0232e-05	0.11358	liquid
281.53	2700.0	59.827	0.016715	6.9346	7.7895	30.643	39.943	82.712	2253.2	0.00066104	7.0186e-05	0.11352	liquid
281.60	2700.0	59.811	0.016719	6.9399	7.7951	30.663	39.943	82.728	2252.1	0.00066795	7.0139e-05	0.11346	liquid
281.67	2700.0	59.796	0.016724	6.9452	7.8006	30.682	39.943	82.743	2250.9	0.00067487	7.0093e-05	0.11340	liquid
281.73	2700.0	59.780	0.016728	6.9505	7.8061	30.702	39.942	82.758	2249.8	0.00068181	7.0047e-05	0.11334	liquid
281.80	2700.0	59.764	0.016732	6.9558	7.8116	30.722	39.942	82.774	2248.6	0.00068875	7.0000e-05	0.11328	liquid
281.87	2700.0	59.749	0.016737	6.9610	7.8171	30.741	39.942	82.789	2247.5	0.00069571	6.9954e-05	0.11322	liquid
281.93	2700.0	59.733	0.016741	6.9663	7.8226	30.761	39.941	82.805	2246.4	0.00070268	6.9908e-05	0.11316	liquid
282.00	2700.0	59.718	0.016745	6.9716	7.8282	30.780	39.941	82.820	2245.2	0.00070966	6.9861e-05	0.11310	liquid
282.07	2700.0	59.702	0.016750	6.9769	7.8337	30.800	39.940	82.836	2244.1	0.00071665	6.9815e-05	0.11304	liquid
282.13	2700.0	59.687	0.016754	6.9822	7.8392	30.819	39.940	82.851	2242.9	0.00072365	6.9769e-05	0.11298	liquid
282.20	2700.0	59.671	0.016759	6.9875	7.8447	30.839	39.940	82.867	2241.8	0.00073066	6.9723e-05	0.11292	liquid
282.27	2700.0	59.655	0.016763	6.9928	7.8503	30.859	39.939	82.883	2240.6	0.00073768	6.9677e-05	0.11286	liquid
282.33	2700.0	59.640	0.016767	6.9981	7.8558	30.878	39.939	82.898	2239.5	0.00074472	6.9631e-05	0.11280	liquid
282.40	2700.0	59.624	0.016772	7.0034	7.8613	30.898	39.939	82.914	2238.3	0.00075176	6.9585e-05	0.11274	liquid
282.47	2700.0	59.609	0.016776	7.0087	7.8668	30.917	39.938	82.930	2237.2	0.00075882	6.9539e-05	0.11268	liquid
282.53	2700.0	59.593	0.016780	7.0141	7.8724	30.937	39.938	82.945	2236.1	0.00076588	6.9492e-05	0.11262	liquid
282.60	2700.0	59.577	0.016785	7.0194	7.8779	30.956	39.938	82.961	2234.9	0.00077296	6.9446e-05	0.11256	liquid
282.67	2700.0	59.562	0.016789	7.0247	7.8834	30.976	39.937	82.977	2233.8	0.00078005	6.9400e-05	0.11250	liquid
282.73	2700.0	59.546	0.016794	7.0300	7.8890	30.996	39.937	82.992	2232.6	0.00078715	6.9355e-05	0.11244	liquid
282.80	2700.0	59.530	0.016798	7.0353	7.8945	31.015	39.936	83.008	2231.5	0.00079427	6.9309e-05	0.11238	liquid
282.87	2700.0	59.515	0.016803	7.0406	7.9000	31.035	39.936	83.024	2230.3	0.00080139	6.9263e-05	0.11232	liquid
282.93	2700.0	59.499	0.016807	7.0459	7.9056	31.054	39.936	83.040	2229.2	0.00080852	6.9217e-05	0.11226	liquid
283.00	2700.0	59.483	0.016811	7.0512	7.9111	31.074	39.935	83.056	2228.0	0.00081567	6.9171e-05	0.11220	liquid
283.07	2700.0	59.468	0.016816	7.0565	7.9166	31.093	39.935	83.072	2226.9	0.00082283	6.9125e-05	0.11214	liquid
283.13	2700.0	59.452	0.016820	7.0618	7.9222	31.113	39.935	83.087	2225.8	0.00083000	6.9079e-05	0.11208	liquid
283.20	2700.0	59.436	0.016825	7.0671	7.9277	31.133	39.934	83.103	2224.6	0.00083718	6.9034e-05	0.11202	liquid
283.27	2700.0	59.421	0.016829	7.0725	7.9333	31.152	39.934	83.119	2223.5	0.00084437	6.8988e-05	0.11196	liquid
283.33	2700.0	59.405	0.016834	7.0778	7.9388	31.172	39.934	83.135	2222.3	0.00085157	6.8942e-05	0.11190	liquid
283.40	2700.0	59.389	0.016838	7.0831	7.9443	31.191	39.933	83.151	2221.2	0.00085878	6.8897e-05	0.11184	liquid
283.47	2700.0	59.374	0.016842	7.0884	7.9499	31.211	39.933	83.167	2220.0	0.00086601	6.8851e-05	0.11178	liquid
283.53	2700.0	59.358	0.016847	7.0937	7.9554	31.230	39.933	83.183	2218.9	0.00087325	6.8805e-05	0.11172	liquid
283.60	2700.0	59.342	0.016851	7.0990	7.9610	31.250	39.932	83.199	2217.7	0.00088050	6.8760e-05	0.11166	liquid
283.67	2700.0	59.326	0.016856	7.1044	7.9665	31.269	39.932	83.215	2216.6	0.00088776	6.8714e-05	0.11160	liquid
283.73	2700.0	59.311	0.016860	7.1097	7.9721	31.289	39.932	83.231	2215.5	0.00089503	6.8669e-05	0.11154	liquid
283.80	2700.0	59.295	0.016865	7.1150	7.9776	31.309	39.931	83.248	2214.3	0.00090231	6.8623e-05	0.11148	liquid
283.87	2700.0	59.279	0.016869	7.1203	7.9832	31.328	39.931	83.264	2213.2	0.00090961	6.8578e-05	0.11142	liquid
283.93	2700.0	59.263	0.016874	7.1256	7.9887	31.348	39.931	83.280	2212.0	0.00091691	6.8532e-05	0.11136	liquid
284.00	2700.0	59.248	0.016878	7.1310	7.9943	31.367	39.930	83.296	2210.9	0.00092423	6.8487e-05	0.11130	liquid
284.07	2700.0	59.232	0.016883	7.1363	7.9998	31.387	39.930	83.312	2209.7	0.00093156	6.8441e-05	0.11124	liquid
284.13	2700.0	59.216	0.016887	7.1416	8.0054	31.406	39.930	83.328	2208.6	0.00093890	6.8396e-05	0.11118	liquid
284.20	2700.0	59.200	0.016892	7.1469	8.0109	31.426	39.930	83.345	2207.5	0.00094626	6.8351e-05	0.11112	liquid
284.27	2700.0	59.185	0.016896	7.1523	8.0165	31.445	39.929	83.361	2206.3	0.00095362	6.8305e-05	0.11106	liquid
284.33	2700.0	59.169	0.016901	7.1576	8.0221	31.465	39.929	83.377	2205.2	0.00096100	6.8260e-05	0.11100	liquid
284.40	2700.0	59.153	0.016905	7.1629	8.0276	31.485	39.929	83.394	2204.0	0.00096839	6.8215e-05	0.11094	liquid
284.47	2700.0	59.137	0.016910	7.1682	8.0332	31.504	39.928	83.410	2202.9	0.00097579	6.8169e-05	0.11088	liquid
284.53	2700.0	59.121	0.016914	7.1736	8.0387	31.524	39.928	83.426	2201.7	0.00098320	6.8124e-05	0.11082	liquid
284.60	2700.0	59.106	0.016919	7.1789	8.0443	31.543	39.928	83.443	2200.6	0.00099063	6.8079e-05	0.11076	liquid
284.67	2700.0	59.090	0.016923	7.1842	8.0499	31.563	39.927	83.459	2199.4	0.00099806	6.8034e-05	0.11070	liquid
284.73	2700.0	59.074	0.016928	7.1896	8.0554	31.582	39.927	83.476	2198.3	0.0010055	6.7989e-05	0.11065	liquid
284.80	2700.0	59.058	0.016933	7.1949	8.0610	31.602	39.927	83.492	2197.2	0.0010130	6.7944e-05	0.11059	liquid
284.87	2700.0	59.042	0.016937	7.2002	8.0666	31.621	39.926	83.509	2196.0	0.0010204	6.7898e-05	0.11053	liquid
284.93	2700.0	59.026	0.016942	7.2056	8.0721	31.641	39.926	83.525	2194.9	0.0010279	6.7853e-05	0.11047	liquid
285.00	2700.0	59.010	0.016946	7.2109	8.0777	31.660	39.926	83.542	2193.7	0.0010354	6.7808e-05	0.11041	liquid
285.07	2700.0	58.995	0.016951	7.2162	8.0833	31.680	39.926	83.558	2192.6	0.0010429	6.7763e-05	0.11035	liquid
285.13	2700.0	58.979	0.016955	7.2216	8.0888	31.700	39.925	83.575	2191.4	0.0010505	6.7718e-05	0.11029	liquid
285.20	2700.0	58.963	0.016960	7.2269	8.0944	31.719	39.925	83.591	2190.3	0.0010580	6.7673e-05	0.11023	liquid
285.27	2700.0	58.947	0.016964	7.2323	8.1000	31.739	39.925	83.608	2189.1	0.0010655	6.7628e-05	0.11017	liquid
285.33	2700.0	58.931	0.016969	7.2376	8.1056	31.758	39.924	83.625	2188.0	0.0010731	6.7584e-05	0.11011	liquid
285.40	2700.0	58.915	0.016974	7.2429	8.1111	31.778	39.924	83.641	2186.9	0.0010807	6.7539e-05	0.11005	liquid
285.47	2700.0	58.899	0.016978	7.2483	8.1167	31.797	39.924	83.658	2185.7	0.0010882	6.7494e-05	0.10999	liquid
285.53	2700.0	58.883	0.016983	7.2536	8.1223	31.817	39.924	83.675	2184.6	0.0010958	6.7449e-05	0.10993	liquid
285.60	2700.0	58.867	0.016987	7.2590	8.1279	31.836	39.923	83.691	2183.4	0.0011034	6.7404e-05	0.10987	liquid
285.67	2700.0	58.851	0.016992	7.2643	8.1334	31.856	39.923	83.708	2182.3	0.0011111	6.7359e-05	0.10981	liquid
285.73	2700.0	58.835	0.016997	7.2697	8.1390	31.875	39.923	83.725	2181.1	0.0011187	6.7315e-05	0.10976	liquid
285.80	2700.0	58.819	0.017001	7.2750	8.1446	31.895	39.922	83.742	2180.0	0.0011263	6.7270e-05	0.10970	liquid
285.87	2700.0	58.804	0.017006	7.2804	8.1502	31.914	39.922	83.759	2178.9	0.0011340	6.7225e-05	0.10964	liquid
285.93	2700.0	58.788	0.017010	7.2857	8.1558	31.934	39.922	83.775	2177.7	0.0011416	6.7180e-05	0.10958	liquid
286.00	2700.0	58.772	0.017015	7.2911	8.1614	31.954	39.922	83.792	2176.6	0.0011493	6.7136e-05	0.10952	liquid
286.07	2700.0	58.756	0.017020	7.2964	8.1669	31.973	39.921	83.809	2175.4	0.0011570	6.7091e-05	0.10946	liquid
286.13	2700.0	58.740	0.017024	7.3018	8.1725	31.993	39.921	83.826	2174.3	0.0011647	6.7047e-05	0.10940	liquid
286.20	2700.0	58.724	0.017029	7.3071	8.1781	32.012	39.921	83.843	2173.1	0.0011724	6.7002e-05	0.10934	liquid
286.27	2700.0	58.708	0.017034	7.3125	8.1837	32.032	39.921	83.860	2172.0	0.0011802	6.6957e-05	0.10928	liquid
286.33	2700.0	58.692	0.017038	7.3178	8.1893	32.051	39.920	83.877	2170.8	0.0011879	6.6913e-05	0.10922	liquid
286.40	2700.0	58.676	0.017043	7.3232	8.1949	32.071	39.920	83.894	2169.7	0.0011957	6.6868e-05	0.10916	liquid
286.47	2700.0	58.660	0.017048	7.3285	8.2005	32.090	39.920	83.911	2168.6	0.0012034	6.6824e-05	0.10911	liquid
286.53	2700.0	58.644	0.017052	7.3339	8.2061	32.110	39.919	83.928	2167.4	0.0012112	6.6779e-05	0.10905	liquid
286.60	2700.0	58.628	0.017057	7.3392	8.2117	32.129	39.919	83.945	2166.3	0.0012190	6.6735e-05	0.10899	liquid
286.67	2700.0	58.612	0.017061	7.3446	8.2173	32.149	39.919	83.963	2165.1	0.0012268	6.6691e-05	0.10893	liquid
286.73	2700.0	58.595	0.017066	7.3500	8.2229	32.168	39.919	83.980	2164.0	0.0012346	6.6646e-05	0.10887	liquid
286.80	2700.0	58.579	0.017071	7.3553	8.2285	32.188	39.918	83.997	2162.8	0.0012425	6.6602e-05	0.10881	liquid
286.87	2700.0	58.563	0.017076	7.3607	8.2341	32.207	39.918	84.014	2161.7	0.0012503	6.6557e-05	0.10875	liquid
286.93	2700.0	58.547	0.017080	7.3660	8.2397	32.227	39.918	84.031	2160.6	0.0012582	6.6513e-05	0.10869	liquid
287.00	2700.0	58.531	0.017085	7.3714	8.2453	32.246	39.918	84.049	2159.4	0.0012660	6.6469e-05	0.10863	liquid
287.07	2700.0	58.515	0.017090	7.3768	8.2509	32.266	39.918	84.066	2158.3	0.0012739	6.6425e-05	0.10857	liquid
287.13	2700.0	58.499	0.017094	7.3821	8.2565	32.285	39.917	84.083	2157.1	0.0012818	6.6380e-05	0.10852	liquid
287.20	2700.0	58.483	0.017099	7.3875	8.2621	32.305	39.917	84.100	2156.0	0.0012897	6.6336e-05	0.10846	liquid
287.27	2700.0	58.467	0.017104	7.3929	8.2677	32.325	39.917	84.118	2154.8	0.0012976	6.6292e-05	0.10840	liquid
287.33	2700.0	58.451	0.017108	7.3982	8.2733	32.344	39.917	84.135	2153.7	0.0013056	6.6248e-05	0.10834	liquid
287.40	2700.0	58.435	0.017113	7.4036	8.2789	32.364	39.916	84.153	2152.5	0.0013135	6.6204e-05	0.10828	liquid
287.47	2700.0	58.418	0.017118	7.4090	8.2845	32.383	39.916	84.170	2151.4	0.0013215	6.6159e-05	0.10822	liquid
287.53	2700.0	58.402	0.017123	7.4143	8.2901	32.403	39.916	84.187	2150.3	0.0013294	6.6115e-05	0.10816	liquid
287.60	2700.0	58.386	0.017127	7.4197	8.2958	32.422	39.916	84.205	2149.1	0.0013374	6.6071e-05	0.10810	liquid
287.67	2700.0	58.370	0.017132	7.4251	8.3014	32.442	39.915	84.222	2148.0	0.0013454	6.6027e-05	0.10805	liquid
287.73	2700.0	58.354	0.017137	7.4304	8.3070	32.461	39.915	84.240	2146.8	0.0013534	6.5983e-05	0.10799	liquid
287.80	2700.0	58.338	0.017142	7.4358	8.3126	32.481	39.915	84.258	2145.7	0.0013615	6.5939e-05	0.10793	liquid
287.87	2700.0	58.322	0.017146	7.4412	8.3182	32.500	39.915	84.275	2144.5	0.0013695	6.5895e-05	0.10787	liquid
287.93	2700.0	58.305	0.017151	7.4466	8.3238	32.520	39.914	84.293	2143.4	0.0013775	6.5851e-05	0.10781	liquid
288.00	2700.0	58.289	0.017156	7.4519	8.3295	32.539	39.914	84.310	2142.3	0.0013856	6.5807e-05	0.10775	liquid
288.07	2700.0	58.273	0.017161	7.4573	8.3351	32.559	39.914	84.328	2141.1	0.0013937	6.5763e-05	0.10769	liquid
288.13	2700.0	58.257	0.017165	7.4627	8.3407	32.578	39.914	84.346	2140.0	0.0014018	6.5720e-05	0.10764	liquid
288.20	2700.0	58.241	0.017170	7.4681	8.3463	32.598	39.914	84.363	2138.8	0.0014099	6.5676e-05	0.10758	liquid
288.27	2700.0	58.224	0.017175	7.4735	8.3520	32.617	39.913	84.381	2137.7	0.0014180	6.5632e-05	0.10752	liquid
288.33	2700.0	58.208	0.017180	7.4788	8.3576	32.637	39.913	84.399	2136.5	0.0014261	6.5588e-05	0.10746	liquid
288.40	2700.0	58.192	0.017185	7.4842	8.3632	32.656	39.913	84.417	2135.4	0.0014343	6.5544e-05	0.10740	liquid
288.47	2700.0	58.176	0.017189	7.4896	8.3688	32.676	39.913	84.434	2134.2	0.0014424	6.5501e-05	0.10734	liquid
288.53	2700.0	58.159	0.017194	7.4950	8.3745	32.695	39.913	84.452	2133.1	0.0014506	6.5457e-05	0.10728	liquid
288.60	2700.0	58.143	0.017199	7.5004	8.3801	32.715	39.912	84.470	2132.0	0.0014588	6.5413e-05	0.10723	liquid
288.67	2700.0	58.127	0.017204	7.5058	8.3857	32.734	39.912	84.488	2130.8	0.0014670	6.5369e-05	0.10717	liquid
288.73	2700.0	58.111	0.017209	7.5112	8.3914	32.754	39.912	84.506	2129.7	0.0014752	6.5326e-05	0.10711	liquid
288.80	2700.0	58.094	0.017213	7.5165	8.3970	32.773	39.912	84.524	2128.5	0.0014834	6.5282e-05	0.10705	liquid
288.87	2700.0	58.078	0.017218	7.5219	8.4026	32.793	39.912	84.542	2127.4	0.0014917	6.5238e-05	0.10699	liquid
288.93	2700.0	58.062	0.017223	7.5273	8.4083	32.812	39.911	84.560	2126.2	0.0014999	6.5195e-05	0.10693	liquid
289.00	2700.0	58.046	0.017228	7.5327	8.4139	32.832	39.911	84.578	2125.1	0.0015082	6.5151e-05	0.10687	liquid
289.07	2700.0	58.029	0.017233	7.5381	8.4195	32.851	39.911	84.596	2124.0	0.0015165	6.5108e-05	0.10682	liquid
289.13	2700.0	58.013	0.017238	7.5435	8.4252	32.871	39.911	84.614	2122.8	0.0015247	6.5064e-05	0.10676	liquid
289.20	2700.0	57.997	0.017242	7.5489	8.4308	32.890	39.911	84.632	2121.7	0.0015331	6.5021e-05	0.10670	liquid
289.27	2700.0	57.980	0.017247	7.5543	8.4365	32.910	39.910	84.650	2120.5	0.0015414	6.4977e-05	0.10664	liquid
289.33	2700.0	57.964	0.017252	7.5597	8.4421	32.929	39.910	84.668	2119.4	0.0015497	6.4934e-05	0.10658	liquid
289.40	2700.0	57.948	0.017257	7.5651	8.4478	32.949	39.910	84.686	2118.2	0.0015581	6.4890e-05	0.10652	liquid
289.47	2700.0	57.931	0.017262	7.5705	8.4534	32.968	39.910	84.705	2117.1	0.0015664	6.4847e-05	0.10647	liquid
289.53	2700.0	57.915	0.017267	7.5759	8.4591	32.988	39.910	84.723	2115.9	0.0015748	6.4803e-05	0.10641	liquid
289.60	2700.0	57.899	0.017272	7.5813	8.4647	33.008	39.910	84.741	2114.8	0.0015832	6.4760e-05	0.10635	liquid
289.67	2700.0	57.882	0.017276	7.5867	8.4703	33.027	39.909	84.759	2113.7	0.0015916	6.4717e-05	0.10629	liquid
289.73	2700.0	57.866	0.017281	7.5921	8.4760	33.047	39.909	84.778	2112.5	0.0016000	6.4673e-05	0.10623	liquid
289.80	2700.0	57.849	0.017286	7.5975	8.4817	33.066	39.909	84.796	2111.4	0.0016084	6.4630e-05	0.10618	liquid
289.87	2700.0	57.833	0.017291	7.6029	8.4873	33.086	39.909	84.814	2110.2	0.0016169	6.4587e-05	0.10612	liquid
289.93	2700.0	57.817	0.017296	7.6083	8.4930	33.105	39.909	84.833	2109.1	0.0016253	6.4544e-05	0.10606	liquid
290.00	2700.0	57.800	0.017301	7.6137	8.4986	33.125	39.908	84.851	2107.9	0.0016338	6.4500e-05	0.10600	liquid
