Temperature (K)	Pressure (psia)	Density (lbm/ft3)	Volume (ft3/lbm)	Internal Energy (kJ/mol)	Enthalpy (kJ/mol)	Entropy (J/mol*K)	Cv (J/mol*K)	Cp (J/mol*K)	Sound Spd. (ft/s)	Joule-Thomson (F/psia)	Viscosity (lbm/ft*s)	Therm. Cond. (W/m*K)	Phase
250.00	3300.0	67.231	0.014874	4.3919	5.3217	20.684	40.387	76.171	2884.9	-0.0019700	9.9495e-05	0.14695	liquid
250.07	3300.0	67.219	0.014877	4.3968	5.3268	20.705	40.385	76.178	2883.8	-0.0019670	9.9428e-05	0.14688	liquid
250.13	3300.0	67.206	0.014880	4.4017	5.3319	20.725	40.384	76.184	2882.6	-0.0019640	9.9360e-05	0.14682	liquid
250.20	3300.0	67.193	0.014882	4.4066	5.3370	20.745	40.383	76.190	2881.5	-0.0019610	9.9292e-05	0.14675	liquid
250.27	3300.0	67.181	0.014885	4.4115	5.3421	20.766	40.382	76.197	2880.4	-0.0019580	9.9225e-05	0.14669	liquid
250.33	3300.0	67.168	0.014888	4.4164	5.3471	20.786	40.381	76.203	2879.3	-0.0019550	9.9157e-05	0.14662	liquid
250.40	3300.0	67.156	0.014891	4.4213	5.3522	20.806	40.380	76.210	2878.2	-0.0019520	9.9090e-05	0.14656	liquid
250.47	3300.0	67.143	0.014894	4.4262	5.3573	20.826	40.378	76.216	2877.1	-0.0019490	9.9023e-05	0.14649	liquid
250.53	3300.0	67.130	0.014896	4.4311	5.3624	20.847	40.377	76.222	2876.0	-0.0019459	9.8955e-05	0.14643	liquid
250.60	3300.0	67.118	0.014899	4.4360	5.3675	20.867	40.376	76.229	2874.8	-0.0019429	9.8888e-05	0.14636	liquid
250.67	3300.0	67.105	0.014902	4.4409	5.3725	20.887	40.375	76.235	2873.7	-0.0019399	9.8821e-05	0.14630	liquid
250.73	3300.0	67.092	0.014905	4.4458	5.3776	20.908	40.374	76.242	2872.6	-0.0019369	9.8754e-05	0.14623	liquid
250.80	3300.0	67.080	0.014908	4.4507	5.3827	20.928	40.373	76.248	2871.5	-0.0019338	9.8687e-05	0.14617	liquid
250.87	3300.0	67.067	0.014910	4.4556	5.3878	20.948	40.371	76.255	2870.4	-0.0019308	9.8620e-05	0.14611	liquid
250.93	3300.0	67.054	0.014913	4.4606	5.3929	20.968	40.370	76.261	2869.3	-0.0019278	9.8553e-05	0.14604	liquid
251.00	3300.0	67.042	0.014916	4.4655	5.3980	20.989	40.369	76.268	2868.2	-0.0019247	9.8486e-05	0.14598	liquid
251.07	3300.0	67.029	0.014919	4.4704	5.4030	21.009	40.368	76.274	2867.1	-0.0019217	9.8419e-05	0.14591	liquid
251.13	3300.0	67.016	0.014922	4.4753	5.4081	21.029	40.367	76.281	2866.0	-0.0019186	9.8353e-05	0.14585	liquid
251.20	3300.0	67.004	0.014925	4.4802	5.4132	21.049	40.366	76.287	2864.8	-0.0019156	9.8286e-05	0.14578	liquid
251.27	3300.0	66.991	0.014927	4.4851	5.4183	21.070	40.365	76.294	2863.7	-0.0019125	9.8220e-05	0.14572	liquid
251.33	3300.0	66.978	0.014930	4.4900	5.4234	21.090	40.363	76.300	2862.6	-0.0019095	9.8153e-05	0.14565	liquid
251.40	3300.0	66.966	0.014933	4.4949	5.4285	21.110	40.362	76.307	2861.5	-0.0019064	9.8087e-05	0.14559	liquid
251.47	3300.0	66.953	0.014936	4.4998	5.4336	21.130	40.361	76.313	2860.4	-0.0019033	9.8020e-05	0.14553	liquid
251.53	3300.0	66.940	0.014939	4.5047	5.4386	21.151	40.360	76.320	2859.3	-0.0019002	9.7954e-05	0.14546	liquid
251.60	3300.0	66.928	0.014942	4.5096	5.4437	21.171	40.359	76.326	2858.2	-0.0018972	9.7888e-05	0.14540	liquid
251.67	3300.0	66.915	0.014944	4.5146	5.4488	21.191	40.358	76.333	2857.1	-0.0018941	9.7822e-05	0.14533	liquid
251.73	3300.0	66.902	0.014947	4.5195	5.4539	21.211	40.357	76.340	2855.9	-0.0018910	9.7756e-05	0.14527	liquid
251.80	3300.0	66.889	0.014950	4.5244	5.4590	21.231	40.355	76.346	2854.8	-0.0018879	9.7690e-05	0.14520	liquid
251.87	3300.0	66.877	0.014953	4.5293	5.4641	21.252	40.354	76.353	2853.7	-0.0018848	9.7624e-05	0.14514	liquid
251.93	3300.0	66.864	0.014956	4.5342	5.4692	21.272	40.353	76.359	2852.6	-0.0018817	9.7558e-05	0.14508	liquid
252.00	3300.0	66.851	0.014959	4.5391	5.4743	21.292	40.352	76.366	2851.5	-0.0018786	9.7492e-05	0.14501	liquid
252.07	3300.0	66.839	0.014961	4.5440	5.4794	21.312	40.351	76.373	2850.4	-0.0018755	9.7426e-05	0.14495	liquid
252.13	3300.0	66.826	0.014964	4.5490	5.4845	21.332	40.350	76.379	2849.3	-0.0018724	9.7360e-05	0.14488	liquid
252.20	3300.0	66.813	0.014967	4.5539	5.4895	21.353	40.349	76.386	2848.2	-0.0018693	9.7295e-05	0.14482	liquid
252.27	3300.0	66.800	0.014970	4.5588	5.4946	21.373	40.348	76.393	2847.1	-0.0018662	9.7229e-05	0.14475	liquid
252.33	3300.0	66.788	0.014973	4.5637	5.4997	21.393	40.346	76.399	2846.0	-0.0018631	9.7164e-05	0.14469	liquid
252.40	3300.0	66.775	0.014976	4.5686	5.5048	21.413	40.345	76.406	2844.8	-0.0018600	9.7098e-05	0.14463	liquid
252.47	3300.0	66.762	0.014979	4.5735	5.5099	21.433	40.344	76.413	2843.7	-0.0018568	9.7033e-05	0.14456	liquid
252.53	3300.0	66.750	0.014981	4.5784	5.5150	21.454	40.343	76.419	2842.6	-0.0018537	9.6968e-05	0.14450	liquid
252.60	3300.0	66.737	0.014984	4.5834	5.5201	21.474	40.342	76.426	2841.5	-0.0018506	9.6902e-05	0.14443	liquid
252.67	3300.0	66.724	0.014987	4.5883	5.5252	21.494	40.341	76.433	2840.4	-0.0018474	9.6837e-05	0.14437	liquid
252.73	3300.0	66.711	0.014990	4.5932	5.5303	21.514	40.340	76.439	2839.3	-0.0018443	9.6772e-05	0.14431	liquid
252.80	3300.0	66.699	0.014993	4.5981	5.5354	21.534	40.339	76.446	2838.2	-0.0018411	9.6707e-05	0.14424	liquid
252.87	3300.0	66.686	0.014996	4.6030	5.5405	21.554	40.338	76.453	2837.1	-0.0018380	9.6642e-05	0.14418	liquid
252.93	3300.0	66.673	0.014999	4.6079	5.5456	21.575	40.336	76.459	2836.0	-0.0018348	9.6577e-05	0.14411	liquid
253.00	3300.0	66.660	0.015001	4.6129	5.5507	21.595	40.335	76.466	2834.9	-0.0018317	9.6512e-05	0.14405	liquid
253.07	3300.0	66.648	0.015004	4.6178	5.5558	21.615	40.334	76.473	2833.8	-0.0018285	9.6447e-05	0.14398	liquid
253.13	3300.0	66.635	0.015007	4.6227	5.5609	21.635	40.333	76.480	2832.6	-0.0018254	9.6382e-05	0.14392	liquid
253.20	3300.0	66.622	0.015010	4.6276	5.5660	21.655	40.332	76.486	2831.5	-0.0018222	9.6318e-05	0.14386	liquid
253.27	3300.0	66.609	0.015013	4.6325	5.5711	21.675	40.331	76.493	2830.4	-0.0018190	9.6253e-05	0.14379	liquid
253.33	3300.0	66.597	0.015016	4.6375	5.5762	21.695	40.330	76.500	2829.3	-0.0018158	9.6189e-05	0.14373	liquid
253.40	3300.0	66.584	0.015019	4.6424	5.5813	21.716	40.329	76.507	2828.2	-0.0018127	9.6124e-05	0.14366	liquid
253.47	3300.0	66.571	0.015022	4.6473	5.5864	21.736	40.328	76.514	2827.1	-0.0018095	9.6060e-05	0.14360	liquid
253.53	3300.0	66.558	0.015024	4.6522	5.5915	21.756	40.327	76.520	2826.0	-0.0018063	9.5995e-05	0.14354	liquid
253.60	3300.0	66.545	0.015027	4.6571	5.5966	21.776	40.326	76.527	2824.9	-0.0018031	9.5931e-05	0.14347	liquid
253.67	3300.0	66.533	0.015030	4.6621	5.6017	21.796	40.324	76.534	2823.8	-0.0017999	9.5867e-05	0.14341	liquid
253.73	3300.0	66.520	0.015033	4.6670	5.6068	21.816	40.323	76.541	2822.7	-0.0017967	9.5802e-05	0.14334	liquid
253.80	3300.0	66.507	0.015036	4.6719	5.6119	21.836	40.322	76.548	2821.6	-0.0017935	9.5738e-05	0.14328	liquid
253.87	3300.0	66.494	0.015039	4.6768	5.6170	21.856	40.321	76.555	2820.5	-0.0017903	9.5674e-05	0.14322	liquid
253.93	3300.0	66.481	0.015042	4.6817	5.6221	21.876	40.320	76.561	2819.3	-0.0017871	9.5610e-05	0.14315	liquid
254.00	3300.0	66.469	0.015045	4.6867	5.6272	21.897	40.319	76.568	2818.2	-0.0017838	9.5546e-05	0.14309	liquid
254.07	3300.0	66.456	0.015048	4.6916	5.6323	21.917	40.318	76.575	2817.1	-0.0017806	9.5482e-05	0.14303	liquid
254.13	3300.0	66.443	0.015050	4.6965	5.6374	21.937	40.317	76.582	2816.0	-0.0017774	9.5419e-05	0.14296	liquid
254.20	3300.0	66.430	0.015053	4.7014	5.6425	21.957	40.316	76.589	2814.9	-0.0017742	9.5355e-05	0.14290	liquid
254.27	3300.0	66.417	0.015056	4.7064	5.6476	21.977	40.315	76.596	2813.8	-0.0017709	9.5291e-05	0.14283	liquid
254.33	3300.0	66.405	0.015059	4.7113	5.6527	21.997	40.314	76.603	2812.7	-0.0017677	9.5227e-05	0.14277	liquid
254.40	3300.0	66.392	0.015062	4.7162	5.6578	22.017	40.313	76.610	2811.6	-0.0017645	9.5164e-05	0.14271	liquid
254.47	3300.0	66.379	0.015065	4.7211	5.6629	22.037	40.312	76.617	2810.5	-0.0017612	9.5100e-05	0.14264	liquid
254.53	3300.0	66.366	0.015068	4.7261	5.6681	22.057	40.310	76.623	2809.4	-0.0017580	9.5037e-05	0.14258	liquid
254.60	3300.0	66.353	0.015071	4.7310	5.6732	22.077	40.309	76.630	2808.3	-0.0017547	9.4973e-05	0.14251	liquid
254.67	3300.0	66.340	0.015074	4.7359	5.6783	22.097	40.308	76.637	2807.2	-0.0017515	9.4910e-05	0.14245	liquid
254.73	3300.0	66.328	0.015077	4.7409	5.6834	22.117	40.307	76.644	2806.1	-0.0017482	9.4847e-05	0.14239	liquid
254.80	3300.0	66.315	0.015080	4.7458	5.6885	22.137	40.306	76.651	2805.0	-0.0017449	9.4784e-05	0.14232	liquid
254.87	3300.0	66.302	0.015083	4.7507	5.6936	22.157	40.305	76.658	2803.9	-0.0017417	9.4720e-05	0.14226	liquid
254.93	3300.0	66.289	0.015085	4.7556	5.6987	22.178	40.304	76.665	2802.7	-0.0017384	9.4657e-05	0.14220	liquid
255.00	3300.0	66.276	0.015088	4.7606	5.7038	22.198	40.303	76.672	2801.6	-0.0017351	9.4594e-05	0.14213	liquid
255.07	3300.0	66.263	0.015091	4.7655	5.7089	22.218	40.302	76.679	2800.5	-0.0017318	9.4531e-05	0.14207	liquid
255.13	3300.0	66.251	0.015094	4.7704	5.7140	22.238	40.301	76.686	2799.4	-0.0017286	9.4468e-05	0.14200	liquid
255.20	3300.0	66.238	0.015097	4.7753	5.7192	22.258	40.300	76.693	2798.3	-0.0017253	9.4405e-05	0.14194	liquid
255.27	3300.0	66.225	0.015100	4.7803	5.7243	22.278	40.299	76.700	2797.2	-0.0017220	9.4343e-05	0.14188	liquid
255.33	3300.0	66.212	0.015103	4.7852	5.7294	22.298	40.298	76.707	2796.1	-0.0017187	9.4280e-05	0.14181	liquid
255.40	3300.0	66.199	0.015106	4.7901	5.7345	22.318	40.297	76.714	2795.0	-0.0017154	9.4217e-05	0.14175	liquid
255.47	3300.0	66.186	0.015109	4.7951	5.7396	22.338	40.296	76.721	2793.9	-0.0017121	9.4154e-05	0.14169	liquid
255.53	3300.0	66.173	0.015112	4.8000	5.7447	22.358	40.295	76.728	2792.8	-0.0017088	9.4092e-05	0.14162	liquid
255.60	3300.0	66.161	0.015115	4.8049	5.7498	22.378	40.294	76.735	2791.7	-0.0017055	9.4029e-05	0.14156	liquid
255.67	3300.0	66.148	0.015118	4.8099	5.7550	22.398	40.293	76.743	2790.6	-0.0017021	9.3967e-05	0.14150	liquid
255.73	3300.0	66.135	0.015121	4.8148	5.7601	22.418	40.292	76.750	2789.5	-0.0016988	9.3905e-05	0.14143	liquid
255.80	3300.0	66.122	0.015124	4.8197	5.7652	22.438	40.290	76.757	2788.4	-0.0016955	9.3842e-05	0.14137	liquid
255.87	3300.0	66.109	0.015127	4.8247	5.7703	22.458	40.289	76.764	2787.3	-0.0016922	9.3780e-05	0.14131	liquid
255.93	3300.0	66.096	0.015129	4.8296	5.7754	22.478	40.288	76.771	2786.2	-0.0016888	9.3718e-05	0.14124	liquid
256.00	3300.0	66.083	0.015132	4.8345	5.7806	22.498	40.287	76.778	2785.1	-0.0016855	9.3656e-05	0.14118	liquid
256.07	3300.0	66.070	0.015135	4.8395	5.7857	22.518	40.286	76.785	2784.0	-0.0016822	9.3593e-05	0.14111	liquid
256.13	3300.0	66.057	0.015138	4.8444	5.7908	22.538	40.285	76.792	2782.9	-0.0016788	9.3531e-05	0.14105	liquid
256.20	3300.0	66.045	0.015141	4.8493	5.7959	22.558	40.284	76.799	2781.8	-0.0016755	9.3469e-05	0.14099	liquid
256.27	3300.0	66.032	0.015144	4.8543	5.8010	22.578	40.283	76.807	2780.7	-0.0016721	9.3407e-05	0.14092	liquid
256.33	3300.0	66.019	0.015147	4.8592	5.8061	22.598	40.282	76.814	2779.5	-0.0016688	9.3346e-05	0.14086	liquid
256.40	3300.0	66.006	0.015150	4.8641	5.8113	22.618	40.281	76.821	2778.4	-0.0016654	9.3284e-05	0.14080	liquid
256.47	3300.0	65.993	0.015153	4.8691	5.8164	22.638	40.280	76.828	2777.3	-0.0016620	9.3222e-05	0.14073	liquid
256.53	3300.0	65.980	0.015156	4.8740	5.8215	22.658	40.279	76.835	2776.2	-0.0016587	9.3160e-05	0.14067	liquid
256.60	3300.0	65.967	0.015159	4.8790	5.8266	22.678	40.278	76.842	2775.1	-0.0016553	9.3099e-05	0.14061	liquid
256.67	3300.0	65.954	0.015162	4.8839	5.8318	22.698	40.277	76.850	2774.0	-0.0016519	9.3037e-05	0.14054	liquid
256.73	3300.0	65.941	0.015165	4.8888	5.8369	22.718	40.276	76.857	2772.9	-0.0016485	9.2975e-05	0.14048	liquid
256.80	3300.0	65.928	0.015168	4.8938	5.8420	22.738	40.275	76.864	2771.8	-0.0016451	9.2914e-05	0.14042	liquid
256.87	3300.0	65.915	0.015171	4.8987	5.8471	22.758	40.274	76.871	2770.7	-0.0016417	9.2853e-05	0.14035	liquid
256.93	3300.0	65.902	0.015174	4.9036	5.8523	22.777	40.273	76.879	2769.6	-0.0016383	9.2791e-05	0.14029	liquid
257.00	3300.0	65.889	0.015177	4.9086	5.8574	22.797	40.272	76.886	2768.5	-0.0016349	9.2730e-05	0.14023	liquid
257.07	3300.0	65.877	0.015180	4.9135	5.8625	22.817	40.271	76.893	2767.4	-0.0016315	9.2669e-05	0.14016	liquid
257.13	3300.0	65.864	0.015183	4.9185	5.8676	22.837	40.270	76.900	2766.3	-0.0016281	9.2607e-05	0.14010	liquid
257.20	3300.0	65.851	0.015186	4.9234	5.8728	22.857	40.269	76.908	2765.2	-0.0016247	9.2546e-05	0.14004	liquid
257.27	3300.0	65.838	0.015189	4.9283	5.8779	22.877	40.268	76.915	2764.1	-0.0016213	9.2485e-05	0.13997	liquid
257.33	3300.0	65.825	0.015192	4.9333	5.8830	22.897	40.267	76.922	2763.0	-0.0016179	9.2424e-05	0.13991	liquid
257.40	3300.0	65.812	0.015195	4.9382	5.8881	22.917	40.266	76.929	2761.9	-0.0016145	9.2363e-05	0.13985	liquid
257.47	3300.0	65.799	0.015198	4.9432	5.8933	22.937	40.265	76.937	2760.8	-0.0016110	9.2302e-05	0.13978	liquid
257.53	3300.0	65.786	0.015201	4.9481	5.8984	22.957	40.264	76.944	2759.7	-0.0016076	9.2241e-05	0.13972	liquid
257.60	3300.0	65.773	0.015204	4.9531	5.9035	22.977	40.263	76.951	2758.6	-0.0016042	9.2181e-05	0.13966	liquid
257.67	3300.0	65.760	0.015207	4.9580	5.9087	22.997	40.262	76.959	2757.5	-0.0016007	9.2120e-05	0.13960	liquid
257.73	3300.0	65.747	0.015210	4.9629	5.9138	23.017	40.261	76.966	2756.4	-0.0015973	9.2059e-05	0.13953	liquid
257.80	3300.0	65.734	0.015213	4.9679	5.9189	23.037	40.260	76.973	2755.3	-0.0015938	9.1999e-05	0.13947	liquid
257.87	3300.0	65.721	0.015216	4.9728	5.9241	23.056	40.259	76.981	2754.2	-0.0015904	9.1938e-05	0.13941	liquid
257.93	3300.0	65.708	0.015219	4.9778	5.9292	23.076	40.258	76.988	2753.1	-0.0015869	9.1877e-05	0.13934	liquid
258.00	3300.0	65.695	0.015222	4.9827	5.9343	23.096	40.257	76.995	2752.0	-0.0015834	9.1817e-05	0.13928	liquid
258.07	3300.0	65.682	0.015225	4.9877	5.9395	23.116	40.256	77.003	2750.9	-0.0015800	9.1757e-05	0.13922	liquid
258.13	3300.0	65.669	0.015228	4.9926	5.9446	23.136	40.255	77.010	2749.8	-0.0015765	9.1696e-05	0.13915	liquid
258.20	3300.0	65.656	0.015231	4.9975	5.9497	23.156	40.254	77.018	2748.7	-0.0015730	9.1636e-05	0.13909	liquid
258.27	3300.0	65.643	0.015234	5.0025	5.9549	23.176	40.253	77.025	2747.6	-0.0015695	9.1576e-05	0.13903	liquid
258.33	3300.0	65.630	0.015237	5.0074	5.9600	23.196	40.252	77.032	2746.5	-0.0015661	9.1515e-05	0.13896	liquid
258.40	3300.0	65.617	0.015240	5.0124	5.9651	23.216	40.251	77.040	2745.4	-0.0015626	9.1455e-05	0.13890	liquid
258.47	3300.0	65.604	0.015243	5.0173	5.9703	23.235	40.250	77.047	2744.3	-0.0015591	9.1395e-05	0.13884	liquid
258.53	3300.0	65.591	0.015246	5.0223	5.9754	23.255	40.249	77.055	2743.2	-0.0015556	9.1335e-05	0.13878	liquid
258.60	3300.0	65.578	0.015249	5.0272	5.9805	23.275	40.248	77.062	2742.1	-0.0015521	9.1275e-05	0.13871	liquid
258.67	3300.0	65.565	0.015252	5.0322	5.9857	23.295	40.247	77.070	2741.0	-0.0015486	9.1215e-05	0.13865	liquid
258.73	3300.0	65.552	0.015255	5.0371	5.9908	23.315	40.246	77.077	2739.9	-0.0015451	9.1155e-05	0.13859	liquid
258.80	3300.0	65.539	0.015258	5.0421	5.9960	23.335	40.245	77.085	2738.8	-0.0015415	9.1096e-05	0.13852	liquid
258.87	3300.0	65.526	0.015261	5.0470	6.0011	23.355	40.244	77.092	2737.7	-0.0015380	9.1036e-05	0.13846	liquid
258.93	3300.0	65.513	0.015264	5.0520	6.0062	23.374	40.244	77.100	2736.6	-0.0015345	9.0976e-05	0.13840	liquid
259.00	3300.0	65.500	0.015267	5.0569	6.0114	23.394	40.243	77.107	2735.5	-0.0015310	9.0916e-05	0.13833	liquid
259.07	3300.0	65.487	0.015270	5.0619	6.0165	23.414	40.242	77.115	2734.4	-0.0015274	9.0857e-05	0.13827	liquid
259.13	3300.0	65.474	0.015273	5.0668	6.0217	23.434	40.241	77.122	2733.3	-0.0015239	9.0797e-05	0.13821	liquid
259.20	3300.0	65.461	0.015276	5.0718	6.0268	23.454	40.240	77.130	2732.2	-0.0015204	9.0738e-05	0.13815	liquid
259.27	3300.0	65.448	0.015279	5.0767	6.0319	23.474	40.239	77.137	2731.1	-0.0015168	9.0678e-05	0.13808	liquid
259.33	3300.0	65.435	0.015282	5.0817	6.0371	23.493	40.238	77.145	2730.0	-0.0015133	9.0619e-05	0.13802	liquid
259.40	3300.0	65.422	0.015285	5.0866	6.0422	23.513	40.237	77.152	2728.9	-0.0015097	9.0560e-05	0.13796	liquid
259.47	3300.0	65.409	0.015289	5.0916	6.0474	23.533	40.236	77.160	2727.8	-0.0015061	9.0500e-05	0.13789	liquid
259.53	3300.0	65.395	0.015292	5.0965	6.0525	23.553	40.235	77.167	2726.7	-0.0015026	9.0441e-05	0.13783	liquid
259.60	3300.0	65.382	0.015295	5.1015	6.0577	23.573	40.234	77.175	2725.6	-0.0014990	9.0382e-05	0.13777	liquid
259.67	3300.0	65.369	0.015298	5.1065	6.0628	23.593	40.233	77.183	2724.5	-0.0014954	9.0323e-05	0.13771	liquid
259.73	3300.0	65.356	0.015301	5.1114	6.0679	23.612	40.232	77.190	2723.4	-0.0014919	9.0264e-05	0.13764	liquid
259.80	3300.0	65.343	0.015304	5.1164	6.0731	23.632	40.231	77.198	2722.3	-0.0014883	9.0205e-05	0.13758	liquid
259.87	3300.0	65.330	0.015307	5.1213	6.0782	23.652	40.230	77.206	2721.2	-0.0014847	9.0146e-05	0.13752	liquid
259.93	3300.0	65.317	0.015310	5.1263	6.0834	23.672	40.229	77.213	2720.1	-0.0014811	9.0087e-05	0.13746	liquid
260.00	3300.0	65.304	0.015313	5.1312	6.0885	23.692	40.228	77.221	2719.0	-0.0014775	9.0028e-05	0.13739	liquid
260.07	3300.0	65.291	0.015316	5.1362	6.0937	23.711	40.227	77.228	2717.9	-0.0014739	8.9969e-05	0.13733	liquid
260.13	3300.0	65.278	0.015319	5.1411	6.0988	23.731	40.226	77.236	2716.8	-0.0014703	8.9910e-05	0.13727	liquid
260.20	3300.0	65.265	0.015322	5.1461	6.1040	23.751	40.225	77.244	2715.7	-0.0014667	8.9852e-05	0.13720	liquid
260.27	3300.0	65.252	0.015325	5.1511	6.1091	23.771	40.225	77.251	2714.6	-0.0014631	8.9793e-05	0.13714	liquid
260.33	3300.0	65.238	0.015328	5.1560	6.1143	23.791	40.224	77.259	2713.5	-0.0014595	8.9734e-05	0.13708	liquid
260.40	3300.0	65.225	0.015331	5.1610	6.1194	23.810	40.223	77.267	2712.4	-0.0014558	8.9676e-05	0.13702	liquid
260.47	3300.0	65.212	0.015335	5.1659	6.1246	23.830	40.222	77.274	2711.3	-0.0014522	8.9617e-05	0.13695	liquid
260.53	3300.0	65.199	0.015338	5.1709	6.1297	23.850	40.221	77.282	2710.2	-0.0014486	8.9559e-05	0.13689	liquid
260.60	3300.0	65.186	0.015341	5.1759	6.1349	23.870	40.220	77.290	2709.1	-0.0014449	8.9501e-05	0.13683	liquid
260.67	3300.0	65.173	0.015344	5.1808	6.1400	23.889	40.219	77.298	2708.0	-0.0014413	8.9442e-05	0.13677	liquid
260.73	3300.0	65.160	0.015347	5.1858	6.1452	23.909	40.218	77.305	2706.9	-0.0014377	8.9384e-05	0.13670	liquid
260.80	3300.0	65.147	0.015350	5.1907	6.1504	23.929	40.217	77.313	2705.8	-0.0014340	8.9326e-05	0.13664	liquid
260.87	3300.0	65.134	0.015353	5.1957	6.1555	23.949	40.216	77.321	2704.8	-0.0014304	8.9268e-05	0.13658	liquid
260.93	3300.0	65.120	0.015356	5.2007	6.1607	23.969	40.215	77.329	2703.7	-0.0014267	8.9209e-05	0.13652	liquid
261.00	3300.0	65.107	0.015359	5.2056	6.1658	23.988	40.214	77.336	2702.6	-0.0014230	8.9151e-05	0.13645	liquid
261.07	3300.0	65.094	0.015362	5.2106	6.1710	24.008	40.213	77.344	2701.5	-0.0014194	8.9093e-05	0.13639	liquid
261.13	3300.0	65.081	0.015365	5.2155	6.1761	24.028	40.213	77.352	2700.4	-0.0014157	8.9035e-05	0.13633	liquid
261.20	3300.0	65.068	0.015369	5.2205	6.1813	24.048	40.212	77.360	2699.3	-0.0014120	8.8977e-05	0.13627	liquid
261.27	3300.0	65.055	0.015372	5.2255	6.1864	24.067	40.211	77.368	2698.2	-0.0014083	8.8920e-05	0.13620	liquid
261.33	3300.0	65.042	0.015375	5.2304	6.1916	24.087	40.210	77.375	2697.1	-0.0014047	8.8862e-05	0.13614	liquid
261.40	3300.0	65.028	0.015378	5.2354	6.1968	24.107	40.209	77.383	2696.0	-0.0014010	8.8804e-05	0.13608	liquid
261.47	3300.0	65.015	0.015381	5.2404	6.2019	24.126	40.208	77.391	2694.9	-0.0013973	8.8746e-05	0.13602	liquid
261.53	3300.0	65.002	0.015384	5.2453	6.2071	24.146	40.207	77.399	2693.8	-0.0013936	8.8689e-05	0.13595	liquid
261.60	3300.0	64.989	0.015387	5.2503	6.2122	24.166	40.206	77.407	2692.7	-0.0013899	8.8631e-05	0.13589	liquid
261.67	3300.0	64.976	0.015390	5.2553	6.2174	24.186	40.205	77.415	2691.6	-0.0013862	8.8573e-05	0.13583	liquid
261.73	3300.0	64.963	0.015393	5.2602	6.2226	24.205	40.204	77.423	2690.5	-0.0013824	8.8516e-05	0.13577	liquid
261.80	3300.0	64.949	0.015397	5.2652	6.2277	24.225	40.203	77.430	2689.4	-0.0013787	8.8458e-05	0.13570	liquid
261.87	3300.0	64.936	0.015400	5.2702	6.2329	24.245	40.203	77.438	2688.3	-0.0013750	8.8401e-05	0.13564	liquid
261.93	3300.0	64.923	0.015403	5.2751	6.2380	24.265	40.202	77.446	2687.2	-0.0013713	8.8344e-05	0.13558	liquid
262.00	3300.0	64.910	0.015406	5.2801	6.2432	24.284	40.201	77.454	2686.1	-0.0013675	8.8286e-05	0.13552	liquid
262.07	3300.0	64.897	0.015409	5.2851	6.2484	24.304	40.200	77.462	2685.0	-0.0013638	8.8229e-05	0.13546	liquid
262.13	3300.0	64.883	0.015412	5.2900	6.2535	24.324	40.199	77.470	2683.9	-0.0013601	8.8172e-05	0.13539	liquid
262.20	3300.0	64.870	0.015415	5.2950	6.2587	24.343	40.198	77.478	2682.8	-0.0013563	8.8115e-05	0.13533	liquid
262.27	3300.0	64.857	0.015419	5.3000	6.2639	24.363	40.197	77.486	2681.8	-0.0013526	8.8057e-05	0.13527	liquid
262.33	3300.0	64.844	0.015422	5.3049	6.2690	24.383	40.196	77.494	2680.7	-0.0013488	8.8000e-05	0.13521	liquid
262.40	3300.0	64.831	0.015425	5.3099	6.2742	24.402	40.195	77.502	2679.6	-0.0013450	8.7943e-05	0.13514	liquid
262.47	3300.0	64.817	0.015428	5.3149	6.2794	24.422	40.195	77.510	2678.5	-0.0013413	8.7886e-05	0.13508	liquid
262.53	3300.0	64.804	0.015431	5.3198	6.2845	24.442	40.194	77.518	2677.4	-0.0013375	8.7829e-05	0.13502	liquid
262.60	3300.0	64.791	0.015434	5.3248	6.2897	24.462	40.193	77.526	2676.3	-0.0013337	8.7773e-05	0.13496	liquid
262.67	3300.0	64.778	0.015437	5.3298	6.2949	24.481	40.192	77.534	2675.2	-0.0013300	8.7716e-05	0.13490	liquid
262.73	3300.0	64.765	0.015441	5.3348	6.3000	24.501	40.191	77.542	2674.1	-0.0013262	8.7659e-05	0.13483	liquid
262.80	3300.0	64.751	0.015444	5.3397	6.3052	24.521	40.190	77.550	2673.0	-0.0013224	8.7602e-05	0.13477	liquid
262.87	3300.0	64.738	0.015447	5.3447	6.3104	24.540	40.189	77.558	2671.9	-0.0013186	8.7546e-05	0.13471	liquid
262.93	3300.0	64.725	0.015450	5.3497	6.3156	24.560	40.188	77.566	2670.8	-0.0013148	8.7489e-05	0.13465	liquid
263.00	3300.0	64.712	0.015453	5.3547	6.3207	24.580	40.188	77.574	2669.7	-0.0013110	8.7432e-05	0.13459	liquid
263.07	3300.0	64.698	0.015456	5.3596	6.3259	24.599	40.187	77.582	2668.6	-0.0013072	8.7376e-05	0.13452	liquid
263.13	3300.0	64.685	0.015459	5.3646	6.3311	24.619	40.186	77.590	2667.5	-0.0013034	8.7319e-05	0.13446	liquid
263.20	3300.0	64.672	0.015463	5.3696	6.3362	24.639	40.185	77.598	2666.4	-0.0012996	8.7263e-05	0.13440	liquid
263.27	3300.0	64.659	0.015466	5.3746	6.3414	24.658	40.184	77.606	2665.3	-0.0012957	8.7206e-05	0.13434	liquid
263.33	3300.0	64.645	0.015469	5.3795	6.3466	24.678	40.183	77.614	2664.3	-0.0012919	8.7150e-05	0.13428	liquid
263.40	3300.0	64.632	0.015472	5.3845	6.3518	24.697	40.182	77.622	2663.2	-0.0012881	8.7094e-05	0.13421	liquid
263.47	3300.0	64.619	0.015475	5.3895	6.3569	24.717	40.181	77.630	2662.1	-0.0012842	8.7038e-05	0.13415	liquid
263.53	3300.0	64.606	0.015479	5.3945	6.3621	24.737	40.181	77.638	2661.0	-0.0012804	8.6981e-05	0.13409	liquid
263.60	3300.0	64.592	0.015482	5.3994	6.3673	24.756	40.180	77.647	2659.9	-0.0012766	8.6925e-05	0.13403	liquid
263.67	3300.0	64.579	0.015485	5.4044	6.3725	24.776	40.179	77.655	2658.8	-0.0012727	8.6869e-05	0.13397	liquid
263.73	3300.0	64.566	0.015488	5.4094	6.3776	24.796	40.178	77.663	2657.7	-0.0012688	8.6813e-05	0.13390	liquid
263.80	3300.0	64.553	0.015491	5.4144	6.3828	24.815	40.177	77.671	2656.6	-0.0012650	8.6757e-05	0.13384	liquid
263.87	3300.0	64.539	0.015494	5.4194	6.3880	24.835	40.176	77.679	2655.5	-0.0012611	8.6701e-05	0.13378	liquid
263.93	3300.0	64.526	0.015498	5.4243	6.3932	24.855	40.175	77.687	2654.4	-0.0012572	8.6645e-05	0.13372	liquid
264.00	3300.0	64.513	0.015501	5.4293	6.3984	24.874	40.175	77.696	2653.3	-0.0012534	8.6589e-05	0.13366	liquid
264.07	3300.0	64.499	0.015504	5.4343	6.4035	24.894	40.174	77.704	2652.2	-0.0012495	8.6534e-05	0.13359	liquid
264.13	3300.0	64.486	0.015507	5.4393	6.4087	24.913	40.173	77.712	2651.2	-0.0012456	8.6478e-05	0.13353	liquid
264.20	3300.0	64.473	0.015510	5.4443	6.4139	24.933	40.172	77.720	2650.1	-0.0012417	8.6422e-05	0.13347	liquid
264.27	3300.0	64.460	0.015514	5.4492	6.4191	24.953	40.171	77.728	2649.0	-0.0012378	8.6366e-05	0.13341	liquid
264.33	3300.0	64.446	0.015517	5.4542	6.4243	24.972	40.170	77.737	2647.9	-0.0012339	8.6311e-05	0.13335	liquid
264.40	3300.0	64.433	0.015520	5.4592	6.4294	24.992	40.170	77.745	2646.8	-0.0012300	8.6255e-05	0.13328	liquid
264.47	3300.0	64.420	0.015523	5.4642	6.4346	25.011	40.169	77.753	2645.7	-0.0012261	8.6200e-05	0.13322	liquid
264.53	3300.0	64.406	0.015526	5.4692	6.4398	25.031	40.168	77.761	2644.6	-0.0012222	8.6144e-05	0.13316	liquid
264.60	3300.0	64.393	0.015530	5.4741	6.4450	25.051	40.167	77.770	2643.5	-0.0012183	8.6089e-05	0.13310	liquid
264.67	3300.0	64.380	0.015533	5.4791	6.4502	25.070	40.166	77.778	2642.4	-0.0012144	8.6033e-05	0.13304	liquid
264.73	3300.0	64.366	0.015536	5.4841	6.4554	25.090	40.165	77.786	2641.3	-0.0012104	8.5978e-05	0.13298	liquid
264.80	3300.0	64.353	0.015539	5.4891	6.4606	25.109	40.165	77.795	2640.2	-0.0012065	8.5923e-05	0.13291	liquid
264.87	3300.0	64.340	0.015543	5.4941	6.4657	25.129	40.164	77.803	2639.2	-0.0012026	8.5867e-05	0.13285	liquid
264.93	3300.0	64.326	0.015546	5.4991	6.4709	25.149	40.163	77.811	2638.1	-0.0011986	8.5812e-05	0.13279	liquid
265.00	3300.0	64.313	0.015549	5.5041	6.4761	25.168	40.162	77.819	2637.0	-0.0011947	8.5757e-05	0.13273	liquid
265.07	3300.0	64.300	0.015552	5.5090	6.4813	25.188	40.161	77.828	2635.9	-0.0011907	8.5702e-05	0.13267	liquid
265.13	3300.0	64.286	0.015555	5.5140	6.4865	25.207	40.160	77.836	2634.8	-0.0011867	8.5647e-05	0.13261	liquid
265.20	3300.0	64.273	0.015559	5.5190	6.4917	25.227	40.160	77.845	2633.7	-0.0011828	8.5592e-05	0.13254	liquid
265.27	3300.0	64.260	0.015562	5.5240	6.4969	25.246	40.159	77.853	2632.6	-0.0011788	8.5537e-05	0.13248	liquid
265.33	3300.0	64.246	0.015565	5.5290	6.5021	25.266	40.158	77.861	2631.5	-0.0011748	8.5482e-05	0.13242	liquid
265.40	3300.0	64.233	0.015568	5.5340	6.5073	25.286	40.157	77.870	2630.4	-0.0011709	8.5427e-05	0.13236	liquid
265.47	3300.0	64.219	0.015572	5.5390	6.5124	25.305	40.156	77.878	2629.3	-0.0011669	8.5372e-05	0.13230	liquid
265.53	3300.0	64.206	0.015575	5.5440	6.5176	25.325	40.155	77.886	2628.3	-0.0011629	8.5317e-05	0.13224	liquid
265.60	3300.0	64.193	0.015578	5.5490	6.5228	25.344	40.155	77.895	2627.2	-0.0011589	8.5263e-05	0.13217	liquid
265.67	3300.0	64.179	0.015581	5.5539	6.5280	25.364	40.154	77.903	2626.1	-0.0011549	8.5208e-05	0.13211	liquid
265.73	3300.0	64.166	0.015585	5.5589	6.5332	25.383	40.153	77.912	2625.0	-0.0011509	8.5153e-05	0.13205	liquid
265.80	3300.0	64.153	0.015588	5.5639	6.5384	25.403	40.152	77.920	2623.9	-0.0011469	8.5099e-05	0.13199	liquid
265.87	3300.0	64.139	0.015591	5.5689	6.5436	25.422	40.151	77.929	2622.8	-0.0011429	8.5044e-05	0.13193	liquid
265.93	3300.0	64.126	0.015594	5.5739	6.5488	25.442	40.151	77.937	2621.7	-0.0011388	8.4990e-05	0.13187	liquid
266.00	3300.0	64.112	0.015598	5.5789	6.5540	25.461	40.150	77.945	2620.6	-0.0011348	8.4935e-05	0.13181	liquid
266.07	3300.0	64.099	0.015601	5.5839	6.5592	25.481	40.149	77.954	2619.5	-0.0011308	8.4881e-05	0.13174	liquid
266.13	3300.0	64.086	0.015604	5.5889	6.5644	25.501	40.148	77.962	2618.5	-0.0011268	8.4826e-05	0.13168	liquid
266.20	3300.0	64.072	0.015607	5.5939	6.5696	25.520	40.147	77.971	2617.4	-0.0011227	8.4772e-05	0.13162	liquid
266.27	3300.0	64.059	0.015611	5.5989	6.5748	25.540	40.147	77.979	2616.3	-0.0011187	8.4718e-05	0.13156	liquid
266.33	3300.0	64.045	0.015614	5.6039	6.5800	25.559	40.146	77.988	2615.2	-0.0011146	8.4663e-05	0.13150	liquid
266.40	3300.0	64.032	0.015617	5.6089	6.5852	25.579	40.145	77.997	2614.1	-0.0011106	8.4609e-05	0.13144	liquid
266.47	3300.0	64.019	0.015620	5.6139	6.5904	25.598	40.144	78.005	2613.0	-0.0011065	8.4555e-05	0.13138	liquid
266.53	3300.0	64.005	0.015624	5.6189	6.5956	25.618	40.143	78.014	2611.9	-0.0011024	8.4501e-05	0.13131	liquid
266.60	3300.0	63.992	0.015627	5.6239	6.6008	25.637	40.143	78.022	2610.8	-0.0010984	8.4447e-05	0.13125	liquid
266.67	3300.0	63.978	0.015630	5.6288	6.6060	25.657	40.142	78.031	2609.8	-0.0010943	8.4393e-05	0.13119	liquid
266.73	3300.0	63.965	0.015634	5.6338	6.6112	25.676	40.141	78.039	2608.7	-0.0010902	8.4339e-05	0.13113	liquid
266.80	3300.0	63.951	0.015637	5.6388	6.6164	25.696	40.140	78.048	2607.6	-0.0010861	8.4285e-05	0.13107	liquid
266.87	3300.0	63.938	0.015640	5.6438	6.6216	25.715	40.139	78.056	2606.5	-0.0010820	8.4231e-05	0.13101	liquid
266.93	3300.0	63.925	0.015643	5.6488	6.6268	25.735	40.139	78.065	2605.4	-0.0010779	8.4177e-05	0.13095	liquid
267.00	3300.0	63.911	0.015647	5.6538	6.6320	25.754	40.138	78.074	2604.3	-0.0010738	8.4123e-05	0.13089	liquid
267.07	3300.0	63.898	0.015650	5.6588	6.6372	25.774	40.137	78.082	2603.2	-0.0010697	8.4070e-05	0.13082	liquid
267.13	3300.0	63.884	0.015653	5.6638	6.6424	25.793	40.136	78.091	2602.1	-0.0010656	8.4016e-05	0.13076	liquid
267.20	3300.0	63.871	0.015657	5.6688	6.6476	25.813	40.135	78.100	2601.1	-0.0010615	8.3962e-05	0.13070	liquid
267.27	3300.0	63.857	0.015660	5.6738	6.6528	25.832	40.135	78.108	2600.0	-0.0010574	8.3909e-05	0.13064	liquid
267.33	3300.0	63.844	0.015663	5.6788	6.6580	25.852	40.134	78.117	2598.9	-0.0010533	8.3855e-05	0.13058	liquid
267.40	3300.0	63.830	0.015667	5.6838	6.6632	25.871	40.133	78.126	2597.8	-0.0010491	8.3802e-05	0.13052	liquid
267.47	3300.0	63.817	0.015670	5.6888	6.6685	25.891	40.132	78.134	2596.7	-0.0010450	8.3748e-05	0.13046	liquid
267.53	3300.0	63.803	0.015673	5.6938	6.6737	25.910	40.132	78.143	2595.6	-0.0010408	8.3695e-05	0.13040	liquid
267.60	3300.0	63.790	0.015676	5.6988	6.6789	25.930	40.131	78.152	2594.5	-0.0010367	8.3641e-05	0.13034	liquid
267.67	3300.0	63.776	0.015680	5.7038	6.6841	25.949	40.130	78.160	2593.5	-0.0010325	8.3588e-05	0.13027	liquid
267.73	3300.0	63.763	0.015683	5.7089	6.6893	25.968	40.129	78.169	2592.4	-0.0010284	8.3534e-05	0.13021	liquid
267.80	3300.0	63.749	0.015686	5.7139	6.6945	25.988	40.128	78.178	2591.3	-0.0010242	8.3481e-05	0.13015	liquid
267.87	3300.0	63.736	0.015690	5.7189	6.6997	26.007	40.128	78.186	2590.2	-0.0010201	8.3428e-05	0.13009	liquid
267.93	3300.0	63.722	0.015693	5.7239	6.7049	26.027	40.127	78.195	2589.1	-0.0010159	8.3375e-05	0.13003	liquid
268.00	3300.0	63.709	0.015696	5.7289	6.7101	26.046	40.126	78.204	2588.0	-0.0010117	8.3322e-05	0.12997	liquid
268.07	3300.0	63.695	0.015700	5.7339	6.7154	26.066	40.125	78.213	2586.9	-0.0010075	8.3269e-05	0.12991	liquid
268.13	3300.0	63.682	0.015703	5.7389	6.7206	26.085	40.125	78.222	2585.9	-0.0010033	8.3215e-05	0.12985	liquid
268.20	3300.0	63.668	0.015706	5.7439	6.7258	26.105	40.124	78.230	2584.8	-0.00099913	8.3162e-05	0.12979	liquid
268.27	3300.0	63.655	0.015710	5.7489	6.7310	26.124	40.123	78.239	2583.7	-0.00099493	8.3109e-05	0.12972	liquid
268.33	3300.0	63.641	0.015713	5.7539	6.7362	26.144	40.122	78.248	2582.6	-0.00099072	8.3057e-05	0.12966	liquid
268.40	3300.0	63.628	0.015716	5.7589	6.7414	26.163	40.122	78.257	2581.5	-0.00098651	8.3004e-05	0.12960	liquid
268.47	3300.0	63.614	0.015720	5.7639	6.7467	26.182	40.121	78.266	2580.4	-0.00098229	8.2951e-05	0.12954	liquid
268.53	3300.0	63.601	0.015723	5.7689	6.7519	26.202	40.120	78.274	2579.3	-0.00097807	8.2898e-05	0.12948	liquid
268.60	3300.0	63.587	0.015726	5.7739	6.7571	26.221	40.119	78.283	2578.3	-0.00097384	8.2845e-05	0.12942	liquid
268.67	3300.0	63.574	0.015730	5.7789	6.7623	26.241	40.119	78.292	2577.2	-0.00096961	8.2792e-05	0.12936	liquid
268.73	3300.0	63.560	0.015733	5.7840	6.7675	26.260	40.118	78.301	2576.1	-0.00096537	8.2740e-05	0.12930	liquid
268.80	3300.0	63.547	0.015736	5.7890	6.7728	26.280	40.117	78.310	2575.0	-0.00096112	8.2687e-05	0.12924	liquid
268.87	3300.0	63.533	0.015740	5.7940	6.7780	26.299	40.116	78.319	2573.9	-0.00095687	8.2635e-05	0.12918	liquid
268.93	3300.0	63.519	0.015743	5.7990	6.7832	26.318	40.116	78.328	2572.8	-0.00095262	8.2582e-05	0.12912	liquid
269.00	3300.0	63.506	0.015747	5.8040	6.7884	26.338	40.115	78.337	2571.8	-0.00094836	8.2530e-05	0.12906	liquid
269.07	3300.0	63.492	0.015750	5.8090	6.7936	26.357	40.114	78.345	2570.7	-0.00094409	8.2477e-05	0.12899	liquid
269.13	3300.0	63.479	0.015753	5.8140	6.7989	26.377	40.113	78.354	2569.6	-0.00093982	8.2425e-05	0.12893	liquid
269.20	3300.0	63.465	0.015757	5.8190	6.8041	26.396	40.113	78.363	2568.5	-0.00093554	8.2372e-05	0.12887	liquid
269.27	3300.0	63.452	0.015760	5.8241	6.8093	26.415	40.112	78.372	2567.4	-0.00093126	8.2320e-05	0.12881	liquid
269.33	3300.0	63.438	0.015763	5.8291	6.8145	26.435	40.111	78.381	2566.3	-0.00092697	8.2268e-05	0.12875	liquid
269.40	3300.0	63.424	0.015767	5.8341	6.8198	26.454	40.110	78.390	2565.2	-0.00092268	8.2215e-05	0.12869	liquid
269.47	3300.0	63.411	0.015770	5.8391	6.8250	26.474	40.110	78.399	2564.2	-0.00091838	8.2163e-05	0.12863	liquid
269.53	3300.0	63.397	0.015774	5.8441	6.8302	26.493	40.109	78.408	2563.1	-0.00091408	8.2111e-05	0.12857	liquid
269.60	3300.0	63.384	0.015777	5.8491	6.8354	26.512	40.108	78.417	2562.0	-0.00090977	8.2059e-05	0.12851	liquid
269.67	3300.0	63.370	0.015780	5.8541	6.8407	26.532	40.107	78.426	2560.9	-0.00090545	8.2007e-05	0.12845	liquid
269.73	3300.0	63.357	0.015784	5.8592	6.8459	26.551	40.107	78.435	2559.8	-0.00090113	8.1955e-05	0.12839	liquid
269.80	3300.0	63.343	0.015787	5.8642	6.8511	26.571	40.106	78.444	2558.7	-0.00089681	8.1903e-05	0.12833	liquid
269.87	3300.0	63.329	0.015790	5.8692	6.8564	26.590	40.105	78.453	2557.7	-0.00089247	8.1851e-05	0.12827	liquid
269.93	3300.0	63.316	0.015794	5.8742	6.8616	26.609	40.105	78.462	2556.6	-0.00088814	8.1799e-05	0.12821	liquid
270.00	3300.0	63.302	0.015797	5.8792	6.8668	26.629	40.104	78.471	2555.5	-0.00088379	8.1747e-05	0.12814	liquid
270.07	3300.0	63.288	0.015801	5.8843	6.8721	26.648	40.103	78.480	2554.4	-0.00087945	8.1695e-05	0.12808	liquid
270.13	3300.0	63.275	0.015804	5.8893	6.8773	26.667	40.102	78.489	2553.3	-0.00087509	8.1643e-05	0.12802	liquid
270.20	3300.0	63.261	0.015807	5.8943	6.8825	26.687	40.102	78.499	2552.3	-0.00087073	8.1591e-05	0.12796	liquid
270.27	3300.0	63.248	0.015811	5.8993	6.8878	26.706	40.101	78.508	2551.2	-0.00086637	8.1540e-05	0.12790	liquid
270.33	3300.0	63.234	0.015814	5.9043	6.8930	26.726	40.100	78.517	2550.1	-0.00086200	8.1488e-05	0.12784	liquid
270.40	3300.0	63.220	0.015818	5.9094	6.8982	26.745	40.100	78.526	2549.0	-0.00085762	8.1436e-05	0.12778	liquid
270.47	3300.0	63.207	0.015821	5.9144	6.9035	26.764	40.099	78.535	2547.9	-0.00085324	8.1385e-05	0.12772	liquid
270.53	3300.0	63.193	0.015825	5.9194	6.9087	26.784	40.098	78.544	2546.8	-0.00084885	8.1333e-05	0.12766	liquid
270.60	3300.0	63.179	0.015828	5.9244	6.9139	26.803	40.097	78.553	2545.8	-0.00084446	8.1282e-05	0.12760	liquid
270.67	3300.0	63.166	0.015831	5.9295	6.9192	26.822	40.097	78.562	2544.7	-0.00084006	8.1230e-05	0.12754	liquid
270.73	3300.0	63.152	0.015835	5.9345	6.9244	26.842	40.096	78.572	2543.6	-0.00083566	8.1179e-05	0.12748	liquid
270.80	3300.0	63.138	0.015838	5.9395	6.9296	26.861	40.095	78.581	2542.5	-0.00083125	8.1127e-05	0.12742	liquid
270.87	3300.0	63.125	0.015842	5.9445	6.9349	26.880	40.095	78.590	2541.4	-0.00082683	8.1076e-05	0.12736	liquid
270.93	3300.0	63.111	0.015845	5.9495	6.9401	26.900	40.094	78.599	2540.4	-0.00082241	8.1025e-05	0.12730	liquid
271.00	3300.0	63.097	0.015849	5.9546	6.9454	26.919	40.093	78.608	2539.3	-0.00081798	8.0973e-05	0.12724	liquid
271.07	3300.0	63.084	0.015852	5.9596	6.9506	26.938	40.092	78.618	2538.2	-0.00081355	8.0922e-05	0.12718	liquid
271.13	3300.0	63.070	0.015855	5.9646	6.9558	26.958	40.092	78.627	2537.1	-0.00080911	8.0871e-05	0.12712	liquid
271.20	3300.0	63.056	0.015859	5.9697	6.9611	26.977	40.091	78.636	2536.0	-0.00080467	8.0820e-05	0.12706	liquid
271.27	3300.0	63.043	0.015862	5.9747	6.9663	26.996	40.090	78.645	2535.0	-0.00080022	8.0769e-05	0.12700	liquid
271.33	3300.0	63.029	0.015866	5.9797	6.9716	27.016	40.090	78.655	2533.9	-0.00079576	8.0718e-05	0.12694	liquid
271.40	3300.0	63.015	0.015869	5.9847	6.9768	27.035	40.089	78.664	2532.8	-0.00079130	8.0667e-05	0.12688	liquid
271.47	3300.0	63.002	0.015873	5.9898	6.9821	27.054	40.088	78.673	2531.7	-0.00078684	8.0616e-05	0.12682	liquid
271.53	3300.0	62.988	0.015876	5.9948	6.9873	27.074	40.088	78.682	2530.6	-0.00078236	8.0565e-05	0.12676	liquid
271.60	3300.0	62.974	0.015880	5.9998	6.9926	27.093	40.087	78.692	2529.6	-0.00077789	8.0514e-05	0.12670	liquid
271.67	3300.0	62.960	0.015883	6.0049	6.9978	27.112	40.086	78.701	2528.5	-0.00077340	8.0463e-05	0.12664	liquid
271.73	3300.0	62.947	0.015886	6.0099	7.0030	27.132	40.086	78.710	2527.4	-0.00076891	8.0412e-05	0.12657	liquid
271.80	3300.0	62.933	0.015890	6.0149	7.0083	27.151	40.085	78.720	2526.3	-0.00076442	8.0361e-05	0.12651	liquid
271.87	3300.0	62.919	0.015893	6.0199	7.0135	27.170	40.084	78.729	2525.2	-0.00075992	8.0310e-05	0.12645	liquid
271.93	3300.0	62.906	0.015897	6.0250	7.0188	27.190	40.083	78.738	2524.2	-0.00075541	8.0260e-05	0.12639	liquid
272.00	3300.0	62.892	0.015900	6.0300	7.0240	27.209	40.083	78.748	2523.1	-0.00075090	8.0209e-05	0.12633	liquid
272.07	3300.0	62.878	0.015904	6.0350	7.0293	27.228	40.082	78.757	2522.0	-0.00074638	8.0158e-05	0.12627	liquid
272.13	3300.0	62.864	0.015907	6.0401	7.0345	27.247	40.081	78.766	2520.9	-0.00074185	8.0108e-05	0.12621	liquid
272.20	3300.0	62.851	0.015911	6.0451	7.0398	27.267	40.081	78.776	2519.8	-0.00073732	8.0057e-05	0.12615	liquid
272.27	3300.0	62.837	0.015914	6.0501	7.0450	27.286	40.080	78.785	2518.8	-0.00073279	8.0007e-05	0.12609	liquid
272.33	3300.0	62.823	0.015918	6.0552	7.0503	27.305	40.079	78.795	2517.7	-0.00072825	7.9956e-05	0.12603	liquid
272.40	3300.0	62.809	0.015921	6.0602	7.0555	27.325	40.079	78.804	2516.6	-0.00072370	7.9906e-05	0.12597	liquid
272.47	3300.0	62.796	0.015925	6.0653	7.0608	27.344	40.078	78.813	2515.5	-0.00071915	7.9855e-05	0.12591	liquid
272.53	3300.0	62.782	0.015928	6.0703	7.0661	27.363	40.077	78.823	2514.4	-0.00071459	7.9805e-05	0.12585	liquid
272.60	3300.0	62.768	0.015932	6.0753	7.0713	27.383	40.077	78.832	2513.4	-0.00071002	7.9754e-05	0.12579	liquid
272.67	3300.0	62.754	0.015935	6.0804	7.0766	27.402	40.076	78.842	2512.3	-0.00070545	7.9704e-05	0.12573	liquid
272.73	3300.0	62.741	0.015939	6.0854	7.0818	27.421	40.075	78.851	2511.2	-0.00070087	7.9654e-05	0.12567	liquid
272.80	3300.0	62.727	0.015942	6.0904	7.0871	27.440	40.075	78.861	2510.1	-0.00069629	7.9604e-05	0.12561	liquid
272.87	3300.0	62.713	0.015946	6.0955	7.0923	27.460	40.074	78.870	2509.0	-0.00069170	7.9554e-05	0.12555	liquid
272.93	3300.0	62.699	0.015949	6.1005	7.0976	27.479	40.073	78.880	2508.0	-0.00068711	7.9503e-05	0.12549	liquid
273.00	3300.0	62.685	0.015953	6.1056	7.1029	27.498	40.073	78.889	2506.9	-0.00068251	7.9453e-05	0.12543	liquid
273.07	3300.0	62.672	0.015956	6.1106	7.1081	27.517	40.072	78.899	2505.8	-0.00067790	7.9403e-05	0.12537	liquid
273.13	3300.0	62.658	0.015960	6.1156	7.1134	27.537	40.071	78.908	2504.7	-0.00067329	7.9353e-05	0.12531	liquid
273.20	3300.0	62.644	0.015963	6.1207	7.1186	27.556	40.071	78.918	2503.7	-0.00066867	7.9303e-05	0.12525	liquid
273.27	3300.0	62.630	0.015967	6.1257	7.1239	27.575	40.070	78.927	2502.6	-0.00066404	7.9253e-05	0.12519	liquid
273.33	3300.0	62.616	0.015970	6.1308	7.1292	27.594	40.069	78.937	2501.5	-0.00065941	7.9203e-05	0.12513	liquid
273.40	3300.0	62.603	0.015974	6.1358	7.1344	27.614	40.069	78.947	2500.4	-0.00065478	7.9153e-05	0.12507	liquid
273.47	3300.0	62.589	0.015977	6.1408	7.1397	27.633	40.068	78.956	2499.3	-0.00065013	7.9104e-05	0.12501	liquid
273.53	3300.0	62.575	0.015981	6.1459	7.1450	27.652	40.067	78.966	2498.3	-0.00064549	7.9054e-05	0.12496	liquid
273.60	3300.0	62.561	0.015984	6.1509	7.1502	27.671	40.067	78.975	2497.2	-0.00064083	7.9004e-05	0.12490	liquid
273.67	3300.0	62.547	0.015988	6.1560	7.1555	27.691	40.066	78.985	2496.1	-0.00063617	7.8954e-05	0.12484	liquid
273.73	3300.0	62.533	0.015991	6.1610	7.1607	27.710	40.066	78.995	2495.0	-0.00063151	7.8905e-05	0.12478	liquid
273.80	3300.0	62.520	0.015995	6.1661	7.1660	27.729	40.065	79.004	2494.0	-0.00062683	7.8855e-05	0.12472	liquid
273.87	3300.0	62.506	0.015999	6.1711	7.1713	27.748	40.064	79.014	2492.9	-0.00062215	7.8805e-05	0.12466	liquid
273.93	3300.0	62.492	0.016002	6.1762	7.1765	27.768	40.064	79.024	2491.8	-0.00061747	7.8756e-05	0.12460	liquid
274.00	3300.0	62.478	0.016006	6.1812	7.1818	27.787	40.063	79.033	2490.7	-0.00061278	7.8706e-05	0.12454	liquid
274.07	3300.0	62.464	0.016009	6.1863	7.1871	27.806	40.062	79.043	2489.7	-0.00060808	7.8657e-05	0.12448	liquid
274.13	3300.0	62.450	0.016013	6.1913	7.1924	27.825	40.062	79.053	2488.6	-0.00060338	7.8607e-05	0.12442	liquid
274.20	3300.0	62.436	0.016016	6.1964	7.1976	27.845	40.061	79.062	2487.5	-0.00059867	7.8558e-05	0.12436	liquid
274.27	3300.0	62.423	0.016020	6.2014	7.2029	27.864	40.060	79.072	2486.4	-0.00059396	7.8508e-05	0.12430	liquid
274.33	3300.0	62.409	0.016023	6.2065	7.2082	27.883	40.060	79.082	2485.4	-0.00058924	7.8459e-05	0.12424	liquid
274.40	3300.0	62.395	0.016027	6.2115	7.2134	27.902	40.059	79.092	2484.3	-0.00058451	7.8410e-05	0.12418	liquid
274.47	3300.0	62.381	0.016031	6.2166	7.2187	27.921	40.058	79.101	2483.2	-0.00057978	7.8360e-05	0.12412	liquid
274.53	3300.0	62.367	0.016034	6.2216	7.2240	27.941	40.058	79.111	2482.1	-0.00057504	7.8311e-05	0.12406	liquid
274.60	3300.0	62.353	0.016038	6.2267	7.2293	27.960	40.057	79.121	2481.0	-0.00057029	7.8262e-05	0.12400	liquid
274.67	3300.0	62.339	0.016041	6.2317	7.2345	27.979	40.057	79.131	2480.0	-0.00056554	7.8213e-05	0.12394	liquid
274.73	3300.0	62.325	0.016045	6.2368	7.2398	27.998	40.056	79.140	2478.9	-0.00056078	7.8164e-05	0.12388	liquid
274.80	3300.0	62.312	0.016048	6.2418	7.2451	28.017	40.055	79.150	2477.8	-0.00055602	7.8115e-05	0.12382	liquid
274.87	3300.0	62.298	0.016052	6.2469	7.2504	28.037	40.055	79.160	2476.7	-0.00055125	7.8065e-05	0.12376	liquid
274.93	3300.0	62.284	0.016056	6.2519	7.2556	28.056	40.054	79.170	2475.7	-0.00054647	7.8016e-05	0.12370	liquid
275.00	3300.0	62.270	0.016059	6.2570	7.2609	28.075	40.053	79.180	2474.6	-0.00054169	7.7967e-05	0.12364	liquid
275.07	3300.0	62.256	0.016063	6.2620	7.2662	28.094	40.053	79.190	2473.5	-0.00053690	7.7918e-05	0.12358	liquid
275.13	3300.0	62.242	0.016066	6.2671	7.2715	28.113	40.052	79.199	2472.4	-0.00053211	7.7870e-05	0.12352	liquid
275.20	3300.0	62.228	0.016070	6.2721	7.2768	28.133	40.052	79.209	2471.4	-0.00052730	7.7821e-05	0.12347	liquid
275.27	3300.0	62.214	0.016074	6.2772	7.2820	28.152	40.051	79.219	2470.3	-0.00052250	7.7772e-05	0.12341	liquid
275.33	3300.0	62.200	0.016077	6.2822	7.2873	28.171	40.050	79.229	2469.2	-0.00051768	7.7723e-05	0.12335	liquid
275.40	3300.0	62.186	0.016081	6.2873	7.2926	28.190	40.050	79.239	2468.1	-0.00051286	7.7674e-05	0.12329	liquid
275.47	3300.0	62.172	0.016084	6.2924	7.2979	28.209	40.049	79.249	2467.1	-0.00050804	7.7626e-05	0.12323	liquid
275.53	3300.0	62.158	0.016088	6.2974	7.3032	28.229	40.049	79.259	2466.0	-0.00050320	7.7577e-05	0.12317	liquid
275.60	3300.0	62.144	0.016092	6.3025	7.3085	28.248	40.048	79.269	2464.9	-0.00049837	7.7528e-05	0.12311	liquid
275.67	3300.0	62.130	0.016095	6.3075	7.3137	28.267	40.047	79.279	2463.8	-0.00049352	7.7480e-05	0.12305	liquid
275.73	3300.0	62.117	0.016099	6.3126	7.3190	28.286	40.047	79.289	2462.8	-0.00048867	7.7431e-05	0.12299	liquid
275.80	3300.0	62.103	0.016102	6.3177	7.3243	28.305	40.046	79.299	2461.7	-0.00048381	7.7382e-05	0.12293	liquid
275.87	3300.0	62.089	0.016106	6.3227	7.3296	28.324	40.046	79.309	2460.6	-0.00047895	7.7334e-05	0.12287	liquid
275.93	3300.0	62.075	0.016110	6.3278	7.3349	28.344	40.045	79.318	2459.6	-0.00047408	7.7285e-05	0.12281	liquid
276.00	3300.0	62.061	0.016113	6.3328	7.3402	28.363	40.044	79.328	2458.5	-0.00046920	7.7237e-05	0.12275	liquid
276.07	3300.0	62.047	0.016117	6.3379	7.3455	28.382	40.044	79.338	2457.4	-0.00046432	7.7188e-05	0.12269	liquid
276.13	3300.0	62.033	0.016121	6.3430	7.3508	28.401	40.043	79.349	2456.3	-0.00045943	7.7140e-05	0.12264	liquid
276.20	3300.0	62.019	0.016124	6.3480	7.3560	28.420	40.043	79.359	2455.3	-0.00045453	7.7092e-05	0.12258	liquid
276.27	3300.0	62.005	0.016128	6.3531	7.3613	28.439	40.042	79.369	2454.2	-0.00044963	7.7043e-05	0.12252	liquid
276.33	3300.0	61.991	0.016131	6.3582	7.3666	28.458	40.041	79.379	2453.1	-0.00044472	7.6995e-05	0.12246	liquid
276.40	3300.0	61.977	0.016135	6.3632	7.3719	28.478	40.041	79.389	2452.0	-0.00043981	7.6947e-05	0.12240	liquid
276.47	3300.0	61.963	0.016139	6.3683	7.3772	28.497	40.040	79.399	2451.0	-0.00043489	7.6899e-05	0.12234	liquid
276.53	3300.0	61.949	0.016142	6.3734	7.3825	28.516	40.040	79.409	2449.9	-0.00042996	7.6851e-05	0.12228	liquid
276.60	3300.0	61.935	0.016146	6.3784	7.3878	28.535	40.039	79.419	2448.8	-0.00042503	7.6802e-05	0.12222	liquid
276.67	3300.0	61.921	0.016150	6.3835	7.3931	28.554	40.038	79.429	2447.7	-0.00042009	7.6754e-05	0.12216	liquid
276.73	3300.0	61.907	0.016153	6.3885	7.3984	28.573	40.038	79.439	2446.7	-0.00041514	7.6706e-05	0.12210	liquid
276.80	3300.0	61.893	0.016157	6.3936	7.4037	28.592	40.037	79.449	2445.6	-0.00041019	7.6658e-05	0.12204	liquid
276.87	3300.0	61.879	0.016161	6.3987	7.4090	28.612	40.037	79.459	2444.5	-0.00040523	7.6610e-05	0.12199	liquid
276.93	3300.0	61.865	0.016164	6.4038	7.4143	28.631	40.036	79.470	2443.5	-0.00040026	7.6562e-05	0.12193	liquid
277.00	3300.0	61.851	0.016168	6.4088	7.4196	28.650	40.035	79.480	2442.4	-0.00039529	7.6514e-05	0.12187	liquid
277.07	3300.0	61.837	0.016172	6.4139	7.4249	28.669	40.035	79.490	2441.3	-0.00039031	7.6466e-05	0.12181	liquid
277.13	3300.0	61.822	0.016175	6.4190	7.4302	28.688	40.034	79.500	2440.2	-0.00038532	7.6419e-05	0.12175	liquid
277.20	3300.0	61.808	0.016179	6.4240	7.4355	28.707	40.034	79.510	2439.2	-0.00038033	7.6371e-05	0.12169	liquid
277.27	3300.0	61.794	0.016183	6.4291	7.4408	28.726	40.033	79.520	2438.1	-0.00037533	7.6323e-05	0.12163	liquid
277.33	3300.0	61.780	0.016186	6.4342	7.4461	28.745	40.033	79.531	2437.0	-0.00037033	7.6275e-05	0.12157	liquid
277.40	3300.0	61.766	0.016190	6.4392	7.4514	28.765	40.032	79.541	2436.0	-0.00036531	7.6228e-05	0.12151	liquid
277.47	3300.0	61.752	0.016194	6.4443	7.4567	28.784	40.031	79.551	2434.9	-0.00036030	7.6180e-05	0.12145	liquid
277.53	3300.0	61.738	0.016197	6.4494	7.4620	28.803	40.031	79.561	2433.8	-0.00035527	7.6132e-05	0.12140	liquid
277.60	3300.0	61.724	0.016201	6.4545	7.4673	28.822	40.030	79.572	2432.7	-0.00035024	7.6085e-05	0.12134	liquid
277.67	3300.0	61.710	0.016205	6.4595	7.4726	28.841	40.030	79.582	2431.7	-0.00034520	7.6037e-05	0.12128	liquid
277.73	3300.0	61.696	0.016209	6.4646	7.4779	28.860	40.029	79.592	2430.6	-0.00034016	7.5989e-05	0.12122	liquid
277.80	3300.0	61.682	0.016212	6.4697	7.4832	28.879	40.029	79.603	2429.5	-0.00033510	7.5942e-05	0.12116	liquid
277.87	3300.0	61.668	0.016216	6.4748	7.4885	28.898	40.028	79.613	2428.5	-0.00033005	7.5894e-05	0.12110	liquid
277.93	3300.0	61.654	0.016220	6.4798	7.4938	28.917	40.027	79.623	2427.4	-0.00032498	7.5847e-05	0.12104	liquid
278.00	3300.0	61.640	0.016223	6.4849	7.4991	28.937	40.027	79.633	2426.3	-0.00031991	7.5800e-05	0.12098	liquid
278.07	3300.0	61.625	0.016227	6.4900	7.5044	28.956	40.026	79.644	2425.2	-0.00031483	7.5752e-05	0.12093	liquid
278.13	3300.0	61.611	0.016231	6.4951	7.5098	28.975	40.026	79.654	2424.2	-0.00030975	7.5705e-05	0.12087	liquid
278.20	3300.0	61.597	0.016235	6.5002	7.5151	28.994	40.025	79.665	2423.1	-0.00030466	7.5658e-05	0.12081	liquid
278.27	3300.0	61.583	0.016238	6.5052	7.5204	29.013	40.025	79.675	2422.0	-0.00029956	7.5610e-05	0.12075	liquid
278.33	3300.0	61.569	0.016242	6.5103	7.5257	29.032	40.024	79.685	2421.0	-0.00029445	7.5563e-05	0.12069	liquid
278.40	3300.0	61.555	0.016246	6.5154	7.5310	29.051	40.024	79.696	2419.9	-0.00028934	7.5516e-05	0.12063	liquid
278.47	3300.0	61.541	0.016249	6.5205	7.5363	29.070	40.023	79.706	2418.8	-0.00028423	7.5469e-05	0.12057	liquid
278.53	3300.0	61.527	0.016253	6.5256	7.5416	29.089	40.022	79.716	2417.8	-0.00027910	7.5421e-05	0.12051	liquid
278.60	3300.0	61.512	0.016257	6.5306	7.5469	29.108	40.022	79.727	2416.7	-0.00027397	7.5374e-05	0.12046	liquid
278.67	3300.0	61.498	0.016261	6.5357	7.5523	29.127	40.021	79.737	2415.6	-0.00026883	7.5327e-05	0.12040	liquid
278.73	3300.0	61.484	0.016264	6.5408	7.5576	29.147	40.021	79.748	2414.5	-0.00026369	7.5280e-05	0.12034	liquid
278.80	3300.0	61.470	0.016268	6.5459	7.5629	29.166	40.020	79.758	2413.5	-0.00025853	7.5233e-05	0.12028	liquid
278.87	3300.0	61.456	0.016272	6.5510	7.5682	29.185	40.020	79.769	2412.4	-0.00025338	7.5186e-05	0.12022	liquid
278.93	3300.0	61.442	0.016276	6.5560	7.5735	29.204	40.019	79.779	2411.3	-0.00024821	7.5139e-05	0.12016	liquid
279.00	3300.0	61.428	0.016279	6.5611	7.5788	29.223	40.019	79.790	2410.3	-0.00024304	7.5092e-05	0.12011	liquid
279.07	3300.0	61.413	0.016283	6.5662	7.5842	29.242	40.018	79.800	2409.2	-0.00023786	7.5046e-05	0.12005	liquid
279.13	3300.0	61.399	0.016287	6.5713	7.5895	29.261	40.018	79.811	2408.1	-0.00023267	7.4999e-05	0.11999	liquid
279.20	3300.0	61.385	0.016291	6.5764	7.5948	29.280	40.017	79.821	2407.1	-0.00022748	7.4952e-05	0.11993	liquid
279.27	3300.0	61.371	0.016294	6.5815	7.6001	29.299	40.017	79.832	2406.0	-0.00022228	7.4905e-05	0.11987	liquid
279.33	3300.0	61.357	0.016298	6.5866	7.6055	29.318	40.016	79.842	2404.9	-0.00021708	7.4858e-05	0.11981	liquid
279.40	3300.0	61.342	0.016302	6.5916	7.6108	29.337	40.015	79.853	2403.9	-0.00021186	7.4812e-05	0.11975	liquid
279.47	3300.0	61.328	0.016306	6.5967	7.6161	29.356	40.015	79.864	2402.8	-0.00020664	7.4765e-05	0.11970	liquid
279.53	3300.0	61.314	0.016309	6.6018	7.6214	29.375	40.014	79.874	2401.7	-0.00020142	7.4718e-05	0.11964	liquid
279.60	3300.0	61.300	0.016313	6.6069	7.6268	29.394	40.014	79.885	2400.7	-0.00019618	7.4672e-05	0.11958	liquid
279.67	3300.0	61.286	0.016317	6.6120	7.6321	29.413	40.013	79.895	2399.6	-0.00019094	7.4625e-05	0.11952	liquid
279.73	3300.0	61.271	0.016321	6.6171	7.6374	29.432	40.013	79.906	2398.5	-0.00018570	7.4579e-05	0.11946	liquid
279.80	3300.0	61.257	0.016325	6.6222	7.6427	29.451	40.012	79.917	2397.5	-0.00018044	7.4532e-05	0.11940	liquid
279.87	3300.0	61.243	0.016328	6.6273	7.6481	29.470	40.012	79.927	2396.4	-0.00017518	7.4486e-05	0.11935	liquid
279.93	3300.0	61.229	0.016332	6.6324	7.6534	29.489	40.011	79.938	2395.3	-0.00016991	7.4439e-05	0.11929	liquid
280.00	3300.0	61.215	0.016336	6.6375	7.6587	29.509	40.011	79.949	2394.2	-0.00016464	7.4393e-05	0.11923	liquid
280.07	3300.0	61.200	0.016340	6.6426	7.6640	29.528	40.010	79.959	2393.2	-0.00015936	7.4346e-05	0.11917	liquid
280.13	3300.0	61.186	0.016344	6.6476	7.6694	29.547	40.010	79.970	2392.1	-0.00015407	7.4300e-05	0.11911	liquid
280.20	3300.0	61.172	0.016347	6.6527	7.6747	29.566	40.009	79.981	2391.0	-0.00014877	7.4254e-05	0.11905	liquid
280.27	3300.0	61.158	0.016351	6.6578	7.6800	29.585	40.009	79.991	2390.0	-0.00014347	7.4207e-05	0.11900	liquid
280.33	3300.0	61.143	0.016355	6.6629	7.6854	29.604	40.008	80.002	2388.9	-0.00013816	7.4161e-05	0.11894	liquid
280.40	3300.0	61.129	0.016359	6.6680	7.6907	29.623	40.008	80.013	2387.8	-0.00013284	7.4115e-05	0.11888	liquid
280.47	3300.0	61.115	0.016363	6.6731	7.6960	29.642	40.007	80.024	2386.8	-0.00012752	7.4069e-05	0.11882	liquid
280.53	3300.0	61.101	0.016366	6.6782	7.7014	29.661	40.007	80.034	2385.7	-0.00012218	7.4022e-05	0.11876	liquid
280.60	3300.0	61.086	0.016370	6.6833	7.7067	29.680	40.006	80.045	2384.6	-0.00011685	7.3976e-05	0.11871	liquid
280.67	3300.0	61.072	0.016374	6.6884	7.7121	29.699	40.006	80.056	2383.6	-0.00011150	7.3930e-05	0.11865	liquid
280.73	3300.0	61.058	0.016378	6.6935	7.7174	29.718	40.005	80.067	2382.5	-0.00010615	7.3884e-05	0.11859	liquid
280.80	3300.0	61.043	0.016382	6.6986	7.7227	29.737	40.005	80.077	2381.4	-0.00010079	7.3838e-05	0.11853	liquid
280.87	3300.0	61.029	0.016386	6.7037	7.7281	29.756	40.004	80.088	2380.4	-9.5423e-05	7.3792e-05	0.11847	liquid
280.93	3300.0	61.015	0.016389	6.7088	7.7334	29.775	40.004	80.099	2379.3	-9.0050e-05	7.3746e-05	0.11842	liquid
281.00	3300.0	61.001	0.016393	6.7139	7.7387	29.794	40.003	80.110	2378.2	-8.4669e-05	7.3700e-05	0.11836	liquid
281.07	3300.0	60.986	0.016397	6.7190	7.7441	29.813	40.003	80.121	2377.2	-7.9281e-05	7.3654e-05	0.11830	liquid
281.13	3300.0	60.972	0.016401	6.7241	7.7494	29.832	40.002	80.132	2376.1	-7.3887e-05	7.3608e-05	0.11824	liquid
281.20	3300.0	60.958	0.016405	6.7292	7.7548	29.851	40.002	80.142	2375.0	-6.8485e-05	7.3563e-05	0.11818	liquid
281.27	3300.0	60.943	0.016409	6.7343	7.7601	29.870	40.001	80.153	2374.0	-6.3075e-05	7.3517e-05	0.11813	liquid
281.33	3300.0	60.929	0.016413	6.7394	7.7655	29.889	40.001	80.164	2372.9	-5.7659e-05	7.3471e-05	0.11807	liquid
281.40	3300.0	60.915	0.016416	6.7445	7.7708	29.908	40.000	80.175	2371.9	-5.2235e-05	7.3425e-05	0.11801	liquid
281.47	3300.0	60.900	0.016420	6.7496	7.7761	29.927	40.000	80.186	2370.8	-4.6805e-05	7.3379e-05	0.11795	liquid
281.53	3300.0	60.886	0.016424	6.7547	7.7815	29.946	39.999	80.197	2369.7	-4.1367e-05	7.3334e-05	0.11789	liquid
281.60	3300.0	60.872	0.016428	6.7598	7.7868	29.965	39.999	80.208	2368.7	-3.5921e-05	7.3288e-05	0.11784	liquid
281.67	3300.0	60.857	0.016432	6.7649	7.7922	29.984	39.998	80.219	2367.6	-3.0469e-05	7.3243e-05	0.11778	liquid
281.73	3300.0	60.843	0.016436	6.7700	7.7975	30.003	39.998	80.230	2366.5	-2.5009e-05	7.3197e-05	0.11772	liquid
281.80	3300.0	60.829	0.016440	6.7751	7.8029	30.022	39.997	80.241	2365.5	-1.9543e-05	7.3151e-05	0.11766	liquid
281.87	3300.0	60.814	0.016443	6.7803	7.8082	30.041	39.997	80.252	2364.4	-1.4068e-05	7.3106e-05	0.11760	liquid
281.93	3300.0	60.800	0.016447	6.7854	7.8136	30.060	39.996	80.263	2363.3	-8.5870e-06	7.3060e-05	0.11755	liquid
282.00	3300.0	60.786	0.016451	6.7905	7.8189	30.079	39.996	80.274	2362.3	-3.0983e-06	7.3015e-05	0.11749	liquid
282.07	3300.0	60.771	0.016455	6.7956	7.8243	30.098	39.995	80.285	2361.2	2.3976e-06	7.2969e-05	0.11743	liquid
282.13	3300.0	60.757	0.016459	6.8007	7.8296	30.117	39.995	80.296	2360.1	7.9009e-06	7.2924e-05	0.11737	liquid
282.20	3300.0	60.743	0.016463	6.8058	7.8350	30.136	39.994	80.307	2359.1	1.3412e-05	7.2879e-05	0.11732	liquid
282.27	3300.0	60.728	0.016467	6.8109	7.8404	30.155	39.994	80.318	2358.0	1.8929e-05	7.2833e-05	0.11726	liquid
282.33	3300.0	60.714	0.016471	6.8160	7.8457	30.174	39.993	80.329	2356.9	2.4455e-05	7.2788e-05	0.11720	liquid
282.40	3300.0	60.699	0.016475	6.8211	7.8511	30.193	39.993	80.340	2355.9	2.9987e-05	7.2743e-05	0.11714	liquid
282.47	3300.0	60.685	0.016479	6.8262	7.8564	30.212	39.992	80.351	2354.8	3.5527e-05	7.2697e-05	0.11709	liquid
282.53	3300.0	60.671	0.016482	6.8314	7.8618	30.230	39.992	80.362	2353.8	4.1075e-05	7.2652e-05	0.11703	liquid
282.60	3300.0	60.656	0.016486	6.8365	7.8671	30.249	39.991	80.374	2352.7	4.6629e-05	7.2607e-05	0.11697	liquid
282.67	3300.0	60.642	0.016490	6.8416	7.8725	30.268	39.991	80.385	2351.6	5.2192e-05	7.2562e-05	0.11691	liquid
282.73	3300.0	60.627	0.016494	6.8467	7.8779	30.287	39.990	80.396	2350.6	5.7761e-05	7.2517e-05	0.11685	liquid
282.80	3300.0	60.613	0.016498	6.8518	7.8832	30.306	39.990	80.407	2349.5	6.3338e-05	7.2472e-05	0.11680	liquid
282.87	3300.0	60.599	0.016502	6.8569	7.8886	30.325	39.990	80.418	2348.4	6.8922e-05	7.2426e-05	0.11674	liquid
282.93	3300.0	60.584	0.016506	6.8620	7.8939	30.344	39.989	80.429	2347.4	7.4514e-05	7.2381e-05	0.11668	liquid
283.00	3300.0	60.570	0.016510	6.8672	7.8993	30.363	39.989	80.441	2346.3	8.0114e-05	7.2336e-05	0.11662	liquid
283.07	3300.0	60.555	0.016514	6.8723	7.9047	30.382	39.988	80.452	2345.2	8.5720e-05	7.2291e-05	0.11657	liquid
283.13	3300.0	60.541	0.016518	6.8774	7.9100	30.401	39.988	80.463	2344.2	9.1335e-05	7.2246e-05	0.11651	liquid
283.20	3300.0	60.526	0.016522	6.8825	7.9154	30.420	39.987	80.474	2343.1	9.6956e-05	7.2201e-05	0.11645	liquid
283.27	3300.0	60.512	0.016526	6.8876	7.9208	30.439	39.987	80.486	2342.1	0.00010259	7.2157e-05	0.11639	liquid
283.33	3300.0	60.497	0.016530	6.8928	7.9261	30.458	39.986	80.497	2341.0	0.00010822	7.2112e-05	0.11634	liquid
283.40	3300.0	60.483	0.016534	6.8979	7.9315	30.477	39.986	80.508	2339.9	0.00011387	7.2067e-05	0.11628	liquid
283.47	3300.0	60.469	0.016538	6.9030	7.9369	30.496	39.985	80.519	2338.9	0.00011952	7.2022e-05	0.11622	liquid
283.53	3300.0	60.454	0.016541	6.9081	7.9422	30.515	39.985	80.531	2337.8	0.00012518	7.1977e-05	0.11617	liquid
283.60	3300.0	60.440	0.016545	6.9132	7.9476	30.534	39.985	80.542	2336.7	0.00013084	7.1933e-05	0.11611	liquid
283.67	3300.0	60.425	0.016549	6.9184	7.9530	30.553	39.984	80.553	2335.7	0.00013652	7.1888e-05	0.11605	liquid
283.73	3300.0	60.411	0.016553	6.9235	7.9583	30.572	39.984	80.565	2334.6	0.00014220	7.1843e-05	0.11599	liquid
283.80	3300.0	60.396	0.016557	6.9286	7.9637	30.590	39.983	80.576	2333.6	0.00014789	7.1798e-05	0.11594	liquid
283.87	3300.0	60.382	0.016561	6.9337	7.9691	30.609	39.983	80.587	2332.5	0.00015359	7.1754e-05	0.11588	liquid
283.93	3300.0	60.367	0.016565	6.9389	7.9744	30.628	39.982	80.599	2331.4	0.00015929	7.1709e-05	0.11582	liquid
284.00	3300.0	60.353	0.016569	6.9440	7.9798	30.647	39.982	80.610	2330.4	0.00016501	7.1665e-05	0.11576	liquid
284.07	3300.0	60.338	0.016573	6.9491	7.9852	30.666	39.981	80.621	2329.3	0.00017073	7.1620e-05	0.11571	liquid
284.13	3300.0	60.324	0.016577	6.9542	7.9906	30.685	39.981	80.633	2328.3	0.00017645	7.1576e-05	0.11565	liquid
284.20	3300.0	60.309	0.016581	6.9594	7.9959	30.704	39.981	80.644	2327.2	0.00018219	7.1531e-05	0.11559	liquid
284.27	3300.0	60.295	0.016585	6.9645	8.0013	30.723	39.980	80.656	2326.1	0.00018793	7.1487e-05	0.11554	liquid
284.33	3300.0	60.280	0.016589	6.9696	8.0067	30.742	39.980	80.667	2325.1	0.00019368	7.1442e-05	0.11548	liquid
284.40	3300.0	60.266	0.016593	6.9747	8.0121	30.761	39.979	80.678	2324.0	0.00019944	7.1398e-05	0.11542	liquid
284.47	3300.0	60.251	0.016597	6.9799	8.0175	30.780	39.979	80.690	2322.9	0.00020521	7.1353e-05	0.11536	liquid
284.53	3300.0	60.237	0.016601	6.9850	8.0228	30.799	39.978	80.701	2321.9	0.00021098	7.1309e-05	0.11531	liquid
284.60	3300.0	60.222	0.016605	6.9901	8.0282	30.817	39.978	80.713	2320.8	0.00021676	7.1265e-05	0.11525	liquid
284.67	3300.0	60.207	0.016609	6.9953	8.0336	30.836	39.978	80.724	2319.8	0.00022255	7.1221e-05	0.11519	liquid
284.73	3300.0	60.193	0.016613	7.0004	8.0390	30.855	39.977	80.736	2318.7	0.00022835	7.1176e-05	0.11514	liquid
284.80	3300.0	60.178	0.016617	7.0055	8.0444	30.874	39.977	80.747	2317.6	0.00023416	7.1132e-05	0.11508	liquid
284.87	3300.0	60.164	0.016621	7.0107	8.0497	30.893	39.976	80.759	2316.6	0.00023997	7.1088e-05	0.11502	liquid
284.93	3300.0	60.149	0.016625	7.0158	8.0551	30.912	39.976	80.771	2315.5	0.00024579	7.1044e-05	0.11496	liquid
285.00	3300.0	60.135	0.016629	7.0209	8.0605	30.931	39.975	80.782	2314.5	0.00025162	7.1000e-05	0.11491	liquid
285.07	3300.0	60.120	0.016633	7.0261	8.0659	30.950	39.975	80.794	2313.4	0.00025745	7.0955e-05	0.11485	liquid
285.13	3300.0	60.105	0.016637	7.0312	8.0713	30.969	39.975	80.805	2312.3	0.00026330	7.0911e-05	0.11479	liquid
285.20	3300.0	60.091	0.016641	7.0363	8.0767	30.988	39.974	80.817	2311.3	0.00026915	7.0867e-05	0.11474	liquid
285.27	3300.0	60.076	0.016645	7.0415	8.0821	31.006	39.974	80.828	2310.2	0.00027501	7.0823e-05	0.11468	liquid
285.33	3300.0	60.062	0.016650	7.0466	8.0875	31.025	39.973	80.840	2309.2	0.00028088	7.0779e-05	0.11462	liquid
285.40	3300.0	60.047	0.016654	7.0517	8.0928	31.044	39.973	80.852	2308.1	0.00028675	7.0735e-05	0.11457	liquid
285.47	3300.0	60.033	0.016658	7.0569	8.0982	31.063	39.972	80.863	2307.0	0.00029264	7.0691e-05	0.11451	liquid
285.53	3300.0	60.018	0.016662	7.0620	8.1036	31.082	39.972	80.875	2306.0	0.00029853	7.0647e-05	0.11445	liquid
285.60	3300.0	60.003	0.016666	7.0671	8.1090	31.101	39.972	80.887	2304.9	0.00030443	7.0604e-05	0.11440	liquid
285.67	3300.0	59.989	0.016670	7.0723	8.1144	31.120	39.971	80.898	2303.9	0.00031033	7.0560e-05	0.11434	liquid
285.73	3300.0	59.974	0.016674	7.0774	8.1198	31.139	39.971	80.910	2302.8	0.00031625	7.0516e-05	0.11428	liquid
285.80	3300.0	59.959	0.016678	7.0826	8.1252	31.157	39.970	80.922	2301.8	0.00032217	7.0472e-05	0.11422	liquid
285.87	3300.0	59.945	0.016682	7.0877	8.1306	31.176	39.970	80.934	2300.7	0.00032810	7.0428e-05	0.11417	liquid
285.93	3300.0	59.930	0.016686	7.0928	8.1360	31.195	39.970	80.945	2299.6	0.00033404	7.0385e-05	0.11411	liquid
286.00	3300.0	59.916	0.016690	7.0980	8.1414	31.214	39.969	80.957	2298.6	0.00033999	7.0341e-05	0.11405	liquid
286.07	3300.0	59.901	0.016694	7.1031	8.1468	31.233	39.969	80.969	2297.5	0.00034595	7.0297e-05	0.11400	liquid
286.13	3300.0	59.886	0.016698	7.1083	8.1522	31.252	39.968	80.981	2296.5	0.00035191	7.0254e-05	0.11394	liquid
286.20	3300.0	59.872	0.016702	7.1134	8.1576	31.271	39.968	80.992	2295.4	0.00035788	7.0210e-05	0.11388	liquid
286.27	3300.0	59.857	0.016706	7.1186	8.1630	31.290	39.968	81.004	2294.3	0.00036386	7.0166e-05	0.11383	liquid
286.33	3300.0	59.842	0.016711	7.1237	8.1684	31.308	39.967	81.016	2293.3	0.00036985	7.0123e-05	0.11377	liquid
286.40	3300.0	59.828	0.016715	7.1288	8.1738	31.327	39.967	81.028	2292.2	0.00037584	7.0079e-05	0.11371	liquid
286.47	3300.0	59.813	0.016719	7.1340	8.1792	31.346	39.966	81.040	2291.2	0.00038185	7.0036e-05	0.11366	liquid
286.53	3300.0	59.798	0.016723	7.1391	8.1846	31.365	39.966	81.051	2290.1	0.00038786	6.9992e-05	0.11360	liquid
286.60	3300.0	59.784	0.016727	7.1443	8.1900	31.384	39.966	81.063	2289.1	0.00039388	6.9949e-05	0.11354	liquid
286.67	3300.0	59.769	0.016731	7.1494	8.1954	31.403	39.965	81.075	2288.0	0.00039991	6.9905e-05	0.11349	liquid
286.73	3300.0	59.754	0.016735	7.1546	8.2008	31.422	39.965	81.087	2286.9	0.00040594	6.9862e-05	0.11343	liquid
286.80	3300.0	59.740	0.016739	7.1597	8.2062	31.440	39.964	81.099	2285.9	0.00041199	6.9819e-05	0.11337	liquid
286.87	3300.0	59.725	0.016743	7.1649	8.2116	31.459	39.964	81.111	2284.8	0.00041804	6.9775e-05	0.11332	liquid
286.93	3300.0	59.710	0.016748	7.1700	8.2170	31.478	39.964	81.123	2283.8	0.00042410	6.9732e-05	0.11326	liquid
287.00	3300.0	59.695	0.016752	7.1752	8.2224	31.497	39.963	81.135	2282.7	0.00043017	6.9689e-05	0.11321	liquid
287.07	3300.0	59.681	0.016756	7.1803	8.2278	31.516	39.963	81.147	2281.7	0.00043624	6.9645e-05	0.11315	liquid
287.13	3300.0	59.666	0.016760	7.1855	8.2333	31.535	39.963	81.159	2280.6	0.00044233	6.9602e-05	0.11309	liquid
287.20	3300.0	59.651	0.016764	7.1906	8.2387	31.554	39.962	81.171	2279.5	0.00044842	6.9559e-05	0.11304	liquid
287.27	3300.0	59.636	0.016768	7.1958	8.2441	31.572	39.962	81.183	2278.5	0.00045452	6.9516e-05	0.11298	liquid
287.33	3300.0	59.622	0.016772	7.2009	8.2495	31.591	39.961	81.195	2277.4	0.00046063	6.9473e-05	0.11292	liquid
287.40	3300.0	59.607	0.016777	7.2061	8.2549	31.610	39.961	81.207	2276.4	0.00046675	6.9429e-05	0.11287	liquid
287.47	3300.0	59.592	0.016781	7.2113	8.2603	31.629	39.961	81.219	2275.3	0.00047288	6.9386e-05	0.11281	liquid
287.53	3300.0	59.578	0.016785	7.2164	8.2657	31.648	39.960	81.231	2274.3	0.00047901	6.9343e-05	0.11275	liquid
287.60	3300.0	59.563	0.016789	7.2216	8.2711	31.667	39.960	81.243	2273.2	0.00048516	6.9300e-05	0.11270	liquid
287.67	3300.0	59.548	0.016793	7.2267	8.2766	31.685	39.960	81.255	2272.1	0.00049131	6.9257e-05	0.11264	liquid
287.73	3300.0	59.533	0.016797	7.2319	8.2820	31.704	39.959	81.267	2271.1	0.00049747	6.9214e-05	0.11259	liquid
287.80	3300.0	59.518	0.016802	7.2370	8.2874	31.723	39.959	81.279	2270.0	0.00050364	6.9171e-05	0.11253	liquid
287.87	3300.0	59.504	0.016806	7.2422	8.2928	31.742	39.958	81.291	2269.0	0.00050981	6.9128e-05	0.11247	liquid
287.93	3300.0	59.489	0.016810	7.2474	8.2982	31.761	39.958	81.303	2267.9	0.00051600	6.9085e-05	0.11242	liquid
288.00	3300.0	59.474	0.016814	7.2525	8.3037	31.780	39.958	81.315	2266.9	0.00052219	6.9042e-05	0.11236	liquid
288.07	3300.0	59.459	0.016818	7.2577	8.3091	31.798	39.957	81.327	2265.8	0.00052839	6.9000e-05	0.11230	liquid
288.13	3300.0	59.445	0.016822	7.2628	8.3145	31.817	39.957	81.340	2264.8	0.00053460	6.8957e-05	0.11225	liquid
288.20	3300.0	59.430	0.016827	7.2680	8.3199	31.836	39.957	81.352	2263.7	0.00054082	6.8914e-05	0.11219	liquid
288.27	3300.0	59.415	0.016831	7.2732	8.3253	31.855	39.956	81.364	2262.6	0.00054705	6.8871e-05	0.11214	liquid
288.33	3300.0	59.400	0.016835	7.2783	8.3308	31.874	39.956	81.376	2261.6	0.00055328	6.8828e-05	0.11208	liquid
288.40	3300.0	59.385	0.016839	7.2835	8.3362	31.892	39.956	81.388	2260.5	0.00055953	6.8786e-05	0.11202	liquid
288.47	3300.0	59.371	0.016843	7.2886	8.3416	31.911	39.955	81.401	2259.5	0.00056578	6.8743e-05	0.11197	liquid
288.53	3300.0	59.356	0.016848	7.2938	8.3471	31.930	39.955	81.413	2258.4	0.00057204	6.8700e-05	0.11191	liquid
288.60	3300.0	59.341	0.016852	7.2990	8.3525	31.949	39.955	81.425	2257.4	0.00057831	6.8658e-05	0.11186	liquid
288.67	3300.0	59.326	0.016856	7.3041	8.3579	31.968	39.954	81.437	2256.3	0.00058459	6.8615e-05	0.11180	liquid
288.73	3300.0	59.311	0.016860	7.3093	8.3633	31.986	39.954	81.450	2255.3	0.00059087	6.8572e-05	0.11174	liquid
288.80	3300.0	59.296	0.016864	7.3145	8.3688	32.005	39.953	81.462	2254.2	0.00059717	6.8530e-05	0.11169	liquid
288.87	3300.0	59.281	0.016869	7.3196	8.3742	32.024	39.953	81.474	2253.2	0.00060347	6.8487e-05	0.11163	liquid
288.93	3300.0	59.267	0.016873	7.3248	8.3796	32.043	39.953	81.486	2252.1	0.00060979	6.8445e-05	0.11158	liquid
289.00	3300.0	59.252	0.016877	7.3300	8.3851	32.062	39.952	81.499	2251.0	0.00061611	6.8402e-05	0.11152	liquid
289.07	3300.0	59.237	0.016881	7.3351	8.3905	32.080	39.952	81.511	2250.0	0.00062244	6.8360e-05	0.11146	liquid
289.13	3300.0	59.222	0.016886	7.3403	8.3959	32.099	39.952	81.523	2248.9	0.00062877	6.8317e-05	0.11141	liquid
289.20	3300.0	59.207	0.016890	7.3455	8.4014	32.118	39.951	81.536	2247.9	0.00063512	6.8275e-05	0.11135	liquid
289.27	3300.0	59.192	0.016894	7.3507	8.4068	32.137	39.951	81.548	2246.8	0.00064148	6.8233e-05	0.11130	liquid
289.33	3300.0	59.177	0.016898	7.3558	8.4122	32.156	39.951	81.561	2245.8	0.00064784	6.8190e-05	0.11124	liquid
289.40	3300.0	59.163	0.016903	7.3610	8.4177	32.174	39.950	81.573	2244.7	0.00065421	6.8148e-05	0.11118	liquid
289.47	3300.0	59.148	0.016907	7.3662	8.4231	32.193	39.950	81.585	2243.7	0.00066059	6.8106e-05	0.11113	liquid
289.53	3300.0	59.133	0.016911	7.3713	8.4286	32.212	39.950	81.598	2242.6	0.00066698	6.8063e-05	0.11107	liquid
289.60	3300.0	59.118	0.016915	7.3765	8.4340	32.231	39.949	81.610	2241.6	0.00067338	6.8021e-05	0.11102	liquid
289.67	3300.0	59.103	0.016920	7.3817	8.4394	32.250	39.949	81.623	2240.5	0.00067979	6.7979e-05	0.11096	liquid
289.73	3300.0	59.088	0.016924	7.3869	8.4449	32.268	39.949	81.635	2239.5	0.00068621	6.7937e-05	0.11091	liquid
289.80	3300.0	59.073	0.016928	7.3920	8.4503	32.287	39.948	81.648	2238.4	0.00069263	6.7894e-05	0.11085	liquid
289.87	3300.0	59.058	0.016932	7.3972	8.4558	32.306	39.948	81.660	2237.4	0.00069906	6.7852e-05	0.11079	liquid
289.93	3300.0	59.043	0.016937	7.4024	8.4612	32.325	39.948	81.673	2236.3	0.00070551	6.7810e-05	0.11074	liquid
290.00	3300.0	59.028	0.016941	7.4076	8.4667	32.344	39.947	81.685	2235.3	0.00071196	6.7768e-05	0.11068	liquid
